t S E I R D
0 9998 0 2 0 0
0.125 9998 0 2 0 0
0.25 9998 0 2 0 0
0.375 9996 2 2 0 0
0.5 9996 2 2 0 0
0.625 9995 3 2 0 0
0.75 9995 3 2 0 0
0.875 9995 3 2 0 0
1 9994 3 3 0 0
1.125 9990 5 5 0 0
1.25 9987 7 6 0 0
1.375 9982 10 8 0 0
1.5 9982 10 8 0 0
1.625 9980 11 9 0 0
1.75 9972 18 10 0 0
1.875 9969 20 11 0 0
2 9965 22 12 1 0
2.125 9963 24 12 1 0
2.25 9960 27 11 2 0
2.375 9958 27 13 2 0
2.5 9956 29 13 2 0
2.625 9950 32 15 3 0
2.75 9944 36 16 4 0
2.875 9940 38 18 4 0
3 9936 39 21 4 0
3.125 9933 38 25 4 0
3.25 9927 42 27 4 0
3.375 9926 40 30 4 0
3.5 9923 40 31 6 0
3.625 9916 43 34 7 0
3.75 9907 49 37 7 0
3.875 9901 52 38 9 0
4 9896 53 42 9 0
4.125 9891 56 43 10 0
4.25 9879 65 44 12 0
4.375 9872 67 46 15 0
4.5 9866 68 51 15 0
4.625 9859 66 60 15 0
4.75 9852 68 63 17 0
4.875 9841 74 68 17 0
5 9828 81 71 20 0
5.125 9814 91 74 21 0
5.25 9795 107 77 21 0
5.375 9782 110 86 22 0
5.5 9769 117 92 22 0
5.625 9751 129 94 26 0
5.75 9739 132 102 27 0
5.875 9696 167 108 29 0
6 9672 178 117 33 0
6.125 9641 199 126 34 0
6.25 9600 228 136 36 0
6.375 9553 263 147 37 0
6.5 9523 283 157 37 0
6.625 9486 305 171 38 0
6.75 9441 331 186 42 0
6.875 9363 390 200 47 0
7 9313 418 215 53 1
7.125 9307 401 234 57 1
7.25 9301 385 251 62 1
7.375 9295 370 266 68 1
7.5 9284 367 276 72 1
7.625 9277 346 299 77 1
7.75 9266 328 321 84 1
7.875 9247 327 330 95 1
8 9233 323 339 104 1
8.125 9222 316 354 107 1
8.25 9202 314 367 115 2
8.375 9197 297 382 122 2
8.5 9187 286 398 127 2
8.625 9179 278 406 135 2
8.75 9177 262 417 142 2
8.875 9174 247 428 149 2
9 9167 243 433 155 2
9.125 9161 241 431 165 2
9.25 9152 233 439 174 2
9.375 9145 222 448 183 2
9.5 9137 217 447 197 2
9.625 9132 213 446 207 2
9.75 9125 207 442 224 2
9.875 9115 200 451 232 2
10 9104 197 455 242 2
10.125 9101 189 453 255 2
10.25 9096 184 458 260 2
10.375 9091 169 461 277 2
10.5 9085 163 465 285 2
10.625 9078 157 473 290 2
10.75 9072 153 470 303 2
10.875 9067 147 477 307 2
11 9064 144 472 318 2
11.125 9057 139 470 332 2
11.25 9052 134 467 345 2
11.375 9042 131 476 349 2
11.5 9037 122 481 358 2
11.625 9031 119 482 366 2
11.75 9025 113 487 373 2
11.875 9015 115 484 384 2
12 9003 123 478 394 2
12.125 8995 122 478 403 2
12.25 8990 120 472 416 2
12.375 8988 113 464 433 2
12.5 8978 115 464 441 2
12.625 8974 113 461 450 2
12.75 8973 106 461 458 2
12.875 8969 103 458 468 2
13 8964 97 463 474 2
13.125 8960 95 463 480 2
13.25 8953 97 456 492 2
13.375 8945 99 452 502 2
13.5 8941 98 448 511 2
13.625 8938 96 444 520 2
13.75 8931 97 443 527 2
13.875 8922 100 439 537 2
14 8918 99 437 544 2
14.125 8916 92 435 555 2
14.25 8913 87 439 559 2
14.375 8908 87 430 573 2
14.5 8902 88 428 580 2
14.625 8900 85 423 590 2
14.75 8897 86 413 602 2
14.875 8890 91 398 619 2
15 8885 91 391 631 2
15.125 8882 89 387 640 2
15.25 8880 89 382 647 2
15.375 8879 78 386 655 2
15.5 8879 73 388 658 2
15.625 8873 76 387 662 2
15.75 8870 77 381 670 2
15.875 8869 74 376 679 2
16 8866 73 373 686 2
16.125 8859 77 367 695 2
16.25 8859 70 369 700 2
16.375 8856 71 360 711 2
16.5 8852 73 349 724 2
16.625 8848 73 343 734 2
16.75 8845 71 337 745 2
16.875 8841 69 336 752 2
17 8838 65 337 758 2
17.125 8835 64 340 759 2
17.25 8833 62 335 768 2
17.375 8829 59 334 776 2
17.5 8828 58 327 785 2
17.625 8825 59 323 791 2
17.75 8821 61 315 801 2
17.875 8817 62 314 805 2
18 8815 62 309 812 2
18.125 8813 62 305 818 2
18.25 8812 59 305 822 2
18.375 8811 56 297 834 2
18.5 8808 58 291 841 2
18.625 8806 55 291 845 3
18.75 8806 54 287 850 3
18.875 8805 53 287 852 3
19 8804 52 283 858 3
19.125 8804 50 275 868 3
19.25 8802 49 270 876 3
19.375 8800 48 269 880 3
19.5 8797 48 267 885 3
19.625 8797 46 260 894 3
19.75 8797 43 255 902 3
19.875 8794 45 252 906 3
20 8792 44 247 914 3
20.125 8792 38 250 917 3
20.25 8791 37 243 926 3
20.375 8789 35 245 928 3
20.5 8788 33 245 931 3
20.625 8787 31 242 937 3
20.75 8787 28 241 941 3
20.875 8786 28 238 945 3
21 8785 24 238 950 3
21.125 8782 27 234 954 3
21.25 8780 29 229 959 3
21.375 8776 31 225 965 3
21.5 8776 30 219 972 3
21.625 8774 32 215 976 3
21.75 8773 32 211 981 3
21.875 8773 30 211 983 3
22 8772 31 205 989 3
22.125 8771 31 198 997 3
22.25 8770 29 199 999 3
22.375 8769 27 201 1000 3
22.5 8769 25 200 1003 3
22.625 8769 23 193 1012 3
22.75 8769 20 195 1013 3
22.875 8768 18 195 1016 3
23 8768 17 191 1021 3
23.125 8765 20 184 1028 3
23.25 8765 19 182 1031 3
23.375 8765 17 182 1033 3
23.5 8765 14 181 1037 3
23.625 8765 13 180 1039 3
23.75 8765 12 179 1041 3
23.875 8765 11 180 1041 3
24 8764 10 181 1042 3
24.125 8764 10 179 1044 3
24.25 8764 10 174 1049 3
24.375 8764 10 171 1052 3
24.5 8764 9 169 1055 3
24.625 8763 8 168 1058 3
24.75 8761 10 162 1064 3
24.875 8761 9 157 1070 3
25 8761 9 154 1073 3
25.125 8759 11 152 1075 3
25.25 8759 11 148 1079 3
25.375 8758 12 147 1080 3
25.5 8757 12 146 1082 3
25.625 8755 14 145 1083 3
25.75 8752 16 145 1084 3
25.875 8751 17 141 1088 3
26 8751 15 142 1089 3
26.125 8749 16 139 1093 3
26.25 8749 16 137 1095 3
26.375 8748 16 137 1096 3
26.5 8747 16 134 1100 3
26.625 8747 15 133 1102 3
26.75 8747 14 132 1104 3
26.875 8745 15 128 1109 3
27 8745 15 127 1110 3
27.125 8745 15 125 1112 3
27.25 8744 14 121 1118 3
27.375 8743 14 119 1121 3
27.5 8743 14 115 1125 3
27.625 8742 15 111 1129 3
27.75 8741 13 109 1134 3
27.875 8740 13 109 1135 3
28 8740 13 109 1135 3
28.125 8740 13 106 1138 3
28.25 8740 13 105 1139 3
28.375 8740 13 102 1142 3
28.5 8739 12 103 1143 3
28.625 8738 13 101 1145 3
28.75 8737 13 101 1146 3
28.875 8736 14 101 1146 3
29 8735 14 101 1147 3
29.125 8734 14 97 1152 3
29.25 8734 13 96 1154 3
29.375 8733 14 95 1155 3
29.5 8733 10 99 1155 3
29.625 8732 10 95 1160 3
29.75 8730 12 90 1165 3
29.875 8730 11 89 1167 3
30 8730 11 89 1167 3
30.125 8729 12 88 1168 3
30.25 8728 12 86 1171 3
30.375 8727 12 86 1172 3
30.5 8727 10 88 1172 3
30.625 8726 11 84 1176 3
30.75 8725 11 83 1178 3
30.875 8724 10 81 1182 3
31 8722 11 79 1185 3
31.125 8722 10 79 1186 3
31.25 8722 10 79 1186 3
31.375 8722 8 78 1189 3
31.5 8722 8 77 1190 3
31.625 8721 8 78 1190 3
31.75 8719 10 78 1190 3
31.875 8719 10 77 1191 3
32 8719 9 76 1193 3
32.125 8719 8 75 1195 3
32.25 8718 9 74 1196 3
32.375 8718 9 73 1197 3
32.5 8718 7 74 1198 3
32.625 8717 7 73 1200 3
32.75 8717 6 70 1204 3
32.875 8716 7 69 1205 3
33 8716 6 68 1207 3
33.125 8715 7 67 1208 3
33.25 8715 6 66 1210 3
33.375 8715 6 63 1212 4
33.5 8715 6 61 1214 4
33.625 8714 7 61 1214 4
33.75 8714 7 61 1214 4
33.875 8714 7 61 1214 4
34 8714 7 58 1217 4
34.125 8714 6 58 1218 4
34.25 8714 6 55 1221 4
34.375 8714 6 55 1221 4
34.5 8714 6 54 1222 4
34.625 8714 5 54 1223 4
34.75 8714 5 54 1223 4
34.875 8713 6 53 1224 4
35 8712 7 50 1227 4
35.125 8712 6 51 1227 4
35.25 8712 6 50 1228 4
35.375 8711 7 49 1229 4
35.5 8711 7 48 1230 4
35.625 8711 6 48 1231 4
35.75 8711 6 47 1232 4
35.875 8711 6 46 1233 4
36 8710 7 46 1233 4
36.125 8709 8 45 1234 4
36.25 8709 8 42 1237 4
36.375 8709 8 42 1237 4
36.5 8709 8 41 1238 4
36.625 8709 8 40 1239 4
36.75 8708 9 39 1240 4
36.875 8708 8 40 1240 4
37 8708 7 40 1241 4
37.125 8708 7 40 1241 4
37.25 8708 7 39 1242 4
37.375 8708 5 41 1242 4
37.5 8708 5 39 1244 4
37.625 8708 5 39 1244 4
37.75 8708 5 39 1244 4
37.875 8708 5 39 1244 4
38 8708 5 39 1244 4
38.125 8708 5 37 1246 4
38.25 8708 5 36 1247 4
38.375 8708 5 36 1247 4
38.5 8708 5 35 1248 4
38.625 8708 4 35 1249 4
38.75 8708 4 35 1249 4
38.875 8708 4 35 1249 4
39 8708 4 35 1249 4
39.125 8708 4 35 1249 4
39.25 8708 4 35 1249 4
39.375 8708 1 38 1249 4
39.5 8708 1 37 1250 4
39.625 8708 1 37 1250 4
39.75 8708 0 38 1250 4
39.875 8707 1 38 1250 4
40 8707 0 39 1250 4
40.125 8707 0 37 1252 4
40.25 8706 1 35 1254 4
40.375 8706 1 32 1257 4
40.5 8706 1 32 1257 4
40.625 8706 1 31 1258 4
40.75 8706 1 31 1258 4
40.875 8706 1 31 1258 4
41 8706 1 31 1258 4
41.125 8706 1 31 1258 4
41.25 8705 2 31 1258 4
41.375 8705 2 31 1258 4
41.5 8705 2 30 1259 4
41.625 8705 1 31 1259 4
41.75 8705 1 30 1260 4
41.875 8705 1 29 1261 4
42 8705 1 28 1262 4
42.125 8705 1 28 1262 4
42.25 8704 1 28 1263 4
42.375 8704 1 26 1265 4
42.5 8704 1 26 1265 4
42.625 8704 1 25 1266 4
42.75 8704 0 26 1266 4
42.875 8704 0 26 1266 4
43 8704 0 26 1266 4
43.125 8704 0 25 1267 4
43.25 8704 0 25 1267 4
43.375 8704 0 25 1267 4
43.5 8704 0 25 1267 4
43.625 8704 0 25 1267 4
43.75 8704 0 25 1267 4
43.875 8704 0 23 1269 4
44 8703 1 22 1270 4
44.125 8703 1 21 1271 4
44.25 8703 1 21 1271 4
44.375 8703 1 21 1271 4
44.5 8703 1 21 1271 4
44.625 8703 1 21 1271 4
44.75 8703 0 21 1272 4
44.875 8703 0 20 1273 4
45 8703 0 19 1274 4
45.125 8702 1 18 1275 4
45.25 8702 1 18 1275 4
45.375 8702 1 18 1275 4
45.5 8702 1 18 1275 4
45.625 8702 1 18 1275 4
45.75 8702 1 18 1275 4
45.875 8702 1 17 1276 4
46 8702 1 17 1276 4
46.125 8702 1 16 1277 4
46.25 8702 1 16 1277 4
46.375 8702 1 15 1278 4
46.5 8702 1 15 1278 4
46.625 8702 1 14 1279 4
46.75 8702 1 14 1279 4
46.875 8702 1 14 1279 4
47 8702 0 14 1280 4
47.125 8702 0 14 1280 4
47.25 8702 0 14 1280 4
47.375 8702 0 13 1281 4
47.5 8702 0 13 1281 4
47.625 8702 0 13 1281 4
47.75 8702 0 12 1282 4
47.875 8702 0 11 1283 4
48 8702 0 10 1284 4
48.125 8702 0 9 1285 4
48.25 8702 0 9 1285 4
48.375 8702 0 8 1286 4
48.5 8702 0 8 1286 4
48.625 8702 0 8 1286 4
48.75 8702 0 7 1287 4
48.875 8702 0 6 1288 4
49 8702 0 6 1288 4
49.125 8702 0 6 1288 4
49.25 8702 0 6 1288 4
49.375 8702 0 6 1288 4
49.5 8702 0 6 1288 4
49.625 8702 0 6 1288 4
49.75 8702 0 6 1288 4
49.875 8702 0 6 1288 4
50 8702 0 5 1289 4
50.125 8702 0 5 1289 4
50.25 8702 0 5 1289 4
50.375 8702 0 5 1289 4
50.5 8702 0 5 1289 4
50.625 8702 0 5 1289 4
50.75 8702 0 5 1289 4
50.875 8702 0 5 1289 4
51 8702 0 5 1289 4
51.125 8702 0 4 1290 4
51.25 8702 0 4 1290 4
51.375 8702 0 4 1290 4
51.5 8702 0 4 1290 4
51.625 8702 0 4 1290 4
51.75 8702 0 4 1290 4
51.875 8702 0 4 1290 4
52 8702 0 3 1291 4
52.125 8702 0 3 1291 4
52.25 8702 0 3 1291 4
52.375 8702 0 3 1291 4
52.5 8702 0 3 1291 4
52.625 8702 0 3 1291 4
52.75 8702 0 3 1291 4
52.875 8702 0 3 1291 4
53 8702 0 3 1291 4
53.125 8702 0 3 1291 4
53.25 8702 0 3 1291 4
53.375 8702 0 3 1291 4
53.5 8702 0 3 1291 4
53.625 8702 0 1 1293 4
53.75 8702 0 1 1293 4
53.875 8702 0 1 1293 4
54 8702 0 1 1293 4
54.125 8702 0 1 1293 4
54.25 8702 0 1 1293 4
54.375 8702 0 1 1293 4
54.5 8702 0 1 1293 4
54.625 8702 0 1 1293 4
54.75 8702 0 1 1293 4
54.875 8702 0 1 1293 4
55 8702 0 1 1293 4
55.125 8702 0 1 1293 4
55.25 8702 0 1 1293 4
55.375 8702 0 1 1293 4
55.5 8702 0 1 1293 4
55.625 8702 0 1 1293 4
55.75 8702 0 1 1293 4
55.875 8701 1 1 1293 4
56 8701 1 1 1293 4
56.125 8701 1 1 1293 4
56.25 8701 1 1 1293 4
56.375 8701 1 1 1293 4
56.5 8701 1 1 1293 4
56.625 8701 1 1 1293 4
56.75 8701 0 2 1293 4
56.875 8701 0 2 1293 4
57 8701 0 2 1293 4
57.125 8701 0 2 1293 4
57.25 8701 0 2 1293 4
57.375 8701 0 2 1293 4
57.5 8701 0 2 1293 4
57.625 8701 0 2 1293 4
57.75 8701 0 1 1294 4
57.875 8701 0 1 1294 4
58 8701 0 1 1294 4
58.125 8701 0 1 1294 4
58.25 8701 0 1 1294 4
58.375 8701 0 1 1294 4
58.5 8701 0 1 1294 4
58.625 8701 0 1 1294 4
58.75 8701 0 1 1294 4
58.875 8701 0 1 1294 4
59 8701 0 1 1294 4
59.125 8701 0 1 1294 4
59.25 8701 0 1 1294 4
59.375 8701 0 1 1294 4
59.5 8701 0 1 1294 4
59.625 8701 0 1 1294 4
59.75 8701 0 1 1294 4
59.875 8701 0 1 1294 4
60 8701 0 1 1294 4
60.125 8701 0 1 1294 4
60.25 8701 0 1 1294 4
60.375 8701 0 1 1294 4
60.5 8701 0 1 1294 4
60.625 8701 0 1 1294 4
60.75 8701 0 1 1294 4
60.875 8701 0 1 1294 4
61 8701 0 1 1294 4
61.125 8701 0 1 1294 4
61.25 8701 0 1 1294 4
61.375 8701 0 1 1294 4
61.5 8701 0 1 1294 4
61.625 8701 0 1 1294 4
61.75 8701 0 1 1294 4
61.875 8701 0 1 1294 4
62 8701 0 1 1294 4
62.125 8701 0 1 1294 4
62.25 8701 0 1 1294 4
62.375 8701 0 1 1294 4
62.5 8701 0 1 1294 4
62.625 8701 0 1 1294 4
62.75 8701 0 1 1294 4
62.875 8701 0 1 1294 4
63 8701 0 1 1294 4
63.125 8701 0 1 1294 4
63.25 8701 0 1 1294 4
63.375 8701 0 1 1294 4
63.5 8701 0 1 1294 4
63.625 8701 0 1 1294 4
63.75 8701 0 1 1294 4
63.875 8701 0 1 1294 4
64 8701 0 1 1294 4
64.125 8701 0 1 1294 4
64.25 8701 0 1 1294 4
64.375 8701 0 1 1294 4
64.5 8701 0 1 1294 4
64.625 8701 0 1 1294 4
64.75 8701 0 1 1294 4
64.875 8701 0 1 1294 4
65 8701 0 1 1294 4
65.125 8701 0 1 1294 4
65.25 8701 0 1 1294 4
65.375 8701 0 1 1294 4
65.5 8701 0 1 1294 4
65.625 8701 0 1 1294 4
65.75 8701 0 1 1294 4
65.875 8701 0 1 1294 4
66 8701 0 1 1294 4
66.125 8701 0 1 1294 4
66.25 8701 0 1 1294 4
66.375 8701 0 1 1294 4
66.5 8701 0 1 1294 4
66.625 8700 1 1 1294 4
66.75 8700 1 1 1294 4
66.875 8700 1 1 1294 4
67 8700 1 1 1294 4
67.125 8700 1 1 1294 4
67.25 8700 1 1 1294 4
67.375 8700 1 1 1294 4
67.5 8700 1 1 1294 4
67.625 8700 1 1 1294 4
67.75 8700 1 1 1294 4
67.875 8700 1 1 1294 4
68 8700 1 1 1294 4
68.125 8700 1 1 1294 4
68.25 8700 1 1 1294 4
68.375 8700 1 1 1294 4
68.5 8700 1 1 1294 4
68.625 8700 1 1 1294 4
68.75 8700 1 1 1294 4
68.875 8700 1 1 1294 4
69 8700 1 1 1294 4
69.125 8700 1 1 1294 4
69.25 8700 1 1 1294 4
69.375 8700 1 1 1294 4
69.5 8700 1 1 1294 4
69.625 8700 1 1 1294 4
69.75 8700 1 1 1294 4
69.875 8700 1 1 1294 4
70 8700 1 1 1294 4
70.125 8700 1 1 1294 4
70.25 8700 1 1 1294 4
70.375 8700 1 1 1294 4
70.5 8700 1 1 1294 4
70.625 8700 1 1 1294 4
70.75 8700 1 1 1294 4
70.875 8700 1 1 1294 4
71 8700 1 1 1294 4
71.125 8700 1 1 1294 4
71.25 8700 1 1 1294 4
71.375 8700 1 1 1294 4
71.5 8700 1 1 1294 4
71.625 8700 1 1 1294 4
71.75 8700 1 1 1294 4
71.875 8700 1 1 1294 4
72 8700 1 0 1295 4
72.125 8700 1 0 1295 4
72.25 8700 1 0 1295 4
72.375 8700 1 0 1295 4
72.5 8700 1 0 1295 4
72.625 8700 1 0 1295 4
72.75 8700 1 0 1295 4
72.875 8700 1 0 1295 4
73 8700 1 0 1295 4
73.125 8700 1 0 1295 4
73.25 8700 1 0 1295 4
73.375 8700 0 1 1295 4
73.5 8700 0 1 1295 4
73.625 8700 0 1 1295 4
73.75 8700 0 1 1295 4
73.875 8700 0 1 1295 4
74 8700 0 1 1295 4
74.125 8700 0 1 1295 4
74.25 8700 0 1 1295 4
74.375 8700 0 1 1295 4
74.5 8700 0 1 1295 4
74.625 8700 0 1 1295 4
74.75 8700 0 1 1295 4
74.875 8700 0 1 1295 4
75 8700 0 1 1295 4
75.125 8700 0 1 1295 4
75.25 8700 0 1 1295 4
75.375 8700 0 1 1295 4
75.5 8700 0 1 1295 4
75.625 8700 0 1 1295 4
75.75 8700 0 1 1295 4
75.875 8700 0 1 1295 4
76 8700 0 1 1295 4
76.125 8700 0 1 1295 4
76.25 8700 0 1 1295 4
76.375 8700 0 1 1295 4
76.5 8700 0 1 1295 4
76.625 8700 0 1 1295 4
76.75 8700 0 1 1295 4
76.875 8700 0 1 1295 4
77 8700 0 1 1295 4
77.125 8700 0 1 1295 4
77.25 8700 0 1 1295 4
77.375 8700 0 1 1295 4
77.5 8700 0 1 1295 4
77.625 8700 0 1 1295 4
77.75 8700 0 0 1296 4
