t S E I R D
0 9998 0 2 0 0
0.125 9997 1 2 0 0
0.25 9997 1 2 0 0
0.375 9997 1 2 0 0
0.5 9997 1 2 0 0
0.625 9997 1 2 0 0
0.75 9997 1 2 0 0
0.875 9997 0 3 0 0
1 9996 1 3 0 0
1.125 9996 1 3 0 0
1.25 9995 2 3 0 0
1.375 9995 2 3 0 0
1.5 9994 3 2 1 0
1.625 9994 2 3 1 0
1.75 9994 2 3 1 0
1.875 9993 3 3 1 0
2 9992 3 3 2 0
2.125 9992 3 3 2 0
2.25 9992 3 3 2 0
2.375 9992 3 3 2 0
2.5 9992 3 3 2 0
2.625 9992 3 3 2 0
2.75 9992 3 3 2 0
2.875 9992 3 3 2 0
3 9992 3 3 2 0
3.125 9992 2 4 2 0
3.25 9991 3 4 2 0
3.375 9990 4 4 2 0
3.5 9990 3 5 2 0
3.625 9990 3 5 2 0
3.75 9988 5 5 2 0
3.875 9988 5 5 2 0
4 9988 4 6 2 0
4.125 9988 3 7 2 0
4.25 9987 4 7 2 0
4.375 9986 5 7 2 0
4.5 9984 7 7 2 0
4.625 9983 8 7 2 0
4.75 9983 8 7 2 0
4.875 9983 8 7 2 0
5 9983 7 8 2 0
5.125 9981 9 8 2 0
5.25 9980 8 10 2 0
5.375 9979 9 10 2 0
5.5 9979 9 10 2 0
5.625 9979 9 10 2 0
5.75 9979 8 11 2 0
5.875 9977 9 12 2 0
6 9972 14 12 2 0
6.125 9968 16 14 2 0
6.25 9968 16 14 2 0
6.375 9967 15 16 2 0
6.5 9961 21 16 2 0
6.625 9958 24 16 2 0
6.75 9958 24 16 2 0
6.875 9957 25 16 2 0
7 9956 23 19 2 0
7.125 9955 23 18 4 0
7.25 9951 26 19 4 0
7.375 9949 26 21 4 0
7.5 9945 29 22 4 0
7.625 9945 26 25 4 0
7.75 9941 30 25 4 0
7.875 9938 31 27 4 0
8 9935 32 29 4 0
8.125 9931 34 31 4 0
8.25 9928 33 34 5 0
8.375 9923 38 31 8 0
8.5 9921 38 32 9 0
8.625 9917 39 33 11 0
8.75 9915 39 35 11 0
8.875 9913 38 37 12 0
9 9912 39 37 12 0
9.125 9908 40 40 12 0
9.25 9903 42 42 13 0
9.375 9898 42 45 15 0
9.5 9886 52 46 16 0
9.625 9875 58 49 18 0
9.75 9858 72 52 18 0
9.875 9841 83 58 18 0
10 9830 90 61 19 0
10.125 9814 102 64 20 0
10.25 9798 111 69 22 0
10.375 9777 128 70 25 0
10.5 9751 148 76 25 0
10.625 9734 157 83 26 0
10.75 9707 173 94 26 0
10.875 9678 193 103 26 0
11 9645 220 104 31 0
11.125 9618 232 117 33 0
11.25 9578 248 140 34 0
11.375 9539 272 152 37 0
11.5 9498 302 161 39 0
11.625 9455 336 165 44 0
11.75 9417 346 191 46 0
11.875 9371 370 209 50 0
12 9322 390 238 50 0
12.125 9267 418 261 54 0
12.25 9205 453 285 57 0
12.375 9142 487 310 61 0
12.5 9052 549 327 72 0
12.625 8992 570 359 79 0
12.75 8916 609 395 80 0
12.875 8832 655 425 88 0
13 8755 679 468 98 0
13.125 8694 698 498 110 0
13.25 8616 740 527 117 0
13.375 8523 788 561 128 0
13.5 8430 835 597 138 0
13.625 8356 867 624 153 0
13.75 8267 911 655 167 0
13.875 8175 948 696 181 0
14 8085 992 719 204 0
14.125 8005 1012 762 221 0
14.25 7916 1041 807 236 0
14.375 7821 1074 854 251 0
14.5 7737 1077 915 271 0
14.625 7635 1106 967 292 0
14.75 7525 1149 1009 316 1
14.875 7512 1083 1071 333 1
15 7501 1027 1119 352 1
15.125 7493 970 1161 375 1
15.25 7483 918 1200 397 2
15.375 7475 875 1228 420 2
15.5 7470 824 1258 446 2
15.625 7466 786 1276 470 2
15.75 7464 750 1290 494 2
15.875 7459 712 1304 523 2
16 7455 673 1322 548 2
16.125 7450 639 1335 574 2
16.25 7446 602 1349 600 3
16.375 7440 577 1355 624 4
16.5 7437 553 1336 669 5
16.625 7433 522 1343 697 5
16.75 7433 486 1351 725 5
16.875 7429 467 1354 744 6
17 7426 448 1354 765 7
17.125 7425 421 1353 793 8
17.25 7424 395 1355 818 8
17.375 7420 376 1356 840 8
17.5 7420 350 1360 862 8
17.625 7420 327 1356 889 8
17.75 7420 310 1339 922 9
17.875 7420 287 1338 946 9
18 7419 263 1339 970 9
18.125 7417 250 1329 994 10
18.25 7417 231 1321 1021 10
18.375 7416 212 1307 1054 11
18.5 7415 196 1286 1092 11
18.625 7415 184 1262 1128 11
18.75 7413 173 1249 1153 12
18.875 7413 166 1235 1174 12
19 7411 159 1214 1202 14
19.125 7411 151 1185 1238 15
19.25 7411 141 1164 1268 16
19.375 7410 136 1152 1286 16
19.5 7410 125 1148 1301 16
19.625 7410 117 1136 1321 16
19.75 7410 111 1125 1338 16
19.875 7410 104 1116 1353 17
20 7410 101 1095 1377 17
20.125 7409 97 1083 1394 17
20.25 7409 93 1061 1420 17
20.375 7409 84 1056 1434 17
20.5 7409 81 1040 1452 18
20.625 7409 75 1031 1467 18
20.75 7408 69 1018 1487 18
20.875 7407 63 1006 1506 18
21 7407 57 988 1530 18
21.125 7406 54 968 1554 18
21.25 7406 51 952 1572 19
21.375 7406 48 938 1589 19
21.5 7406 46 922 1607 19
21.625 7405 44 908 1624 19
21.75 7405 40 896 1640 19
21.875 7404 36 886 1654 20
22 7404 31 875 1670 20
22.125 7404 31 850 1695 20
22.25 7404 31 834 1711 20
22.375 7404 29 822 1724 21
22.5 7404 29 796 1750 21
22.625 7404 27 789 1759 21
22.75 7404 23 780 1771 22
22.875 7404 20 771 1783 22
23 7404 18 752 1803 23
23.125 7404 18 741 1814 23
23.25 7404 16 729 1828 23
23.375 7404 15 717 1841 23
23.5 7404 13 707 1853 23
23.625 7404 12 697 1864 23
23.75 7404 10 681 1882 23
23.875 7404 10 666 1897 23
24 7404 9 656 1908 23
24.125 7404 9 642 1922 23
24.25 7403 9 628 1937 23
24.375 7403 9 615 1950 23
24.5 7403 9 599 1966 23
24.625 7403 8 592 1974 23
24.75 7403 7 577 1990 23
24.875 7403 6 563 2005 23
25 7402 7 550 2018 23
25.125 7402 6 541 2028 23
25.25 7402 6 528 2041 23
25.375 7402 5 519 2051 23
25.5 7402 5 508 2062 23
25.625 7402 5 498 2072 23
25.75 7402 5 482 2088 23
25.875 7402 5 471 2099 23
26 7402 4 467 2104 23
26.125 7402 4 457 2114 23
26.25 7402 4 449 2122 23
26.375 7402 4 436 2135 23
26.5 7402 4 432 2138 24
26.625 7402 3 427 2144 24
26.75 7401 4 412 2159 24
26.875 7401 4 401 2170 24
27 7401 3 396 2176 24
27.125 7401 3 383 2189 24
27.25 7401 2 367 2206 24
27.375 7401 2 358 2215 24
27.5 7401 1 350 2224 24
27.625 7401 1 342 2232 24
27.75 7401 1 337 2237 24
27.875 7401 1 331 2243 24
28 7401 1 322 2252 24
28.125 7401 1 312 2261 25
28.25 7401 1 303 2270 25
28.375 7401 1 298 2275 25
28.5 7401 0 291 2283 25
28.625 7401 0 280 2294 25
28.75 7401 0 273 2301 25
28.875 7401 0 269 2304 26
29 7400 1 258 2315 26
29.125 7400 0 249 2325 26
29.25 7400 0 242 2332 26
29.375 7400 0 237 2337 26
29.5 7400 0 234 2340 26
29.625 7400 0 227 2347 26
29.75 7400 0 221 2353 26
29.875 7400 0 217 2357 26
30 7400 0 213 2361 26
30.125 7400 0 206 2368 26
30.25 7400 0 200 2374 26
30.375 7400 0 193 2381 26
30.5 7400 0 189 2385 26
30.625 7400 0 186 2388 26
30.75 7400 0 184 2390 26
30.875 7400 0 179 2395 26
31 7400 0 173 2401 26
31.125 7400 0 170 2404 26
31.25 7400 0 163 2411 26
31.375 7400 0 161 2413 26
31.5 7400 0 159 2415 26
31.625 7400 0 155 2419 26
31.75 7400 0 151 2423 26
31.875 7400 0 146 2428 26
32 7400 0 142 2432 26
32.125 7400 0 140 2434 26
32.25 7400 0 138 2436 26
32.375 7400 0 134 2440 26
32.5 7400 0 129 2445 26
32.625 7400 0 124 2450 26
32.75 7400 0 122 2452 26
32.875 7400 0 120 2454 26
33 7400 0 118 2456 26
33.125 7400 0 114 2460 26
33.25 7400 0 113 2461 26
33.375 7400 0 109 2465 26
33.5 7400 0 107 2467 26
33.625 7400 0 105 2469 26
33.75 7400 0 103 2471 26
33.875 7400 0 103 2471 26
34 7400 0 100 2474 26
34.125 7400 0 100 2474 26
34.25 7400 0 98 2476 26
34.375 7400 0 97 2477 26
34.5 7400 0 94 2480 26
34.625 7400 0 93 2481 26
34.75 7400 0 92 2482 26
34.875 7400 0 89 2485 26
35 7400 0 89 2485 26
35.125 7400 0 87 2487 26
35.25 7400 0 85 2489 26
35.375 7400 0 81 2493 26
35.5 7400 0 79 2495 26
35.625 7400 0 78 2496 26
35.75 7400 0 78 2496 26
35.875 7400 0 77 2497 26
36 7400 0 73 2501 26
36.125 7400 0 71 2503 26
36.25 7400 0 68 2506 26
36.375 7400 0 65 2509 26
36.5 7400 0 62 2512 26
36.625 7400 0 62 2512 26
36.75 7400 0 62 2512 26
36.875 7400 0 61 2513 26
37 7400 0 59 2515 26
37.125 7400 0 59 2515 26
37.25 7400 0 59 2515 26
37.375 7400 0 54 2520 26
37.5 7400 0 53 2521 26
37.625 7400 0 53 2521 26
37.75 7400 0 53 2521 26
37.875 7400 0 53 2521 26
38 7400 0 52 2522 26
38.125 7400 0 49 2525 26
38.25 7400 0 48 2526 26
38.375 7400 0 47 2527 26
38.5 7400 0 45 2529 26
38.625 7400 0 45 2529 26
38.75 7400 0 43 2531 26
38.875 7400 0 43 2531 26
39 7400 0 43 2531 26
39.125 7400 0 42 2532 26
39.25 7400 0 39 2535 26
39.375 7400 0 38 2536 26
39.5 7400 0 37 2537 26
39.625 7400 0 37 2537 26
39.75 7400 0 37 2537 26
39.875 7400 0 37 2537 26
40 7400 0 36 2538 26
40.125 7400 0 35 2539 26
40.25 7400 0 34 2540 26
40.375 7400 0 34 2540 26
40.5 7400 0 33 2541 26
40.625 7400 0 32 2542 26
40.75 7400 0 32 2542 26
40.875 7400 0 29 2545 26
41 7400 0 28 2546 26
41.125 7400 0 25 2549 26
41.25 7400 0 24 2550 26
41.375 7400 0 24 2550 26
41.5 7400 0 24 2550 26
41.625 7400 0 24 2550 26
41.75 7400 0 22 2552 26
41.875 7400 0 21 2553 26
42 7400 0 20 2554 26
42.125 7400 0 20 2554 26
42.25 7400 0 20 2554 26
42.375 7400 0 19 2555 26
42.5 7400 0 19 2555 26
42.625 7400 0 19 2555 26
42.75 7400 0 19 2555 26
42.875 7400 0 19 2555 26
43 7400 0 18 2556 26
43.125 7400 0 18 2556 26
43.25 7400 0 18 2556 26
43.375 7400 0 18 2556 26
43.5 7400 0 18 2556 26
43.625 7400 0 16 2558 26
43.75 7400 0 16 2558 26
43.875 7400 0 16 2558 26
44 7400 0 16 2558 26
44.125 7400 0 16 2558 26
44.25 7400 0 15 2559 26
44.375 7400 0 14 2560 26
44.5 7400 0 14 2560 26
44.625 7400 0 14 2560 26
44.75 7400 0 14 2560 26
44.875 7400 0 14 2560 26
45 7400 0 13 2561 26
45.125 7400 0 13 2561 26
45.25 7400 0 13 2561 26
45.375 7400 0 12 2562 26
45.5 7400 0 12 2562 26
45.625 7400 0 12 2562 26
45.75 7400 0 11 2563 26
45.875 7400 0 11 2563 26
46 7400 0 11 2563 26
46.125 7400 0 11 2563 26
46.25 7400 0 11 2563 26
46.375 7400 0 11 2563 26
46.5 7400 0 11 2563 26
46.625 7400 0 11 2563 26
46.75 7400 0 11 2563 26
46.875 7400 0 10 2564 26
47 7400 0 9 2565 26
47.125 7400 0 9 2565 26
47.25 7400 0 9 2565 26
47.375 7400 0 9 2565 26
47.5 7400 0 9 2565 26
47.625 7400 0 9 2565 26
47.75 7400 0 9 2565 26
47.875 7400 0 9 2565 26
48 7400 0 8 2566 26
48.125 7400 0 8 2566 26
48.25 7400 0 8 2566 26
48.375 7400 0 8 2566 26
48.5 7400 0 8 2566 26
48.625 7400 0 8 2566 26
48.75 7400 0 8 2566 26
48.875 7400 0 8 2566 26
49 7400 0 8 2566 26
49.125 7400 0 8 2566 26
49.25 7400 0 8 2566 26
49.375 7400 0 8 2566 26
49.5 7400 0 7 2567 26
49.625 7400 0 7 2567 26
49.75 7400 0 7 2567 26
49.875 7400 0 7 2567 26
50 7400 0 7 2567 26
50.125 7400 0 7 2567 26
50.25 7400 0 6 2568 26
50.375 7400 0 6 2568 26
50.5 7400 0 6 2568 26
50.625 7400 0 6 2568 26
50.75 7400 0 5 2569 26
50.875 7400 0 5 2569 26
51 7400 0 5 2569 26
51.125 7400 0 5 2569 26
51.25 7400 0 5 2569 26
51.375 7400 0 5 2569 26
51.5 7400 0 5 2569 26
51.625 7400 0 5 2569 26
51.75 7400 0 5 2569 26
51.875 7400 0 5 2569 26
52 7400 0 5 2569 26
52.125 7400 0 5 2569 26
52.25 7400 0 5 2569 26
52.375 7400 0 4 2570 26
52.5 7400 0 4 2570 26
52.625 7400 0 4 2570 26
52.75 7400 0 3 2571 26
52.875 7400 0 3 2571 26
53 7400 0 3 2571 26
53.125 7400 0 3 2571 26
53.25 7400 0 3 2571 26
53.375 7400 0 2 2572 26
53.5 7400 0 2 2572 26
53.625 7400 0 2 2572 26
53.75 7400 0 2 2572 26
53.875 7400 0 2 2572 26
54 7400 0 2 2572 26
54.125 7400 0 2 2572 26
54.25 7400 0 2 2572 26
54.375 7400 0 2 2572 26
54.5 7400 0 2 2572 26
54.625 7400 0 2 2572 26
54.75 7400 0 2 2572 26
54.875 7400 0 2 2572 26
55 7400 0 2 2572 26
55.125 7400 0 1 2573 26
55.25 7400 0 1 2573 26
55.375 7400 0 1 2573 26
55.5 7400 0 1 2573 26
55.625 7400 0 1 2573 26
55.75 7400 0 1 2573 26
55.875 7400 0 1 2573 26
56 7400 0 1 2573 26
56.125 7400 0 1 2573 26
56.25 7400 0 1 2573 26
56.375 7400 0 1 2573 26
56.5 7400 0 1 2573 26
56.625 7400 0 1 2573 26
56.75 7400 0 1 2573 26
56.875 7400 0 1 2573 26
57 7400 0 1 2573 26
57.125 7400 0 1 2573 26
57.25 7400 0 1 2573 26
57.375 7400 0 1 2573 26
57.5 7400 0 1 2573 26
57.625 7400 0 1 2573 26
57.75 7400 0 1 2573 26
57.875 7400 0 1 2573 26
58 7400 0 1 2573 26
58.125 7400 0 1 2573 26
58.25 7400 0 1 2573 26
58.375 7400 0 1 2573 26
58.5 7400 0 1 2573 26
58.625 7400 0 1 2573 26
58.75 7400 0 1 2573 26
58.875 7400 0 0 2574 26
