t S E I R D
0 9999 0 1 0 0
0.125 9999 0 1 0 0
0.25 9999 0 1 0 0
0.375 9999 0 1 0 0
0.5 9999 0 1 0 0
0.625 9999 0 1 0 0
0.75 9999 0 1 0 0
0.875 9999 0 1 0 0
1 9999 0 1 0 0
1.125 9999 0 1 0 0
1.25 9999 0 1 0 0
1.375 9999 0 1 0 0
1.5 9999 0 1 0 0
1.625 9999 0 1 0 0
1.75 9999 0 1 0 0
1.875 9999 0 1 0 0
2 9999 0 1 0 0
2.125 9999 0 1 0 0
2.25 9999 0 1 0 0
2.375 9999 0 1 0 0
2.5 9999 0 1 0 0
2.625 9999 0 1 0 0
2.75 9999 0 1 0 0
2.875 9999 0 1 0 0
3 9999 0 1 0 0
3.125 9999 0 1 0 0
3.25 9999 0 1 0 0
3.375 9998 1 1 0 0
3.5 9998 1 1 0 0
3.625 9998 1 1 0 0
3.75 9998 0 2 0 0
3.875 9998 0 2 0 0
4 9998 0 2 0 0
4.125 9998 0 2 0 0
4.25 9998 0 2 0 0
4.375 9998 0 2 0 0
4.5 9998 0 2 0 0
4.625 9998 0 2 0 0
4.75 9998 0 2 0 0
4.875 9998 0 2 0 0
5 9998 0 2 0 0
5.125 9998 0 2 0 0
5.25 9998 0 2 0 0
5.375 9998 0 2 0 0
5.5 9998 0 2 0 0
5.625 9998 0 2 0 0
5.75 9998 0 1 1 0
5.875 9998 0 1 1 0
6 9998 0 1 1 0
6.125 9998 0 1 1 0
6.25 9998 0 1 1 0
6.375 9998 0 1 1 0
6.5 9998 0 1 1 0
6.625 9998 0 1 1 0
6.75 9998 0 1 1 0
6.875 9998 0 1 1 0
7 9998 0 1 1 0
7.125 9998 0 1 1 0
7.25 9998 0 1 1 0
7.375 9998 0 1 1 0
7.5 9998 0 1 1 0
7.625 9998 0 1 1 0
7.75 9998 0 1 1 0
7.875 9998 0 1 1 0
8 9998 0 1 1 0
8.125 9998 0 1 1 0
8.25 9998 0 1 1 0
8.375 9998 0 1 1 0
8.5 9998 0 1 1 0
8.625 9998 0 1 1 0
8.75 9998 0 1 1 0
8.875 9998 0 1 1 0
9 9998 0 1 1 0
9.125 9998 0 1 1 0
9.25 9998 0 1 1 0
9.375 9998 0 1 1 0
9.5 9998 0 1 1 0
9.625 9998 0 1 1 0
9.75 9998 0 1 1 0
9.875 9998 0 1 1 0
10 9998 0 1 1 0
10.125 9998 0 1 1 0
10.25 9998 0 1 1 0
10.375 9998 0 1 1 0
10.5 9998 0 1 1 0
10.625 9998 0 1 1 0
10.75 9998 0 1 1 0
10.875 9998 0 1 1 0
11 9998 0 1 1 0
11.125 9998 0 1 1 0
11.25 9998 0 1 1 0
11.375 9998 0 1 1 0
11.5 9998 0 1 1 0
11.625 9998 0 1 1 0
11.75 9998 0 1 1 0
11.875 9998 0 1 1 0
12 9998 0 1 1 0
12.125 9998 0 1 1 0
12.25 9998 0 1 1 0
12.375 9998 0 1 1 0
12.5 9998 0 1 1 0
12.625 9998 0 1 1 0
12.75 9998 0 1 1 0
12.875 9998 0 1 1 0
13 9998 0 1 1 0
13.125 9998 0 1 1 0
13.25 9998 0 1 1 0
13.375 9997 1 1 1 0
13.5 9997 1 1 1 0
13.625 9997 1 1 1 0
13.75 9997 1 1 1 0
13.875 9997 1 1 1 0
14 9997 1 1 1 0
14.125 9997 1 1 1 0
14.25 9997 0 2 1 0
14.375 9997 0 2 1 0
14.5 9997 0 2 1 0
14.625 9997 0 2 1 0
14.75 9997 0 2 1 0
14.875 9996 1 2 1 0
15 9996 1 2 1 0
15.125 9995 2 2 1 0
15.25 9994 3 2 1 0
15.375 9994 3 2 1 0
15.5 9994 3 2 1 0
15.625 9994 3 2 1 0
15.75 9994 3 2 1 0
15.875 9994 3 2 1 0
16 9994 3 2 1 0
16.125 9993 4 2 1 0
16.25 9993 4 2 1 0
16.375 9993 4 2 1 0
16.5 9993 4 2 1 0
16.625 9993 4 2 1 0
16.75 9993 4 2 1 0
16.875 9993 4 2 1 0
17 9992 4 3 1 0
17.125 9992 4 3 1 0
17.25 9991 5 3 1 0
17.375 9991 5 3 1 0
17.5 9991 5 3 1 0
17.625 9991 5 3 1 0
17.75 9990 6 3 1 0
17.875 9990 4 5 1 0
18 9989 5 5 1 0
18.125 9989 5 5 1 0
18.25 9989 5 5 1 0
18.375 9988 5 5 2 0
18.5 9986 7 5 2 0
18.625 9984 9 5 2 0
18.75 9982 11 5 2 0
18.875 9980 9 8 3 0
19 9975 14 8 3 0
19.125 9966 23 8 3 0
19.25 9960 29 7 4 0
19.375 9952 37 7 4 0
19.5 9943 42 11 4 0
19.625 9938 46 11 5 0
19.75 9932 49 14 5 0
19.875 9926 50 19 5 0
20 9921 52 21 6 0
20.125 9916 54 24 6 0
20.25 9910 58 25 7 0
20.375 9900 63 30 7 0
20.5 9889 73 31 7 0
20.625 9870 89 34 7 0
20.75 9858 96 39 7 0
20.875 9837 111 45 7 0
21 9818 122 53 7 0
21.125 9805 127 56 12 0
21.25 9791 133 64 12 0
21.375 9774 140 73 13 0
21.5 9766 143 76 15 0
21.625 9741 161 82 16 0
21.75 9722 169 91 18 0
21.875 9707 168 107 18 0
22 9682 181 116 21 0
22.125 9667 187 123 23 0
22.25 9645 199 130 26 0
22.375 9635 200 136 29 0
22.5 9612 208 150 30 0
22.625 9590 221 159 30 0
22.75 9577 221 165 37 0
22.875 9554 228 179 39 0
23 9539 226 192 43 0
23.125 9516 238 200 46 0
23.25 9490 254 206 50 0
23.375 9472 254 222 52 0
23.5 9439 269 235 57 0
23.625 9414 280 246 60 0
23.75 9375 301 258 66 0
23.875 9352 307 270 71 0
24 9328 314 284 74 0
24.125 9304 322 295 78 1
24.25 9275 331 308 84 2
24.375 9237 348 324 89 2
24.5 9205 359 334 100 2
24.625 9169 370 356 103 2
24.75 9132 388 370 108 2
24.875 9096 399 388 115 2
25 9054 419 405 120 2
25.125 9023 428 419 128 2
25.25 8997 430 428 142 3
25.375 8960 438 445 154 3
25.5 8930 439 466 162 3
25.625 8879 458 485 175 3
25.75 8842 466 503 186 3
25.875 8786 490 527 194 3
26 8747 497 550 203 3
26.125 8702 513 567 215 3
26.25 8652 521 599 225 3
26.375 8612 536 611 238 3
26.5 8561 539 641 255 4
26.625 8527 542 656 271 4
26.75 8491 543 674 287 5
26.875 8453 544 697 301 5
27 8409 555 710 320 6
27.125 8378 554 724 338 6
27.25 8335 570 734 355 6
27.375 8299 558 766 371 6
27.5 8255 566 783 389 7
27.625 8210 567 814 402 7
27.75 8174 566 835 418 7
27.875 8138 577 842 436 7
28 8104 575 859 454 8
28.125 8061 588 875 468 8
28.25 8016 594 904 478 8
28.375 7965 610 914 503 8
28.5 7913 628 929 522 8
28.625 7881 625 937 549 8
28.75 7828 649 942 572 9
28.875 7782 658 966 585 9
29 7743 661 987 600 9
29.125 7704 661 1006 619 10
29.25 7669 655 1028 638 10
29.375 7626 664 1044 656 10
29.5 7594 664 1056 676 10
29.625 7569 653 1072 696 10
29.75 7524 650 1099 717 10
29.875 7490 649 1113 738 10
30 7443 660 1132 754 11
30.125 7413 645 1157 774 11
30.25 7372 648 1174 795 11
30.375 7327 649 1195 818 11
30.5 7298 634 1220 837 11
30.625 7248 641 1233 867 11
30.75 7211 642 1244 892 11
30.875 7175 644 1251 919 11
31 7141 633 1278 937 11
31.125 7101 644 1282 962 11
31.25 7052 649 1287 1000 12
31.375 7022 646 1291 1029 12
31.5 6973 651 1311 1052 13
31.625 6939 648 1313 1086 14
31.75 6889 658 1323 1115 15
31.875 6848 652 1342 1143 15
32 6816 648 1348 1173 15
32.125 6777 640 1367 1200 16
32.25 6739 643 1373 1229 16
32.375 6702 641 1382 1258 17
32.5 6666 634 1395 1288 17
32.625 6637 629 1405 1312 17
32.75 6603 626 1414 1340 17
32.875 6567 623 1415 1377 18
33 6524 638 1415 1405 18
33.125 6496 621 1434 1431 18
33.25 6457 628 1439 1458 18
33.375 6422 631 1432 1496 19
33.5 6392 626 1435 1527 20
33.625 6359 629 1448 1544 20
33.75 6323 631 1449 1577 20
33.875 6290 630 1450 1609 21
34 6258 627 1457 1637 21
34.125 6213 624 1464 1678 21
34.25 6191 606 1473 1708 22
34.375 6165 590 1492 1731 22
34.5 6139 578 1504 1756 23
34.625 6115 561 1513 1788 23
34.75 6086 549 1521 1821 23
34.875 6059 531 1530 1856 24
35 6036 526 1523 1890 25
35.125 6009 531 1521 1914 25
35.25 5986 509 1542 1937 26
35.375 5959 508 1534 1973 26
35.5 5927 510 1530 2007 26
35.625 5897 515 1513 2048 27
35.75 5872 512 1512 2077 27
35.875 5850 504 1517 2102 27
36 5825 500 1515 2133 27
36.125 5799 498 1516 2159 28
36.25 5764 507 1507 2194 28
36.375 5745 495 1505 2226 29
36.5 5716 488 1513 2254 29
36.625 5692 487 1509 2282 30
36.75 5666 489 1511 2304 30
36.875 5641 482 1505 2341 31
37 5618 468 1512 2371 31
37.125 5590 469 1500 2408 33
37.25 5556 480 1485 2446 33
37.375 5537 470 1483 2477 33
37.5 5508 470 1484 2505 33
37.625 5490 457 1491 2529 33
37.75 5460 451 1494 2562 33
37.875 5439 441 1487 2600 33
38 5421 431 1474 2641 33
38.125 5402 425 1463 2677 33
38.25 5385 415 1454 2713 33
38.375 5360 416 1446 2745 33
38.5 5342 410 1436 2778 34
38.625 5322 401 1433 2810 34
38.75 5302 398 1425 2841 34
38.875 5283 395 1427 2861 34
39 5262 400 1413 2891 34
39.125 5242 388 1413 2923 34
39.25 5228 378 1402 2958 34
39.375 5207 373 1403 2982 35
39.5 5188 363 1400 3014 35
39.625 5169 363 1388 3045 35
39.75 5154 349 1386 3076 35
39.875 5143 333 1381 3108 35
40 5124 333 1362 3145 36
40.125 5107 333 1347 3176 37
40.25 5093 332 1335 3203 37
40.375 5074 338 1315 3236 37
40.5 5062 324 1318 3258 38
40.625 5046 320 1320 3275 39
40.75 5034 311 1313 3303 39
40.875 5018 309 1299 3334 40
41 4998 309 1298 3355 40
41.125 4983 307 1277 3393 40
41.25 4962 308 1265 3425 40
41.375 4947 292 1277 3444 40
41.5 4926 297 1268 3469 40
41.625 4913 296 1262 3489 40
41.75 4899 290 1253 3518 40
41.875 4883 288 1245 3544 40
42 4867 289 1235 3569 40
42.125 4852 287 1224 3597 40
42.25 4835 282 1222 3621 40
42.375 4824 271 1212 3653 40
42.5 4810 268 1209 3673 40
42.625 4794 263 1213 3690 40
42.75 4784 256 1203 3717 40
42.875 4775 252 1186 3746 41
43 4761 255 1176 3767 41
43.125 4748 257 1166 3787 42
43.25 4733 256 1155 3814 42
43.375 4720 252 1147 3839 42
43.5 4708 248 1141 3861 42
43.625 4701 240 1133 3884 42
43.75 4688 241 1118 3911 42
43.875 4668 250 1106 3934 42
44 4660 236 1102 3960 42
44.125 4649 239 1079 3991 42
44.25 4635 226 1078 4019 42
44.375 4622 229 1071 4036 42
44.5 4612 223 1063 4059 43
44.625 4599 222 1052 4084 43
44.75 4590 214 1047 4106 43
44.875 4586 207 1034 4130 43
45 4577 202 1030 4148 43
45.125 4563 203 1011 4179 44
45.25 4554 199 1003 4200 44
45.375 4548 195 990 4223 44
45.5 4539 193 977 4247 44
45.625 4533 183 977 4263 44
45.75 4519 188 965 4284 44
45.875 4513 187 956 4299 45
46 4509 186 929 4331 45
46.125 4499 181 925 4350 45
46.25 4490 182 911 4371 46
46.375 4479 178 912 4385 46
46.5 4471 179 905 4399 46
46.625 4463 176 908 4407 46
46.75 4454 174 903 4423 46
46.875 4444 177 881 4452 46
47 4436 178 871 4469 46
47.125 4430 173 862 4489 46
47.25 4421 171 848 4514 46
47.375 4415 168 841 4530 46
47.5 4410 166 830 4548 46
47.625 4407 159 826 4562 46
47.75 4402 153 813 4586 46
47.875 4394 153 808 4598 47
48 4388 151 803 4611 47
48.125 4383 145 795 4630 47
48.25 4378 142 787 4646 47
48.375 4372 137 782 4662 47
48.5 4355 143 778 4677 47
48.625 4352 135 766 4700 47
48.75 4348 132 746 4724 50
48.875 4341 129 742 4738 50
49 4329 134 736 4751 50
49.125 4319 136 724 4770 51
49.25 4315 130 721 4783 51
49.375 4311 123 719 4796 51
49.5 4305 121 713 4810 51
49.625 4297 123 709 4820 51
49.75 4290 121 702 4836 51
49.875 4283 124 693 4849 51
50 4277 125 678 4869 51
50.125 4270 122 672 4885 51
50.25 4267 120 661 4901 51
50.375 4258 120 655 4916 51
50.5 4253 117 639 4939 52
50.625 4247 120 626 4954 53
50.75 4240 119 621 4967 53
50.875 4239 112 610 4986 53
51 4233 113 602 4999 53
51.125 4226 114 598 5008 54
51.25 4219 115 596 5016 54
51.375 4215 109 597 5025 54
51.5 4209 108 586 5043 54
51.625 4205 108 580 5053 54
51.75 4197 109 577 5063 54
51.875 4194 96 580 5076 54
52 4185 105 572 5084 54
52.125 4183 97 572 5094 54
52.25 4180 96 564 5106 54
52.375 4174 96 552 5124 54
52.5 4173 91 539 5143 54
52.625 4168 92 528 5158 54
52.75 4164 87 528 5167 54
52.875 4159 85 525 5177 54
53 4154 88 516 5188 54
53.125 4149 90 511 5196 54
53.25 4147 88 500 5211 54
53.375 4145 79 503 5219 54
53.5 4142 78 496 5230 54
53.625 4139 79 487 5241 54
53.75 4133 82 478 5253 54
53.875 4129 83 461 5273 54
54 4127 78 461 5280 54
54.125 4126 75 456 5289 54
54.25 4118 77 452 5298 55
54.375 4117 74 443 5311 55
54.5 4114 69 441 5321 55
54.625 4107 72 438 5328 55
54.75 4103 71 439 5332 55
54.875 4095 73 433 5343 56
55 4090 73 428 5353 56
55.125 4088 71 425 5360 56
55.25 4083 72 421 5368 56
55.375 4079 73 414 5378 56
55.5 4075 72 411 5386 56
55.625 4074 68 411 5391 56
55.75 4070 67 404 5403 56
55.875 4068 66 401 5409 56
56 4063 68 395 5417 57
56.125 4057 70 391 5425 57
56.25 4056 67 392 5428 57
56.375 4055 66 388 5434 57
56.5 4052 63 387 5441 57
56.625 4048 63 380 5451 58
56.75 4045 63 377 5457 58
56.875 4042 62 372 5465 59
57 4038 61 373 5469 59
57.125 4035 61 370 5474 60
57.25 4034 59 364 5483 60
57.375 4034 55 359 5492 60
57.5 4032 52 357 5499 60
57.625 4030 50 357 5503 60
57.75 4027 50 353 5510 60
57.875 4025 49 350 5516 60
58 4019 54 342 5524 61
58.125 4015 56 336 5532 61
58.25 4012 57 330 5540 61
58.375 4012 55 323 5549 61
58.5 4010 56 317 5556 61
58.625 4010 54 313 5562 61
58.75 4009 47 314 5569 61
58.875 4007 48 310 5574 61
59 4005 46 310 5578 61
59.125 3998 48 311 5582 61
59.25 3997 48 304 5590 61
59.375 3994 50 301 5594 61
59.5 3993 49 294 5603 61
59.625 3991 48 291 5608 62
59.75 3991 43 290 5614 62
59.875 3990 42 282 5624 62
60 3987 41 283 5627 62
60.125 3985 40 278 5635 62
60.25 3982 41 275 5640 62
60.375 3979 40 273 5646 62
60.5 3978 38 272 5650 62
60.625 3977 33 274 5654 62
60.75 3976 34 267 5661 62
60.875 3972 36 265 5665 62
61 3970 36 255 5677 62
61.125 3965 38 250 5684 63
61.25 3962 36 249 5690 63
61.375 3961 34 250 5692 63
61.5 3961 30 250 5696 63
61.625 3959 31 247 5700 63
61.75 3956 31 246 5704 63
61.875 3954 28 248 5707 63
62 3952 29 241 5715 63
62.125 3950 30 237 5720 63
62.25 3949 29 238 5721 63
62.375 3948 28 235 5726 63
62.5 3946 28 234 5729 63
62.625 3946 28 228 5735 63
62.75 3945 28 222 5742 63
62.875 3944 28 215 5750 63
63 3943 29 211 5754 63
63.125 3943 29 208 5757 63
63.25 3941 31 207 5758 63
63.375 3940 30 204 5763 63
63.5 3938 30 202 5767 63
63.625 3937 27 205 5768 63
63.75 3936 28 202 5771 63
63.875 3936 26 202 5773 63
64 3936 25 198 5778 63
64.125 3936 25 190 5786 63
64.25 3935 23 191 5788 63
64.375 3933 23 185 5796 63
64.5 3928 27 184 5798 63
64.625 3927 27 182 5801 63
64.75 3927 25 178 5807 63
64.875 3925 25 177 5810 63
65 3925 25 173 5814 63
65.125 3925 22 172 5818 63
65.25 3924 22 170 5821 63
65.375 3924 22 164 5827 63
65.5 3924 20 160 5833 63
65.625 3924 18 158 5837 63
65.75 3922 19 157 5839 63
65.875 3921 19 157 5840 63
66 3920 19 155 5843 63
66.125 3920 18 154 5845 63
66.25 3919 19 151 5848 63
66.375 3918 18 148 5853 63
66.5 3917 19 145 5856 63
66.625 3916 19 146 5856 63
66.75 3915 20 143 5859 63
66.875 3912 22 142 5861 63
67 3911 22 141 5863 63
67.125 3911 19 140 5867 63
67.25 3909 21 137 5870 63
67.375 3908 19 139 5871 63
67.5 3908 18 138 5873 63
67.625 3906 20 136 5875 63
67.75 3905 20 133 5879 63
67.875 3903 21 131 5882 63
68 3903 19 130 5885 63
68.125 3903 15 131 5888 63
68.25 3903 14 130 5890 63
68.375 3903 13 126 5895 63
68.5 3902 14 123 5898 63
68.625 3901 15 119 5902 63
68.75 3901 15 117 5904 63
68.875 3901 15 115 5906 63
69 3898 17 113 5909 63
69.125 3898 16 112 5911 63
69.25 3896 17 109 5915 63
69.375 3896 16 108 5917 63
69.5 3896 14 105 5922 63
69.625 3896 11 107 5923 63
69.75 3894 12 106 5925 63
69.875 3894 10 107 5926 63
70 3894 8 103 5932 63
70.125 3894 8 99 5936 63
70.25 3893 9 94 5941 63
70.375 3893 9 93 5942 63
70.5 3889 13 91 5944 63
70.625 3889 11 90 5947 63
70.75 3888 12 89 5948 63
70.875 3887 12 89 5949 63
71 3887 12 86 5952 63
71.125 3885 13 86 5953 63
71.25 3885 13 84 5955 63
71.375 3885 13 80 5958 64
71.5 3882 13 82 5959 64
71.625 3882 12 80 5962 64
71.75 3881 13 79 5963 64
71.875 3880 13 79 5964 64
72 3880 12 79 5965 64
72.125 3880 12 79 5965 64
72.25 3880 12 78 5966 64
72.375 3880 11 79 5966 64
72.5 3880 11 78 5967 64
72.625 3880 10 79 5967 64
72.75 3880 10 77 5969 64
72.875 3880 10 75 5971 64
73 3879 11 74 5972 64
73.125 3878 12 74 5972 64
73.25 3877 12 71 5975 65
73.375 3877 11 71 5976 65
73.5 3873 14 69 5979 65
73.625 3873 14 69 5979 65
73.75 3873 13 69 5980 65
73.875 3873 11 69 5982 65
74 3873 11 67 5984 65
74.125 3873 11 67 5984 65
74.25 3872 10 67 5986 65
74.375 3872 10 66 5987 65
74.5 3872 9 64 5989 66
74.625 3872 9 63 5990 66
74.75 3872 9 60 5993 66
74.875 3872 8 60 5994 66
75 3872 7 60 5995 66
75.125 3872 7 57 5997 67
75.25 3872 7 53 6001 67
75.375 3872 6 53 6002 67
75.5 3872 6 53 6002 67
75.625 3871 7 53 6002 67
75.75 3871 7 53 6002 67
75.875 3870 7 53 6003 67
76 3870 6 54 6003 67
76.125 3869 7 53 6004 67
76.25 3869 7 51 6006 67
76.375 3869 6 52 6006 67
76.5 3868 7 52 6006 67
76.625 3868 6 52 6007 67
76.75 3868 6 52 6007 67
76.875 3868 6 52 6007 67
77 3868 6 52 6007 67
77.125 3868 5 52 6008 67
77.25 3868 5 51 6009 67
77.375 3868 5 50 6010 67
77.5 3868 5 49 6011 67
77.625 3868 5 48 6012 67
77.75 3868 5 47 6013 67
77.875 3868 5 46 6014 67
78 3867 6 45 6015 67
78.125 3867 6 45 6015 67
78.25 3867 6 44 6016 67
78.375 3867 6 44 6016 67
78.5 3867 6 44 6016 67
78.625 3867 6 43 6017 67
78.75 3867 5 44 6017 67
78.875 3866 5 42 6020 67
79 3866 5 42 6020 67
79.125 3866 5 42 6020 67
79.25 3866 5 40 6022 67
79.375 3866 5 40 6022 67
79.5 3863 8 38 6024 67
79.625 3863 7 39 6024 67
79.75 3863 6 40 6024 67
79.875 3862 7 39 6025 67
80 3862 7 38 6026 67
80.125 3861 8 37 6027 67
80.25 3861 7 38 6027 67
80.375 3861 6 39 6027 67
80.5 3861 5 40 6027 67
80.625 3861 5 40 6027 67
80.75 3861 5 40 6027 67
80.875 3861 4 41 6027 67
81 3861 3 41 6028 67
81.125 3861 3 39 6030 67
81.25 3861 3 37 6032 67
81.375 3861 3 36 6033 67
81.5 3861 3 35 6034 67
81.625 3861 3 34 6035 67
81.75 3861 3 32 6036 68
81.875 3860 4 31 6037 68
82 3859 5 31 6037 68
82.125 3859 5 29 6039 68
82.25 3858 5 30 6039 68
82.375 3858 3 31 6039 69
82.5 3858 3 31 6039 69
82.625 3858 3 31 6039 69
82.75 3858 3 30 6040 69
82.875 3858 3 30 6040 69
83 3858 3 27 6043 69
83.125 3858 3 26 6044 69
83.25 3858 3 26 6044 69
83.375 3858 3 26 6044 69
83.5 3858 3 24 6046 69
83.625 3858 2 25 6046 69
83.75 3857 3 23 6048 69
83.875 3857 3 22 6049 69
84 3857 2 22 6050 69
84.125 3857 2 21 6051 69
84.25 3857 2 21 6051 69
84.375 3857 2 21 6051 69
84.5 3857 2 20 6052 69
84.625 3856 3 20 6052 69
84.75 3856 2 21 6052 69
84.875 3856 2 21 6052 69
85 3856 2 20 6053 69
85.125 3856 1 21 6053 69
85.25 3856 1 20 6054 69
85.375 3856 1 19 6055 69
85.5 3856 1 19 6055 69
85.625 3856 1 19 6055 69
85.75 3856 1 19 6055 69
85.875 3856 1 19 6055 69
86 3856 1 19 6055 69
86.125 3856 1 19 6055 69
86.25 3856 1 19 6055 69
86.375 3855 2 19 6055 69
86.5 3855 1 20 6055 69
86.625 3855 1 20 6055 69
86.75 3855 1 20 6055 69
86.875 3855 1 20 6055 69
87 3855 1 20 6055 69
87.125 3855 1 19 6056 69
87.25 3855 1 19 6056 69
87.375 3855 1 18 6057 69
87.5 3855 1 17 6058 69
87.625 3855 1 16 6059 69
87.75 3855 1 16 6059 69
87.875 3855 1 15 6060 69
88 3855 1 12 6063 69
88.125 3855 1 12 6063 69
88.25 3855 1 11 6064 69
88.375 3855 1 10 6065 69
88.5 3855 1 9 6066 69
88.625 3855 1 9 6066 69
88.75 3854 2 8 6067 69
88.875 3854 2 8 6067 69
89 3854 2 8 6067 69
89.125 3854 2 8 6067 69
89.25 3854 2 8 6067 69
89.375 3854 2 8 6067 69
89.5 3854 2 8 6067 69
89.625 3854 2 7 6068 69
89.75 3854 2 7 6068 69
89.875 3854 2 7 6068 69
90 3854 2 7 6068 69
90.125 3854 2 7 6068 69
90.25 3854 1 8 6068 69
90.375 3854 1 8 6068 69
90.5 3854 1 8 6068 69
90.625 3854 1 8 6068 69
90.75 3854 1 7 6069 69
90.875 3854 1 7 6069 69
91 3854 1 7 6069 69
91.125 3854 1 7 6069 69
91.25 3854 1 7 6069 69
91.375 3854 1 7 6069 69
91.5 3853 2 7 6069 69
91.625 3853 2 7 6069 69
91.75 3853 2 7 6069 69
91.875 3852 3 7 6069 69
92 3852 3 7 6069 69
92.125 3852 3 6 6070 69
92.25 3852 3 6 6070 69
92.375 3852 3 6 6070 69
92.5 3852 2 7 6070 69
92.625 3852 2 6 6071 69
92.75 3852 2 6 6071 69
92.875 3852 2 6 6071 69
93 3852 2 6 6071 69
93.125 3852 2 6 6071 69
93.25 3852 2 6 6071 69
93.375 3852 2 6 6071 69
93.5 3852 2 6 6071 69
93.625 3852 2 6 6071 69
93.75 3852 2 6 6071 69
93.875 3852 2 6 6071 69
94 3852 2 5 6072 69
94.125 3852 2 5 6072 69
94.25 3852 2 5 6072 69
94.375 3852 2 5 6072 69
94.5 3852 1 6 6072 69
94.625 3852 1 6 6072 69
94.75 3852 1 6 6072 69
94.875 3852 1 6 6072 69
95 3852 1 6 6072 69
95.125 3852 1 6 6072 69
95.25 3852 1 6 6072 69
95.375 3852 1 6 6072 69
95.5 3852 1 6 6072 69
95.625 3852 1 6 6072 69
95.75 3852 1 5 6073 69
95.875 3852 1 4 6074 69
96 3852 1 4 6074 69
96.125 3852 1 4 6074 69
96.25 3852 0 5 6074 69
96.375 3852 0 5 6074 69
96.5 3852 0 4 6075 69
96.625 3852 0 4 6075 69
96.75 3852 0 4 6075 69
96.875 3852 0 4 6075 69
97 3852 0 4 6075 69
97.125 3852 0 4 6075 69
97.25 3852 0 4 6075 69
97.375 3852 0 4 6075 69
97.5 3852 0 4 6075 69
97.625 3852 0 4 6075 69
97.75 3852 0 4 6075 69
97.875 3852 0 4 6075 69
98 3852 0 4 6075 69
98.125 3852 0 4 6075 69
98.25 3852 0 4 6075 69
98.375 3852 0 4 6075 69
98.5 3852 0 4 6075 69
98.625 3852 0 4 6075 69
98.75 3852 0 4 6075 69
98.875 3852 0 4 6075 69
99 3852 0 4 6075 69
99.125 3852 0 4 6075 69
99.25 3852 0 4 6075 69
99.375 3852 0 4 6075 69
99.5 3852 0 4 6075 69
99.625 3852 0 3 6076 69
99.75 3852 0 3 6076 69
99.875 3852 0 3 6076 69
100 3852 0 3 6076 69
100.125 3852 0 3 6076 69
100.25 3852 0 3 6076 69
100.375 3852 0 3 6076 69
100.5 3852 0 3 6076 69
100.625 3852 0 3 6076 69
100.75 3852 0 3 6076 69
100.875 3852 0 3 6076 69
101 3852 0 3 6076 69
101.125 3852 0 3 6076 69
101.25 3852 0 3 6076 69
101.375 3852 0 3 6076 69
101.5 3852 0 3 6076 69
101.625 3852 0 2 6077 69
101.75 3852 0 2 6077 69
101.875 3852 0 2 6077 69
102 3852 0 2 6077 69
102.125 3852 0 2 6077 69
102.25 3852 0 2 6077 69
102.375 3852 0 2 6077 69
102.5 3852 0 2 6077 69
102.625 3852 0 2 6077 69
102.75 3852 0 2 6077 69
102.875 3852 0 1 6078 69
103 3852 0 1 6078 69
103.125 3852 0 1 6078 69
103.25 3852 0 1 6078 69
103.375 3852 0 1 6078 69
103.5 3852 0 1 6078 69
103.625 3852 0 1 6078 69
103.75 3852 0 1 6078 69
103.875 3852 0 1 6078 69
104 3852 0 1 6078 69
104.125 3852 0 1 6078 69
104.25 3852 0 1 6078 69
104.375 3852 0 1 6078 69
104.5 3852 0 0 6079 69
