t S E I R D
0 9998 0 2 0 0
0.125 9997 1 2 0 0
0.25 9997 1 2 0 0
0.375 9997 1 2 0 0
0.5 9996 2 2 0 0
0.625 9996 2 2 0 0
0.75 9995 3 2 0 0
0.875 9995 3 2 0 0
1 9995 3 2 0 0
1.125 9995 3 2 0 0
1.25 9994 4 2 0 0
1.375 9994 4 2 0 0
1.5 9994 4 2 0 0
1.625 9994 3 3 0 0
1.75 9993 2 5 0 0
1.875 9992 3 4 1 0
2 9992 3 4 1 0
2.125 9991 4 3 2 0
2.25 9990 5 2 3 0
2.375 9990 5 2 3 0
2.5 9989 5 3 3 0
2.625 9989 5 3 3 0
2.75 9989 4 3 4 0
2.875 9984 9 3 4 0
3 9979 13 4 4 0
3.125 9974 18 4 4 0
3.25 9972 17 7 4 0
3.375 9968 19 9 4 0
3.5 9963 22 11 4 0
3.625 9960 21 15 4 0
3.75 9955 24 17 4 0
3.875 9952 25 19 4 0
4 9948 28 20 4 0
4.125 9946 28 22 4 0
4.25 9944 28 24 4 0
4.375 9940 30 26 4 0
4.5 9935 32 29 4 0
4.625 9930 35 31 4 0
4.75 9914 48 32 6 0
4.875 9907 54 33 6 0
5 9891 69 33 7 0
5.125 9876 81 36 7 0
5.25 9862 89 40 9 0
5.375 9848 95 48 9 0
5.5 9829 108 52 11 0
5.625 9812 123 51 14 0
5.75 9797 135 51 17 0
5.875 9778 145 59 18 0
6 9753 161 67 19 0
6.125 9733 166 80 21 0
6.25 9710 181 88 21 0
6.375 9681 193 103 23 0
6.5 9635 222 117 26 0
6.625 9596 255 121 28 0
6.75 9561 275 133 31 0
6.875 9507 309 153 31 0
7 9456 336 171 37 0
7.125 9399 378 182 41 0
7.25 9361 397 197 45 0
7.375 9315 416 223 46 0
7.5 9274 421 250 55 0
7.625 9193 467 281 59 0
7.75 9125 505 302 68 0
7.875 9051 551 318 80 0
8 9004 570 331 94 1
8.125 8942 608 348 101 1
8.25 8882 630 381 106 1
8.375 8828 637 425 109 1
8.5 8762 670 443 124 1
8.625 8699 684 489 127 1
8.75 8632 718 509 140 1
8.875 8555 748 545 151 1
9 8499 765 581 154 1
9.125 8431 796 609 163 1
9.25 8350 833 647 169 1
9.375 8272 865 685 177 1
9.5 8198 882 724 195 1
9.625 8122 907 756 213 2
9.75 8044 940 784 230 2
9.875 7970 937 842 249 2
10 7893 955 884 266 2
10.125 7815 985 910 288 2
10.25 7733 987 970 308 2
10.375 7643 997 1024 333 3
10.5 7567 994 1073 363 3
10.625 7484 1023 1110 380 3
10.75 7401 1029 1164 401 5
10.875 7325 1042 1198 430 5
11 7257 1032 1249 457 5
11.125 7167 1056 1282 489 6
11.25 7074 1103 1297 520 6
11.375 7006 1095 1341 552 6
11.5 6919 1104 1402 569 6
11.625 6856 1100 1446 592 6
11.75 6769 1114 1485 624 8
11.875 6675 1138 1525 654 8
12 6577 1171 1554 690 8
12.125 6491 1190 1585 724 10
12.25 6409 1195 1629 757 10
12.375 6327 1206 1668 788 11
12.5 6246 1220 1708 814 12
12.625 6172 1217 1759 840 12
12.75 6112 1202 1796 878 12
12.875 6048 1180 1842 917 13
13 5964 1193 1877 953 13
13.125 5878 1204 1916 989 13
13.25 5798 1220 1946 1023 13
13.375 5711 1228 1987 1061 13
13.5 5643 1220 2025 1098 14
13.625 5563 1222 2062 1138 15
13.75 5496 1206 2096 1187 15
13.875 5430 1197 2125 1232 16
14 5350 1199 2171 1264 16
14.125 5282 1183 2209 1309 17
14.25 5225 1168 2242 1348 17
14.375 5161 1177 2250 1393 19
14.5 5099 1164 2279 1438 20
14.625 5038 1144 2310 1488 20
14.75 4980 1122 2342 1535 21
14.875 4917 1119 2354 1588 22
15 4843 1130 2362 1642 23
15.125 4793 1116 2372 1696 23
15.25 4722 1112 2396 1747 23
15.375 4677 1080 2424 1796 23
15.5 4611 1088 2438 1840 23
15.625 4553 1075 2448 1900 24
15.75 4494 1069 2458 1955 24
15.875 4456 1048 2463 2007 26
16 4416 1025 2459 2073 27
16.125 4353 1029 2465 2125 28
16.25 4286 1024 2472 2190 28
16.375 4245 999 2469 2258 29
16.5 4208 979 2461 2323 29
16.625 4167 951 2483 2369 30
16.75 4123 943 2483 2419 32
16.875 4082 916 2502 2468 32
17 4037 913 2491 2527 32
17.125 3996 896 2483 2593 32
17.25 3946 892 2478 2650 34
17.375 3915 870 2468 2712 35
17.5 3881 853 2452 2779 35
17.625 3848 838 2455 2824 35
17.75 3806 829 2463 2866 36
17.875 3763 813 2470 2918 36
18 3718 822 2441 2982 37
18.125 3679 807 2445 3032 37
18.25 3640 807 2433 3081 39
18.375 3600 789 2435 3135 41
18.5 3557 781 2438 3183 41
18.625 3518 768 2435 3237 42
18.75 3485 751 2449 3273 42
18.875 3452 738 2439 3329 42
19 3415 727 2433 3383 42
19.125 3384 721 2422 3430 43
19.25 3350 710 2423 3474 43
19.375 3316 700 2414 3526 44
19.5 3287 690 2411 3568 44
19.625 3256 674 2401 3623 46
19.75 3226 667 2378 3682 47
19.875 3194 655 2381 3723 47
20 3164 652 2365 3772 47
20.125 3130 640 2368 3815 47
20.25 3100 631 2361 3861 47
20.375 3070 617 2358 3908 47
20.5 3040 604 2352 3957 47
20.625 3010 597 2343 4002 48
20.75 2993 579 2320 4060 48
20.875 2962 572 2315 4103 48
21 2935 569 2301 4146 49
21.125 2912 552 2292 4195 49
21.25 2891 544 2279 4236 50
21.375 2868 526 2270 4286 50
21.5 2847 509 2264 4330 50
21.625 2824 495 2259 4372 50
21.75 2801 488 2247 4413 51
21.875 2776 489 2224 4460 51
22 2755 478 2211 4504 52
22.125 2736 468 2198 4545 53
22.25 2712 462 2190 4583 53
22.375 2690 461 2171 4625 53
22.5 2660 452 2170 4665 53
22.625 2643 444 2146 4714 53
22.75 2630 428 2124 4765 53
22.875 2609 428 2094 4816 53
23 2597 418 2067 4865 53
23.125 2582 401 2050 4914 53
23.25 2571 390 2040 4945 54
23.375 2563 372 2026 4985 54
23.5 2553 362 2010 5021 54
23.625 2532 367 1982 5064 55
23.75 2509 374 1952 5109 56
23.875 2493 365 1946 5140 56
24 2473 360 1925 5186 56
24.125 2452 363 1891 5236 58
24.25 2435 354 1885 5268 58
24.375 2425 343 1868 5306 58
24.5 2404 341 1854 5343 58
24.625 2393 326 1837 5386 58
24.75 2375 322 1817 5427 59
24.875 2367 313 1793 5467 60
25 2362 304 1774 5500 60
25.125 2352 295 1752 5541 60
25.25 2339 283 1749 5569 60
25.375 2334 270 1731 5605 60
25.5 2320 269 1708 5643 60
25.625 2310 259 1696 5675 60
25.75 2300 253 1667 5719 61
25.875 2286 253 1648 5752 61
26 2275 247 1634 5783 61
26.125 2261 249 1609 5819 62
26.25 2251 242 1586 5859 62
26.375 2243 228 1576 5891 62
26.5 2233 223 1561 5920 63
26.625 2227 211 1537 5962 63
26.75 2218 206 1518 5995 63
26.875 2205 208 1502 6022 63
27 2196 207 1489 6044 64
27.125 2187 204 1474 6071 64
27.25 2179 193 1465 6099 64
27.375 2168 192 1447 6129 64
27.5 2160 190 1426 6159 65
27.625 2145 194 1407 6189 65
27.75 2135 191 1397 6212 65
27.875 2128 184 1369 6253 66
28 2118 185 1349 6282 66
28.125 2108 185 1337 6303 67
28.25 2097 187 1311 6338 67
28.375 2085 186 1293 6369 67
28.5 2080 180 1278 6395 67
28.625 2071 176 1263 6423 67
28.75 2066 165 1257 6445 67
28.875 2061 160 1242 6470 67
29 2050 158 1225 6499 68
29.125 2048 153 1206 6525 68
29.25 2039 154 1190 6549 68
29.375 2032 152 1172 6576 68
29.5 2029 147 1159 6597 68
29.625 2023 139 1154 6616 68
29.75 2017 134 1137 6643 69
29.875 2008 138 1118 6667 69
30 2005 136 1094 6696 69
30.125 1996 133 1078 6724 69
30.25 1985 135 1057 6753 70
30.375 1981 133 1042 6774 70
30.5 1975 136 1023 6795 71
30.625 1969 134 1015 6809 73
30.75 1964 133 997 6833 73
30.875 1961 122 990 6854 73
31 1956 122 975 6874 73
31.125 1946 125 959 6897 73
31.25 1938 128 947 6914 73
31.375 1933 125 935 6934 73
31.5 1927 117 930 6953 73
31.625 1926 110 917 6973 74
31.75 1919 111 900 6996 74
31.875 1915 110 886 7015 74
32 1913 104 875 7034 74
32.125 1910 102 864 7050 74
32.25 1904 99 851 7072 74
32.375 1902 97 834 7093 74
32.5 1898 94 823 7111 74
32.625 1896 92 816 7122 74
32.75 1893 88 810 7135 74
32.875 1885 93 787 7161 74
33 1882 92 783 7169 74
33.125 1875 93 783 7174 75
33.25 1873 84 780 7188 75
33.375 1869 83 770 7202 76
33.5 1864 79 755 7226 76
33.625 1862 75 749 7237 77
33.75 1859 73 734 7257 77
33.875 1852 74 723 7274 77
34 1848 72 718 7285 77
34.125 1844 74 695 7310 77
34.25 1839 77 686 7321 77
34.375 1838 77 671 7337 77
34.5 1836 73 665 7349 77
34.625 1836 70 656 7361 77
34.75 1832 72 648 7371 77
34.875 1830 68 638 7387 77
35 1828 68 623 7404 77
35.125 1826 66 614 7417 77
35.25 1822 67 604 7430 77
35.375 1819 68 591 7445 77
35.5 1817 65 586 7455 77
35.625 1816 61 572 7474 77
35.75 1813 61 556 7493 77
35.875 1811 58 551 7503 77
36 1811 53 538 7521 77
36.125 1808 54 525 7536 77
36.25 1806 52 521 7544 77
36.375 1800 51 517 7555 77
36.5 1800 45 511 7567 77
36.625 1799 43 505 7576 77
36.75 1799 43 491 7590 77
36.875 1797 43 481 7602 77
37 1796 41 478 7608 77
37.125 1796 37 475 7615 77
37.25 1792 39 469 7623 77
37.375 1791 38 460 7634 77
37.5 1790 38 451 7644 77
37.625 1789 38 441 7655 77
37.75 1789 36 436 7662 77
37.875 1789 32 430 7671 78
38 1786 34 421 7681 78
38.125 1786 32 415 7689 78
38.25 1785 31 414 7692 78
38.375 1785 31 407 7698 79
38.5 1785 31 401 7704 79
38.625 1784 31 386 7720 79
38.75 1784 29 381 7727 79
38.875 1783 25 376 7737 79
39 1782 24 371 7744 79
39.125 1782 24 358 7757 79
39.25 1778 28 352 7763 79
39.375 1778 28 346 7769 79
39.5 1776 26 343 7776 79
39.625 1775 26 335 7784 80
39.75 1773 25 331 7791 80
39.875 1771 27 324 7798 80
40 1770 26 318 7806 80
40.125 1770 25 310 7815 80
40.25 1770 24 305 7821 80
40.375 1768 24 303 7825 80
40.5 1768 22 300 7830 80
40.625 1767 19 296 7838 80
40.75 1766 20 293 7841 80
40.875 1766 19 291 7844 80
41 1766 19 287 7848 80
41.125 1766 19 279 7856 80
41.25 1766 18 276 7860 80
41.375 1763 19 270 7867 81
41.5 1762 20 263 7874 81
41.625 1762 20 261 7876 81
41.75 1761 19 255 7884 81
41.875 1760 20 247 7892 81
42 1760 20 244 7895 81
42.125 1758 21 241 7899 81
42.25 1758 16 240 7905 81
42.375 1756 18 236 7909 81
42.5 1756 17 232 7914 81
42.625 1755 16 230 7918 81
42.75 1754 17 222 7926 81
42.875 1750 20 219 7930 81
43 1749 20 217 7933 81
43.125 1748 18 216 7937 81
43.25 1748 17 214 7940 81
43.375 1747 16 213 7943 81
43.5 1747 14 209 7949 81
43.625 1747 14 202 7955 82
43.75 1746 15 198 7959 82
43.875 1744 16 195 7963 82
44 1744 13 193 7968 82
44.125 1743 13 191 7971 82
44.25 1743 13 187 7975 82
44.375 1743 13 183 7979 82
44.5 1743 11 179 7985 82
44.625 1743 11 176 7988 82
44.75 1743 10 175 7990 82
44.875 1743 10 169 7996 82
45 1743 9 165 8001 82
45.125 1742 10 161 8005 82
45.25 1742 8 159 8009 82
45.375 1742 7 158 8011 82
45.5 1742 6 155 8015 82
45.625 1740 6 157 8015 82
45.75 1739 6 152 8021 82
45.875 1739 6 145 8028 82
46 1739 6 139 8034 82
46.125 1739 6 135 8037 83
46.25 1739 6 133 8039 83
46.375 1738 6 130 8043 83
46.5 1736 8 124 8048 84
46.625 1736 7 122 8051 84
46.75 1736 7 117 8056 84
46.875 1734 8 115 8059 84
47 1734 8 115 8059 84
47.125 1734 8 113 8061 84
47.25 1733 8 112 8063 84
47.375 1733 8 108 8067 84
47.5 1733 8 107 8068 84
47.625 1733 8 105 8070 84
47.75 1733 7 105 8071 84
47.875 1732 8 103 8073 84
48 1731 9 103 8073 84
48.125 1730 8 104 8074 84
48.25 1730 8 100 8078 84
48.375 1730 8 99 8079 84
48.5 1730 6 100 8080 84
48.625 1729 7 99 8081 84
48.75 1729 7 95 8085 84
48.875 1729 7 92 8088 84
49 1729 7 92 8088 84
49.125 1729 7 88 8092 84
49.25 1729 7 85 8095 84
49.375 1729 7 82 8098 84
49.5 1728 8 82 8098 84
49.625 1728 8 81 8099 84
49.75 1728 8 77 8103 84
49.875 1728 8 76 8104 84
50 1728 5 77 8106 84
50.125 1728 5 76 8107 84
50.25 1727 3 77 8109 84
50.375 1727 3 72 8114 84
50.5 1727 3 70 8116 84
50.625 1727 3 68 8118 84
50.75 1727 3 66 8120 84
50.875 1727 3 65 8121 84
51 1727 3 64 8122 84
51.125 1727 3 63 8123 84
51.25 1727 3 62 8124 84
51.375 1727 3 61 8125 84
51.5 1727 3 60 8126 84
51.625 1727 3 56 8130 84
51.75 1727 2 55 8132 84
51.875 1727 1 56 8132 84
52 1727 1 53 8135 84
52.125 1727 1 52 8136 84
52.25 1727 1 52 8136 84
52.375 1727 1 51 8137 84
52.5 1727 1 49 8139 84
52.625 1727 1 49 8139 84
52.75 1727 1 49 8139 84
52.875 1727 1 49 8139 84
53 1727 1 48 8140 84
53.125 1726 2 46 8142 84
53.25 1726 2 45 8143 84
53.375 1726 1 45 8144 84
53.5 1726 1 45 8144 84
53.625 1726 1 44 8145 84
53.75 1726 1 44 8145 84
53.875 1726 1 44 8145 84
54 1726 1 44 8145 84
54.125 1726 1 44 8145 84
54.25 1726 1 44 8145 84
54.375 1726 1 41 8148 84
54.5 1726 1 41 8148 84
54.625 1726 1 41 8148 84
54.75 1726 1 40 8149 84
54.875 1726 1 39 8150 84
55 1726 1 39 8150 84
55.125 1726 1 38 8151 84
55.25 1726 1 38 8151 84
55.375 1726 1 37 8152 84
55.5 1726 1 36 8153 84
55.625 1726 1 36 8153 84
55.75 1726 1 33 8156 84
55.875 1726 1 31 8158 84
56 1726 1 31 8158 84
56.125 1726 1 31 8158 84
56.25 1726 1 29 8159 85
56.375 1726 1 29 8159 85
56.5 1726 1 29 8159 85
56.625 1726 1 29 8159 85
56.75 1726 1 28 8160 85
56.875 1726 1 27 8161 85
57 1726 1 27 8161 85
57.125 1726 0 28 8161 85
57.25 1726 0 28 8161 85
57.375 1726 0 27 8162 85
57.5 1725 1 26 8163 85
57.625 1724 2 26 8163 85
57.75 1724 2 26 8163 85
57.875 1724 2 26 8163 85
58 1724 2 26 8163 85
58.125 1724 2 25 8164 85
58.25 1724 2 24 8165 85
58.375 1724 2 24 8165 85
58.5 1724 2 24 8165 85
58.625 1724 2 24 8165 85
58.75 1724 2 24 8165 85
58.875 1724 2 23 8166 85
59 1724 2 22 8167 85
59.125 1724 1 23 8167 85
59.25 1723 2 23 8167 85
59.375 1723 2 22 8168 85
59.5 1723 2 22 8168 85
59.625 1723 2 22 8168 85
59.75 1723 1 22 8169 85
59.875 1723 1 21 8169 86
60 1723 1 21 8169 86
60.125 1723 1 21 8169 86
60.25 1723 1 20 8170 86
60.375 1723 1 20 8170 86
60.5 1723 1 18 8172 86
60.625 1723 0 18 8173 86
60.75 1723 0 16 8175 86
60.875 1723 0 16 8175 86
61 1723 0 16 8175 86
61.125 1723 0 16 8175 86
61.25 1723 0 15 8176 86
61.375 1723 0 15 8176 86
61.5 1723 0 15 8176 86
61.625 1723 0 15 8176 86
61.75 1723 0 15 8176 86
61.875 1723 0 14 8177 86
62 1723 0 13 8178 86
62.125 1723 0 13 8178 86
62.25 1723 0 13 8178 86
62.375 1722 1 13 8178 86
62.5 1722 1 13 8178 86
62.625 1722 1 13 8178 86
62.75 1722 1 13 8178 86
62.875 1722 1 13 8178 86
63 1721 2 12 8179 86
63.125 1721 2 11 8180 86
63.25 1721 2 11 8180 86
63.375 1721 2 11 8180 86
63.5 1721 2 11 8180 86
63.625 1721 2 11 8180 86
63.75 1721 2 11 8180 86
63.875 1721 2 11 8180 86
64 1721 2 11 8180 86
64.125 1721 2 10 8181 86
64.25 1721 2 9 8182 86
64.375 1721 2 9 8182 86
64.5 1721 2 8 8183 86
64.625 1721 2 8 8183 86
64.75 1721 1 9 8183 86
64.875 1721 1 9 8183 86
65 1721 1 9 8183 86
65.125 1721 1 9 8183 86
65.25 1721 1 9 8183 86
65.375 1721 1 9 8183 86
65.5 1721 1 9 8183 86
65.625 1721 1 8 8184 86
65.75 1721 1 8 8184 86
65.875 1721 1 8 8184 86
66 1721 1 8 8184 86
66.125 1721 0 9 8184 86
66.25 1721 0 9 8184 86
66.375 1720 1 9 8184 86
66.5 1720 0 10 8184 86
66.625 1720 0 9 8185 86
66.75 1720 0 9 8185 86
66.875 1720 0 9 8185 86
67 1720 0 9 8185 86
67.125 1720 0 9 8185 86
67.25 1720 0 9 8185 86
67.375 1720 0 9 8185 86
67.5 1720 0 9 8185 86
67.625 1720 0 9 8185 86
67.75 1720 0 9 8185 86
67.875 1720 0 9 8185 86
68 1720 0 9 8185 86
68.125 1720 0 9 8185 86
68.25 1720 0 9 8185 86
68.375 1720 0 9 8185 86
68.5 1720 0 9 8185 86
68.625 1720 0 9 8185 86
68.75 1720 0 9 8185 86
68.875 1720 0 9 8185 86
69 1720 0 9 8185 86
69.125 1720 0 9 8185 86
69.25 1720 0 9 8185 86
69.375 1720 0 9 8185 86
69.5 1720 0 9 8185 86
69.625 1720 0 9 8185 86
69.75 1720 0 9 8185 86
69.875 1720 0 9 8185 86
70 1720 0 9 8185 86
70.125 1720 0 9 8185 86
70.25 1720 0 9 8185 86
70.375 1720 0 9 8185 86
70.5 1720 0 8 8186 86
70.625 1720 0 8 8186 86
70.75 1720 0 8 8186 86
70.875 1720 0 7 8187 86
71 1720 0 7 8187 86
71.125 1720 0 7 8187 86
71.25 1720 0 7 8187 86
71.375 1720 0 6 8188 86
71.5 1720 0 6 8188 86
71.625 1720 0 6 8188 86
71.75 1720 0 6 8188 86
71.875 1720 0 6 8188 86
72 1720 0 6 8188 86
72.125 1720 0 6 8188 86
72.25 1720 0 6 8188 86
72.375 1720 0 6 8188 86
72.5 1720 0 6 8188 86
72.625 1720 0 6 8188 86
72.75 1720 0 6 8188 86
72.875 1720 0 6 8188 86
73 1720 0 6 8188 86
73.125 1720 0 6 8188 86
73.25 1720 0 6 8188 86
73.375 1720 0 6 8188 86
73.5 1720 0 6 8188 86
73.625 1720 0 6 8188 86
73.75 1720 0 5 8189 86
73.875 1720 0 5 8189 86
74 1720 0 5 8189 86
74.125 1720 0 5 8189 86
74.25 1720 0 5 8189 86
74.375 1720 0 5 8189 86
74.5 1720 0 5 8189 86
74.625 1720 0 5 8189 86
74.75 1720 0 5 8189 86
74.875 1720 0 5 8189 86
75 1720 0 5 8189 86
75.125 1720 0 5 8189 86
75.25 1720 0 5 8189 86
75.375 1720 0 5 8189 86
75.5 1720 0 5 8189 86
75.625 1720 0 5 8189 86
75.75 1720 0 5 8189 86
75.875 1720 0 5 8189 86
76 1720 0 5 8189 86
76.125 1720 0 5 8189 86
76.25 1720 0 5 8189 86
76.375 1720 0 5 8189 86
76.5 1720 0 5 8189 86
76.625 1719 1 4 8190 86
76.75 1719 1 4 8190 86
76.875 1719 0 5 8190 86
77 1719 0 5 8190 86
77.125 1719 0 5 8190 86
77.25 1719 0 5 8190 86
77.375 1719 0 5 8190 86
77.5 1719 0 5 8190 86
77.625 1719 0 5 8190 86
77.75 1719 0 4 8191 86
77.875 1719 0 4 8191 86
78 1719 0 4 8191 86
78.125 1719 0 4 8191 86
78.25 1719 0 4 8191 86
78.375 1719 0 3 8192 86
78.5 1719 0 3 8192 86
78.625 1719 0 3 8192 86
78.75 1719 0 3 8192 86
78.875 1719 0 3 8192 86
79 1719 0 3 8192 86
79.125 1719 0 3 8192 86
79.25 1719 0 3 8192 86
79.375 1719 0 3 8192 86
79.5 1719 0 3 8192 86
79.625 1719 0 3 8192 86
79.75 1719 0 3 8192 86
79.875 1719 0 3 8192 86
80 1719 0 3 8192 86
80.125 1719 0 3 8192 86
80.25 1719 0 3 8192 86
80.375 1719 0 3 8192 86
80.5 1719 0 3 8192 86
80.625 1719 0 3 8192 86
80.75 1719 0 3 8192 86
80.875 1719 0 3 8192 86
81 1719 0 3 8192 86
81.125 1719 0 3 8192 86
81.25 1719 0 3 8192 86
81.375 1719 0 3 8192 86
81.5 1719 0 3 8192 86
81.625 1719 0 3 8192 86
81.75 1719 0 3 8192 86
81.875 1719 0 3 8192 86
82 1719 0 3 8192 86
82.125 1719 0 3 8192 86
82.25 1719 0 3 8192 86
82.375 1719 0 3 8192 86
82.5 1719 0 2 8193 86
82.625 1719 0 2 8193 86
82.75 1719 0 2 8193 86
82.875 1719 0 2 8193 86
83 1719 0 2 8193 86
83.125 1719 0 2 8193 86
83.25 1719 0 2 8193 86
83.375 1719 0 2 8193 86
83.5 1719 0 2 8193 86
83.625 1719 0 2 8193 86
83.75 1719 0 2 8193 86
83.875 1719 0 2 8193 86
84 1719 0 2 8193 86
84.125 1719 0 2 8193 86
84.25 1719 0 2 8193 86
84.375 1719 0 2 8193 86
84.5 1719 0 2 8193 86
84.625 1719 0 2 8193 86
84.75 1719 0 2 8193 86
84.875 1719 0 2 8193 86
85 1719 0 2 8193 86
85.125 1719 0 2 8193 86
85.25 1719 0 2 8193 86
85.375 1719 0 2 8193 86
85.5 1719 0 2 8193 86
85.625 1719 0 2 8193 86
85.75 1719 0 2 8193 86
85.875 1719 0 2 8193 86
86 1719 0 2 8193 86
86.125 1719 0 2 8193 86
86.25 1719 0 1 8194 86
86.375 1719 0 1 8194 86
86.5 1719 0 1 8194 86
86.625 1719 0 1 8194 86
86.75 1719 0 1 8194 86
86.875 1719 0 1 8194 86
87 1719 0 1 8194 86
87.125 1719 0 1 8194 86
87.25 1719 0 1 8194 86
87.375 1719 0 1 8194 86
87.5 1719 0 1 8194 86
87.625 1719 0 1 8194 86
87.75 1719 0 1 8194 86
87.875 1719 0 1 8194 86
88 1719 0 1 8194 86
88.125 1719 0 1 8194 86
88.25 1719 0 1 8194 86
88.375 1719 0 1 8194 86
88.5 1719 0 1 8194 86
88.625 1719 0 1 8194 86
88.75 1719 0 1 8194 86
88.875 1719 0 1 8194 86
89 1719 0 1 8194 86
89.125 1719 0 1 8194 86
89.25 1719 0 1 8194 86
89.375 1719 0 1 8194 86
89.5 1719 0 1 8194 86
89.625 1719 0 1 8194 86
89.75 1719 0 1 8194 86
89.875 1719 0 1 8194 86
90 1719 0 1 8194 86
90.125 1719 0 1 8194 86
90.25 1719 0 1 8194 86
90.375 1719 0 1 8194 86
90.5 1719 0 1 8194 86
90.625 1719 0 1 8194 86
90.75 1719 0 1 8194 86
90.875 1719 0 1 8194 86
91 1719 0 1 8194 86
91.125 1719 0 1 8194 86
91.25 1719 0 1 8194 86
91.375 1719 0 1 8194 86
91.5 1719 0 1 8194 86
91.625 1719 0 1 8194 86
91.75 1719 0 1 8194 86
91.875 1719 0 1 8194 86
92 1719 0 1 8194 86
92.125 1719 0 1 8194 86
92.25 1719 0 1 8194 86
92.375 1719 0 1 8194 86
92.5 1719 0 1 8194 86
92.625 1719 0 1 8194 86
92.75 1719 0 1 8194 86
92.875 1719 0 1 8194 86
93 1719 0 0 8195 86
