t S E I R D
0 9998 0 2 0 0
0.125 9998 0 2 0 0
0.25 9997 1 2 0 0
0.375 9996 2 2 0 0
0.5 9996 2 2 0 0
0.625 9996 2 2 0 0
0.75 9996 2 2 0 0
0.875 9996 2 2 0 0
1 9996 2 2 0 0
1.125 9996 2 2 0 0
1.25 9996 2 2 0 0
1.375 9996 2 2 0 0
1.5 9996 1 3 0 0
1.625 9996 1 3 0 0
1.75 9996 1 3 0 0
1.875 9996 1 3 0 0
2 9995 2 3 0 0
2.125 9995 2 3 0 0
2.25 9994 3 3 0 0
2.375 9994 3 3 0 0
2.5 9993 4 3 0 0
2.625 9992 4 4 0 0
2.75 9991 4 5 0 0
2.875 9990 5 5 0 0
3 9989 6 4 1 0
3.125 9989 4 6 1 0
3.25 9988 5 6 1 0
3.375 9988 5 6 1 0
3.5 9988 4 7 1 0
3.625 9987 5 6 2 0
3.75 9985 7 6 2 0
3.875 9985 6 7 2 0
4 9984 7 7 2 0
4.125 9982 8 8 2 0
4.25 9980 9 9 2 0
4.375 9980 8 9 3 0
4.5 9980 7 9 4 0
4.625 9978 9 9 4 0
4.75 9978 9 9 4 0
4.875 9976 10 10 4 0
5 9974 12 9 5 0
5.125 9974 11 10 5 0
5.25 9974 7 14 5 0
5.375 9972 8 15 5 0
5.5 9972 8 14 6 0
5.625 9971 7 16 6 0
5.75 9965 13 16 6 0
5.875 9951 26 17 6 0
6 9942 33 18 7 0
6.125 9928 45 20 7 0
6.25 9908 60 25 7 0
6.375 9885 80 27 8 0
6.5 9865 95 32 8 0
6.625 9848 108 36 8 0
6.75 9827 120 45 8 0
6.875 9810 129 52 9 0
7 9786 148 57 9 0
7.125 9764 164 62 10 0
7.25 9742 175 72 11 0
7.375 9724 183 79 14 0
7.5 9700 193 92 15 0
7.625 9681 199 103 17 0
7.75 9650 223 109 18 0
7.875 9629 234 118 19 0
8 9606 242 132 20 0
8.125 9582 248 149 21 0
8.25 9548 268 160 24 0
8.375 9512 288 172 28 0
8.5 9465 319 183 33 0
8.625 9426 345 194 35 0
8.75 9391 360 213 36 0
8.875 9354 372 235 39 0
9 9305 395 259 41 0
9.125 9248 433 274 45 0
9.25 9196 459 295 50 0
9.375 9134 493 319 54 0
9.5 9070 528 343 59 0
9.625 8999 568 366 66 1
9.75 8940 589 399 71 1
9.875 8867 631 422 79 1
10 8808 647 455 89 1
10.125 8747 677 474 101 1
10.25 8684 688 512 115 1
10.375 8614 715 542 128 1
10.5 8545 742 572 140 1
10.625 8467 792 585 155 1
10.75 8400 810 620 169 1
10.875 8339 821 663 176 1
11 8286 825 701 187 1
11.125 8222 839 735 203 1
11.25 8154 853 767 224 2
11.375 8085 879 798 236 2
11.5 8013 891 847 247 2
11.625 7935 910 887 265 3
11.75 7859 926 928 284 3
11.875 7786 940 963 307 4
12 7714 942 1011 328 5
12.125 7642 960 1047 346 5
12.25 7566 980 1075 374 5
12.375 7481 994 1133 387 5
12.5 7412 1009 1169 405 5
12.625 7333 1026 1206 430 5
12.75 7262 1023 1259 451 5
12.875 7190 1028 1293 484 5
13 7104 1047 1328 514 7
13.125 7039 1047 1372 535 7
13.25 6970 1039 1420 564 7
13.375 6888 1078 1435 591 8
13.5 6808 1102 1467 615 8
13.625 6739 1107 1490 656 8
13.75 6655 1110 1543 684 8
13.875 6584 1128 1566 714 8
14 6516 1137 1593 746 8
14.125 6460 1118 1627 787 8
14.25 6390 1125 1653 824 8
14.375 6327 1122 1687 856 8
14.5 6262 1105 1727 897 9
14.625 6200 1106 1757 927 10
14.75 6131 1108 1781 970 10
14.875 6082 1093 1805 1010 10
15 6016 1083 1835 1056 10
15.125 5936 1102 1876 1076 10
15.25 5879 1092 1899 1120 10
15.375 5833 1057 1935 1165 10
15.5 5778 1053 1961 1196 12
15.625 5723 1053 1980 1232 12
15.75 5671 1035 2004 1278 12
15.875 5618 1023 2033 1314 12
16 5561 1014 2060 1353 12
16.125 5505 1007 2079 1397 12
16.25 5445 1007 2091 1445 12
16.375 5386 997 2116 1488 13
16.5 5329 990 2138 1530 13
16.625 5277 992 2144 1574 13
16.75 5217 998 2152 1620 13
16.875 5176 977 2175 1659 13
17 5122 978 2184 1702 14
17.125 5066 978 2201 1741 14
17.25 5019 972 2212 1782 15
17.375 4975 962 2209 1839 15
17.5 4932 956 2217 1880 15
17.625 4896 928 2247 1914 15
17.75 4845 927 2258 1955 15
17.875 4781 940 2252 2012 15
18 4732 923 2275 2055 15
18.125 4683 909 2284 2109 15
18.25 4646 900 2291 2147 16
18.375 4594 891 2303 2194 18
18.5 4561 868 2303 2250 18
18.625 4524 849 2304 2305 18
18.75 4474 839 2316 2352 19
18.875 4427 846 2294 2414 19
19 4385 824 2308 2462 21
19.125 4352 807 2308 2512 21
19.25 4295 819 2311 2553 22
19.375 4256 805 2318 2599 22
19.5 4230 779 2322 2647 22
19.625 4197 767 2315 2698 23
19.75 4156 752 2328 2741 23
19.875 4114 744 2335 2784 23
20 4078 739 2321 2838 24
20.125 4045 732 2327 2872 24
20.25 4006 721 2322 2926 25
20.375 3963 719 2328 2965 25
20.5 3934 709 2316 3016 25
20.625 3899 704 2300 3072 25
20.75 3860 697 2300 3118 25
20.875 3821 695 2288 3171 25
21 3789 689 2278 3219 25
21.125 3743 688 2295 3249 25
21.25 3721 674 2283 3297 25
21.375 3689 665 2280 3341 25
21.5 3664 648 2266 3397 25
21.625 3637 628 2260 3450 25
21.75 3602 613 2255 3505 25
21.875 3569 602 2254 3549 26
22 3542 603 2235 3594 26
22.125 3517 590 2233 3634 26
22.25 3489 583 2222 3679 27
22.375 3470 569 2211 3723 27
22.5 3447 552 2204 3770 27
22.625 3418 543 2191 3821 27
22.75 3389 539 2193 3852 27
22.875 3369 525 2188 3890 28
23 3334 529 2171 3935 31
23.125 3312 524 2156 3977 31
23.25 3281 527 2137 4023 32
23.375 3261 512 2128 4067 32
23.5 3238 499 2108 4121 34
23.625 3217 479 2098 4172 34
23.75 3194 469 2090 4212 35
23.875 3174 454 2085 4252 35
24 3148 450 2067 4300 35
24.125 3128 436 2052 4349 35
24.25 3108 429 2038 4389 36
24.375 3091 423 2020 4430 36
24.5 3071 420 2015 4458 36
24.625 3049 420 1989 4506 36
24.75 3030 414 1980 4540 36
24.875 3009 398 1987 4568 38
25 2995 392 1966 4609 38
25.125 2974 388 1944 4655 39
25.25 2960 376 1935 4690 39
25.375 2942 370 1918 4731 39
25.5 2932 359 1891 4779 39
25.625 2911 362 1868 4820 39
25.75 2900 350 1854 4857 39
25.875 2885 341 1847 4888 39
26 2864 331 1837 4928 40
26.125 2848 319 1819 4973 41
26.25 2833 318 1797 5011 41
26.375 2819 316 1775 5049 41
26.5 2808 310 1765 5076 41
26.625 2793 309 1737 5120 41
26.75 2777 307 1711 5164 41
26.875 2758 306 1700 5194 42
27 2739 311 1677 5231 42
27.125 2726 304 1663 5264 43
27.25 2703 314 1639 5301 43
27.375 2688 309 1627 5332 44
27.5 2675 293 1611 5377 44
27.625 2669 284 1597 5406 44
27.75 2653 275 1589 5439 44
27.875 2642 271 1576 5467 44
28 2630 260 1575 5491 44
28.125 2617 253 1561 5524 45
28.25 2608 244 1547 5555 46
28.375 2593 240 1523 5598 46
28.5 2582 243 1499 5630 46
28.625 2567 244 1494 5649 46
28.75 2552 243 1479 5679 47
28.875 2544 231 1474 5704 47
29 2531 233 1450 5739 47
29.125 2518 234 1428 5773 47
29.25 2504 236 1417 5796 47
29.375 2492 237 1395 5829 47
29.5 2484 227 1382 5860 47
29.625 2476 225 1365 5887 47
29.75 2466 222 1350 5915 47
29.875 2456 218 1331 5948 47
30 2444 216 1327 5966 47
30.125 2441 204 1323 5985 47
30.25 2433 196 1305 6019 47
30.375 2424 194 1297 6038 47
30.5 2412 195 1275 6071 47
30.625 2404 193 1254 6102 47
30.75 2400 186 1237 6130 47
30.875 2390 181 1227 6154 48
31 2377 186 1209 6179 49
31.125 2365 185 1195 6206 49
31.25 2358 180 1192 6220 50
31.375 2348 176 1176 6250 50
31.5 2342 164 1161 6281 52
31.625 2329 161 1161 6297 52
31.75 2320 155 1151 6321 53
31.875 2316 150 1131 6350 53
32 2303 154 1117 6373 53
32.125 2300 142 1107 6398 53
32.25 2293 139 1100 6415 53
32.375 2287 136 1089 6435 53
32.5 2273 136 1073 6464 54
32.625 2266 134 1063 6483 54
32.75 2259 134 1047 6503 57
32.875 2252 133 1035 6523 57
33 2245 126 1033 6539 57
33.125 2239 121 1026 6557 57
33.25 2231 123 1016 6573 57
33.375 2223 129 993 6597 58
33.5 2217 126 988 6611 58
33.625 2209 127 969 6637 58
33.75 2202 125 951 6664 58
33.875 2198 122 941 6681 58
34 2191 122 926 6703 58
34.125 2185 121 918 6718 58
34.25 2177 123 897 6745 58
34.375 2173 119 885 6765 58
34.5 2168 117 878 6779 58
34.625 2163 116 867 6796 58
34.75 2158 114 853 6817 58
34.875 2150 114 846 6831 59
35 2147 112 836 6845 60
35.125 2141 115 822 6862 60
35.25 2137 112 808 6883 60
35.375 2132 109 798 6901 60
35.5 2128 106 788 6918 60
35.625 2123 101 786 6930 60
35.75 2118 99 776 6946 61
35.875 2112 101 762 6964 61
36 2109 97 750 6983 61
36.125 2103 99 738 6999 61
36.25 2098 97 731 7013 61
36.375 2092 98 721 7028 61
36.5 2090 93 712 7044 61
36.625 2088 92 705 7054 61
36.75 2085 90 696 7068 61
36.875 2084 87 684 7084 61
37 2082 81 678 7098 61
37.125 2077 79 671 7111 62
37.25 2076 73 662 7127 62
37.375 2075 70 653 7140 62
37.5 2071 69 645 7153 62
37.625 2070 66 637 7165 62
37.75 2065 67 622 7183 63
37.875 2062 67 609 7199 63
38 2057 71 591 7218 63
38.125 2052 69 588 7227 64
38.25 2049 65 580 7242 64
38.375 2045 64 571 7256 64
38.5 2044 61 564 7267 64
38.625 2042 58 557 7279 64
38.75 2039 59 547 7291 64
38.875 2037 56 543 7299 65
39 2034 56 530 7315 65
39.125 2032 58 518 7327 65
39.25 2028 59 512 7336 65
39.375 2027 60 500 7348 65
39.5 2026 59 496 7354 65
39.625 2023 60 492 7360 65
39.75 2021 54 487 7373 65
39.875 2019 52 484 7380 65
40 2016 51 484 7384 65
40.125 2014 49 483 7389 65
40.25 2013 48 468 7406 65
40.375 2009 52 460 7414 65
40.5 2008 49 459 7419 65
40.625 2007 45 449 7434 65
40.75 2005 44 443 7443 65
40.875 2002 45 430 7458 65
41 1999 44 425 7467 65
41.125 1998 44 420 7473 65
41.25 1997 42 414 7482 65
41.375 1996 38 413 7487 66
41.5 1994 39 406 7495 66
41.625 1992 39 402 7501 66
41.75 1990 36 402 7506 66
41.875 1987 39 396 7512 66
42 1985 39 388 7522 66
42.125 1985 38 376 7535 66
42.25 1985 34 375 7540 66
42.375 1984 33 368 7549 66
42.5 1981 32 368 7553 66
42.625 1978 32 360 7563 67
42.75 1974 34 356 7569 67
42.875 1971 36 347 7579 67
43 1969 37 336 7591 67
43.125 1965 40 331 7597 67
43.25 1962 41 329 7601 67
43.375 1958 42 325 7608 67
43.5 1957 41 318 7617 67
43.625 1953 41 320 7619 67
43.75 1951 40 317 7625 67
43.875 1950 37 314 7632 67
44 1948 37 305 7642 68
44.125 1947 38 297 7650 68
44.25 1946 37 296 7653 68
44.375 1946 35 289 7662 68
44.5 1944 33 287 7668 68
44.625 1940 34 285 7673 68
44.75 1940 33 280 7679 68
44.875 1938 30 278 7686 68
45 1937 29 269 7697 68
45.125 1937 27 269 7699 68
45.25 1937 25 260 7710 68
45.375 1935 24 258 7715 68
45.5 1933 25 250 7724 68
45.625 1932 26 242 7732 68
45.75 1931 23 242 7736 68
45.875 1930 21 239 7742 68
46 1929 18 237 7748 68
46.125 1925 22 231 7753 69
46.25 1925 19 230 7757 69
46.375 1921 22 227 7761 69
46.5 1920 23 220 7768 69
46.625 1919 22 220 7770 69
46.75 1919 22 217 7773 69
46.875 1917 23 212 7779 69
47 1916 23 208 7784 69
47.125 1916 22 204 7789 69
47.25 1916 19 199 7797 69
47.375 1914 19 199 7799 69
47.5 1913 19 197 7802 69
47.625 1911 21 194 7805 69
47.75 1910 21 192 7808 69
47.875 1910 20 192 7809 69
48 1909 20 193 7809 69
48.125 1907 21 188 7815 69
48.25 1906 20 188 7817 69
48.375 1906 19 186 7820 69
48.5 1906 18 182 7825 69
48.625 1905 16 180 7830 69
48.75 1901 18 181 7831 69
48.875 1900 19 177 7835 69
49 1900 18 175 7838 69
49.125 1900 18 174 7839 69
49.25 1899 19 172 7841 69
49.375 1899 17 171 7844 69
49.5 1898 17 168 7848 69
49.625 1897 18 164 7852 69
49.75 1897 17 162 7855 69
49.875 1897 15 159 7860 69
50 1897 13 154 7867 69
50.125 1896 14 153 7868 69
50.25 1895 15 152 7869 69
50.375 1894 16 150 7871 69
50.5 1894 16 147 7874 69
50.625 1894 15 146 7876 69
50.75 1893 15 144 7879 69
50.875 1893 14 139 7885 69
51 1892 15 137 7887 69
51.125 1892 15 132 7892 69
51.25 1891 16 128 7896 69
51.375 1890 15 126 7900 69
51.5 1889 15 126 7901 69
51.625 1889 13 126 7903 69
51.75 1889 12 126 7904 69
51.875 1889 12 125 7905 69
52 1888 12 126 7905 69
52.125 1887 12 125 7907 69
52.25 1885 14 119 7913 69
52.375 1882 15 117 7917 69
52.5 1882 14 118 7917 69
52.625 1882 14 117 7918 69
52.75 1882 14 113 7922 69
52.875 1882 13 112 7924 69
53 1882 12 111 7926 69
53.125 1882 11 108 7930 69
53.25 1882 10 104 7935 69
53.375 1882 10 101 7938 69
53.5 1882 10 99 7940 69
53.625 1880 10 100 7941 69
53.75 1879 11 100 7941 69
53.875 1879 11 98 7943 69
54 1879 10 97 7945 69
54.125 1879 9 97 7946 69
54.25 1879 9 96 7947 69
54.375 1879 9 96 7947 69
54.5 1879 8 94 7950 69
54.625 1879 7 94 7951 69
54.75 1879 7 92 7953 69
54.875 1878 8 89 7956 69
55 1877 9 88 7957 69
55.125 1877 9 88 7957 69
55.25 1876 9 88 7958 69
55.375 1874 11 87 7959 69
55.5 1873 12 84 7962 69
55.625 1873 10 84 7963 70
55.75 1872 11 83 7964 70
55.875 1872 8 86 7964 70
56 1872 8 80 7970 70
56.125 1871 8 79 7972 70
56.25 1871 8 79 7972 70
56.375 1870 8 80 7972 70
56.5 1869 9 80 7972 70
56.625 1869 9 78 7974 70
56.75 1869 9 78 7974 70
56.875 1868 10 75 7977 70
57 1868 10 73 7979 70
57.125 1868 7 75 7980 70
57.25 1868 4 74 7983 71
57.375 1868 4 71 7986 71
57.5 1868 4 71 7986 71
57.625 1867 5 70 7987 71
57.75 1867 5 65 7992 71
57.875 1867 5 65 7992 71
58 1867 5 62 7995 71
58.125 1867 5 61 7996 71
58.25 1867 5 61 7996 71
58.375 1867 5 59 7998 71
58.5 1867 5 58 7999 71
58.625 1867 5 57 8000 71
58.75 1867 5 54 8003 71
58.875 1867 4 55 8003 71
59 1867 3 54 8004 72
59.125 1867 3 53 8005 72
59.25 1867 3 53 8005 72
59.375 1867 3 53 8005 72
59.5 1867 3 53 8005 72
59.625 1867 3 53 8005 72
59.75 1867 2 54 8005 72
59.875 1867 2 52 8007 72
60 1867 2 49 8010 72
60.125 1867 2 47 8012 72
60.25 1865 3 47 8013 72
60.375 1865 3 46 8014 72
60.5 1865 3 45 8015 72
60.625 1865 3 44 8016 72
60.75 1865 3 42 8018 72
60.875 1865 3 42 8018 72
61 1865 3 41 8019 72
61.125 1864 4 38 8022 72
61.25 1864 4 37 8023 72
61.375 1864 4 36 8024 72
61.5 1864 4 36 8024 72
61.625 1864 3 37 8024 72
61.75 1864 2 36 8026 72
61.875 1864 2 36 8026 72
62 1864 2 36 8026 72
62.125 1864 1 36 8027 72
62.25 1864 1 36 8027 72
62.375 1864 1 35 8028 72
62.5 1864 1 33 8030 72
62.625 1864 1 31 8032 72
62.75 1864 0 32 8032 72
62.875 1864 0 31 8033 72
63 1864 0 31 8033 72
63.125 1864 0 31 8033 72
63.25 1864 0 31 8033 72
63.375 1864 0 31 8033 72
63.5 1863 1 31 8033 72
63.625 1863 1 30 8034 72
63.75 1863 0 30 8035 72
63.875 1863 0 29 8036 72
64 1863 0 29 8036 72
64.125 1863 0 27 8038 72
64.25 1863 0 27 8038 72
64.375 1863 0 27 8038 72
64.5 1863 0 27 8038 72
64.625 1863 0 27 8038 72
64.75 1863 0 27 8038 72
64.875 1863 0 27 8038 72
65 1863 0 27 8038 72
65.125 1862 1 26 8039 72
65.25 1862 0 25 8041 72
65.375 1862 0 25 8041 72
65.5 1862 0 25 8041 72
65.625 1862 0 24 8042 72
65.75 1861 1 22 8044 72
65.875 1861 1 21 8045 72
66 1861 1 19 8047 72
66.125 1861 1 19 8047 72
66.25 1861 1 18 8048 72
66.375 1861 1 18 8048 72
66.5 1861 1 18 8048 72
66.625 1861 1 16 8050 72
66.75 1861 1 16 8050 72
66.875 1861 1 16 8050 72
67 1861 1 15 8051 72
67.125 1861 1 15 8051 72
67.25 1860 2 14 8052 72
67.375 1860 2 13 8053 72
67.5 1860 1 14 8053 72
67.625 1860 1 13 8054 72
67.75 1860 1 13 8054 72
67.875 1860 1 13 8054 72
68 1860 1 13 8054 72
68.125 1860 1 13 8054 72
68.25 1860 1 13 8054 72
68.375 1860 1 13 8054 72
68.5 1860 1 13 8054 72
68.625 1860 0 14 8054 72
68.75 1860 0 14 8054 72
68.875 1859 1 14 8054 72
69 1859 1 14 8054 72
69.125 1859 1 14 8054 72
69.25 1859 0 15 8054 72
69.375 1859 0 14 8055 72
69.5 1859 0 14 8055 72
69.625 1859 0 14 8055 72
69.75 1859 0 13 8056 72
69.875 1859 0 13 8056 72
70 1859 0 13 8056 72
70.125 1859 0 13 8056 72
70.25 1859 0 13 8056 72
70.375 1859 0 13 8056 72
70.5 1859 0 12 8057 72
70.625 1859 0 12 8057 72
70.75 1859 0 10 8059 72
70.875 1859 0 10 8059 72
71 1859 0 10 8059 72
71.125 1859 0 10 8059 72
71.25 1859 0 9 8060 72
71.375 1859 0 9 8060 72
71.5 1859 0 9 8060 72
71.625 1859 0 9 8060 72
71.75 1859 0 9 8060 72
71.875 1859 0 9 8060 72
72 1859 0 8 8061 72
72.125 1859 0 8 8061 72
72.25 1859 0 7 8062 72
72.375 1859 0 7 8062 72
72.5 1859 0 7 8062 72
72.625 1859 0 7 8062 72
72.75 1859 0 7 8062 72
72.875 1859 0 6 8063 72
73 1859 0 6 8063 72
73.125 1859 0 6 8063 72
73.25 1859 0 6 8063 72
73.375 1859 0 6 8063 72
73.5 1859 0 6 8063 72
73.625 1859 0 6 8063 72
73.75 1859 0 6 8063 72
73.875 1859 0 6 8063 72
74 1859 0 6 8063 72
74.125 1859 0 6 8063 72
74.25 1859 0 5 8064 72
74.375 1859 0 5 8064 72
74.5 1859 0 5 8064 72
74.625 1859 0 4 8065 72
74.75 1859 0 4 8065 72
74.875 1859 0 4 8065 72
75 1859 0 4 8065 72
75.125 1859 0 4 8065 72
75.25 1859 0 4 8065 72
75.375 1859 0 4 8065 72
75.5 1859 0 4 8065 72
75.625 1859 0 4 8065 72
75.75 1859 0 4 8065 72
75.875 1859 0 3 8066 72
76 1859 0 3 8066 72
76.125 1859 0 3 8066 72
76.25 1859 0 3 8066 72
76.375 1859 0 3 8066 72
76.5 1859 0 3 8066 72
76.625 1859 0 3 8066 72
76.75 1859 0 3 8066 72
76.875 1859 0 3 8066 72
77 1859 0 3 8066 72
77.125 1859 0 3 8066 72
77.25 1859 0 3 8066 72
77.375 1859 0 3 8066 72
77.5 1859 0 3 8066 72
77.625 1859 0 3 8066 72
77.75 1859 0 3 8066 72
77.875 1859 0 3 8066 72
78 1859 0 3 8066 72
78.125 1859 0 3 8066 72
78.25 1859 0 3 8066 72
78.375 1859 0 3 8066 72
78.5 1859 0 3 8066 72
78.625 1859 0 2 8067 72
78.75 1859 0 2 8067 72
78.875 1859 0 2 8067 72
79 1859 0 2 8067 72
79.125 1859 0 2 8067 72
79.25 1859 0 2 8067 72
79.375 1859 0 2 8067 72
79.5 1859 0 2 8067 72
79.625 1859 0 2 8067 72
79.75 1859 0 2 8067 72
79.875 1859 0 2 8067 72
80 1859 0 2 8067 72
80.125 1859 0 2 8067 72
80.25 1859 0 2 8067 72
80.375 1859 0 2 8067 72
80.5 1859 0 2 8067 72
80.625 1859 0 2 8067 72
80.75 1859 0 2 8067 72
80.875 1859 0 2 8067 72
81 1859 0 2 8067 72
81.125 1859 0 2 8067 72
81.25 1859 0 2 8067 72
81.375 1859 0 2 8067 72
81.5 1859 0 2 8067 72
81.625 1859 0 2 8067 72
81.75 1859 0 2 8067 72
81.875 1859 0 2 8067 72
82 1859 0 2 8067 72
82.125 1859 0 2 8067 72
82.25 1859 0 2 8067 72
82.375 1859 0 2 8067 72
82.5 1859 0 2 8067 72
82.625 1859 0 2 8067 72
82.75 1859 0 2 8067 72
82.875 1859 0 2 8067 72
83 1859 0 2 8067 72
83.125 1859 0 2 8067 72
83.25 1859 0 2 8067 72
83.375 1859 0 2 8067 72
83.5 1859 0 2 8067 72
83.625 1859 0 1 8068 72
83.75 1859 0 1 8068 72
83.875 1859 0 1 8068 72
84 1859 0 1 8068 72
84.125 1859 0 1 8068 72
84.25 1859 0 1 8068 72
84.375 1859 0 1 8068 72
84.5 1859 0 1 8068 72
84.625 1859 0 1 8068 72
84.75 1859 0 1 8068 72
84.875 1859 0 1 8068 72
85 1859 0 1 8068 72
85.125 1859 0 1 8068 72
85.25 1859 0 1 8068 72
85.375 1859 0 1 8068 72
85.5 1859 0 1 8068 72
85.625 1859 0 1 8068 72
85.75 1859 0 1 8068 72
85.875 1859 0 1 8068 72
86 1859 0 1 8068 72
86.125 1859 0 1 8068 72
86.25 1859 0 1 8068 72
86.375 1859 0 1 8068 72
86.5 1859 0 1 8068 72
86.625 1859 0 1 8068 72
86.75 1859 0 1 8068 72
86.875 1859 0 1 8068 72
87 1859 0 1 8068 72
87.125 1859 0 1 8068 72
87.25 1859 0 1 8068 72
87.375 1859 0 1 8068 72
87.5 1859 0 1 8068 72
87.625 1859 0 1 8068 72
87.75 1859 0 1 8068 72
87.875 1859 0 1 8068 72
88 1859 0 1 8068 72
88.125 1859 0 1 8068 72
88.25 1859 0 1 8068 72
88.375 1859 0 1 8068 72
88.5 1859 0 1 8068 72
88.625 1859 0 1 8068 72
88.75 1859 0 1 8068 72
88.875 1859 0 1 8068 72
89 1859 0 1 8068 72
89.125 1859 0 1 8068 72
89.25 1859 0 1 8068 72
89.375 1859 0 1 8068 72
89.5 1859 0 1 8068 72
89.625 1859 0 1 8068 72
89.75 1859 0 1 8068 72
89.875 1859 0 1 8068 72
90 1859 0 1 8068 72
90.125 1859 0 1 8068 72
90.25 1859 0 1 8068 72
90.375 1859 0 1 8068 72
90.5 1859 0 1 8068 72
90.625 1859 0 0 8069 72
