t S E I R D
0 9998 0 2 0 0
0.125 9998 0 2 0 0
0.25 9998 0 2 0 0
0.375 9998 0 1 1 0
0.5 9998 0 1 1 0
0.625 9998 0 1 1 0
0.75 9998 0 1 1 0
0.875 9997 1 1 1 0
1 9997 1 1 1 0
1.125 9997 1 1 1 0
1.25 9997 1 1 1 0
1.375 9997 1 1 1 0
1.5 9997 1 1 1 0
1.625 9997 1 1 1 0
1.75 9997 1 1 1 0
1.875 9997 1 1 1 0
2 9997 1 1 1 0
2.125 9996 2 1 1 0
2.25 9996 2 1 1 0
2.375 9996 2 1 1 0
2.5 9996 2 1 1 0
2.625 9996 2 1 1 0
2.75 9996 2 1 1 0
2.875 9996 2 1 1 0
3 9996 2 1 1 0
3.125 9996 2 1 1 0
3.25 9996 2 1 1 0
3.375 9996 2 1 1 0
3.5 9996 1 2 1 0
3.625 9995 2 2 1 0
3.75 9995 2 2 1 0
3.875 9995 2 2 1 0
4 9995 2 2 1 0
4.125 9995 2 2 1 0
4.25 9995 1 3 1 0
4.375 9994 2 2 2 0
4.5 9993 3 1 3 0
4.625 9991 5 1 3 0
4.75 9989 7 1 3 0
4.875 9987 9 1 3 0
5 9985 11 1 3 0
5.125 9984 12 1 3 0
5.25 9981 13 3 3 0
5.375 9981 12 4 3 0
5.5 9980 13 4 3 0
5.625 9978 15 4 3 0
5.75 9976 16 5 3 0
5.875 9975 16 6 3 0
6 9968 23 6 3 0
6.125 9967 23 7 3 0
6.25 9967 21 9 3 0
6.375 9962 26 9 3 0
6.5 9959 29 9 3 0
6.625 9958 29 9 4 0
6.75 9957 28 11 4 0
6.875 9954 30 11 5 0
7 9947 35 13 5 0
7.125 9944 36 15 5 0
7.25 9939 40 16 5 0
7.375 9934 42 18 6 0
7.5 9931 43 19 7 0
7.625 9919 54 19 8 0
7.75 9913 58 20 9 0
7.875 9901 70 20 9 0
8 9896 71 23 10 0
8.125 9885 73 30 12 0
8.25 9868 86 33 13 0
8.375 9852 95 39 14 0
8.5 9837 105 43 15 0
8.625 9819 118 47 16 0
8.75 9799 132 52 17 0
8.875 9776 149 57 18 0
9 9760 154 67 19 0
9.125 9746 163 68 23 0
9.25 9718 186 72 24 0
9.375 9687 201 87 25 0
9.5 9665 213 97 25 0
9.625 9635 225 115 25 0
9.75 9603 247 118 32 0
9.875 9577 261 127 35 0
10 9553 264 144 39 0
10.125 9525 272 160 43 0
10.25 9496 284 172 48 0
10.375 9466 300 183 51 0
10.5 9444 304 198 54 0
10.625 9409 324 209 58 0
10.75 9369 351 218 62 0
10.875 9323 383 229 65 0
11 9285 408 239 68 0
11.125 9256 414 256 73 1
11.25 9215 433 274 77 1
11.375 9168 453 297 81 1
11.5 9125 465 324 85 1
11.625 9084 463 363 89 1
11.75 9032 490 382 95 1
11.875 8986 497 410 106 1
12 8930 527 432 110 1
12.125 8884 532 464 119 1
12.25 8832 551 487 129 1
12.375 8781 567 512 139 1
12.5 8714 597 533 155 1
12.625 8660 618 552 169 1
12.75 8598 639 579 183 1
12.875 8537 661 607 194 1
13 8473 688 636 202 1
13.125 8391 722 669 217 1
13.25 8320 748 695 236 1
13.375 8258 768 722 251 1
13.5 8202 774 763 260 1
13.625 8152 781 788 278 1
13.75 8084 807 814 294 1
13.875 8016 821 854 308 1
14 7956 820 893 330 1
14.125 7886 831 933 349 1
14.25 7806 855 974 363 2
14.375 7725 860 1034 379 2
14.5 7643 892 1063 399 3
14.625 7585 884 1109 419 3
14.75 7516 906 1141 434 3
14.875 7441 923 1177 456 3
15 7360 954 1202 480 4
15.125 7299 958 1239 500 4
15.25 7229 970 1277 520 4
15.375 7153 977 1321 545 4
15.5 7072 996 1351 577 4
15.625 7008 991 1378 618 5
15.75 6943 983 1425 644 5
15.875 6874 985 1446 689 6
16 6803 1003 1482 706 6
16.125 6750 998 1511 735 6
16.25 6687 995 1542 770 6
16.375 6613 1002 1580 799 6
16.5 6555 995 1624 820 6
16.625 6492 1002 1645 855 6
16.75 6429 998 1674 893 6
16.875 6361 990 1718 925 6
17 6291 981 1766 956 6
17.125 6228 981 1786 999 6
17.25 6160 980 1814 1038 8
17.375 6095 982 1839 1076 8
17.5 6027 986 1865 1114 8
17.625 5964 984 1898 1146 8
17.75 5901 987 1923 1181 8
17.875 5835 996 1941 1220 8
18 5771 982 1977 1261 9
18.125 5705 987 1995 1303 10
18.25 5642 981 2029 1338 10
18.375 5576 984 2047 1383 10
18.5 5527 983 2056 1423 11
18.625 5464 981 2083 1459 13
18.75 5410 968 2087 1519 16
18.875 5362 953 2101 1568 16
19 5314 940 2130 1600 16
19.125 5246 954 2136 1648 16
19.25 5200 948 2144 1692 16
19.375 5156 938 2150 1740 16
19.5 5099 945 2148 1792 16
19.625 5055 936 2153 1839 17
19.75 5002 936 2167 1877 18
19.875 4968 903 2182 1929 18
20 4919 890 2187 1986 18
20.125 4874 879 2196 2031 20
20.25 4827 866 2211 2074 22
20.375 4774 855 2237 2112 22
20.5 4728 844 2252 2154 22
20.625 4682 838 2256 2202 22
20.75 4639 830 2255 2254 22
20.875 4590 826 2267 2295 22
21 4560 806 2266 2346 22
21.125 4531 788 2267 2391 23
21.25 4480 784 2279 2434 23
21.375 4440 771 2281 2484 24
21.5 4402 744 2293 2536 25
21.625 4361 741 2286 2586 26
21.75 4330 725 2294 2625 26
21.875 4304 714 2277 2679 26
22 4263 718 2263 2730 26
22.125 4236 698 2260 2779 27
22.25 4203 688 2266 2816 27
22.375 4175 675 2261 2862 27
22.5 4136 672 2264 2901 27
22.625 4102 657 2262 2951 28
22.75 4065 650 2264 2993 28
22.875 4042 640 2254 3036 28
23 4000 641 2253 3078 28
23.125 3971 635 2234 3130 30
23.25 3944 628 2218 3179 31
23.375 3899 625 2220 3225 31
23.5 3873 606 2224 3266 31
23.625 3846 589 2232 3302 31
23.75 3830 555 2243 3341 31
23.875 3795 556 2234 3384 31
24 3761 548 2223 3437 31
24.125 3733 548 2201 3485 33
24.25 3707 527 2199 3534 33
24.375 3680 515 2186 3585 34
24.5 3663 502 2160 3639 36
24.625 3638 488 2162 3676 36
24.75 3617 478 2156 3713 36
24.875 3598 463 2139 3764 36
25 3575 446 2135 3808 36
25.125 3552 442 2123 3846 37
25.25 3530 434 2105 3893 38
25.375 3512 424 2088 3938 38
25.5 3490 423 2063 3986 38
25.625 3468 411 2056 4027 38
25.75 3443 407 2036 4074 40
25.875 3429 402 2020 4109 40
26 3412 386 2012 4149 41
26.125 3391 378 1993 4196 42
26.25 3369 382 1953 4254 42
26.375 3348 381 1937 4292 42
26.5 3329 371 1934 4324 42
26.625 3309 376 1905 4368 42
26.75 3288 373 1892 4405 42
26.875 3274 365 1878 4441 42
27 3260 359 1858 4480 43
27.125 3241 351 1837 4528 43
27.25 3228 343 1812 4574 43
27.375 3209 351 1786 4610 44
27.5 3190 349 1772 4645 44
27.625 3180 344 1755 4677 44
27.75 3156 352 1744 4704 44
27.875 3132 352 1723 4749 44
28 3113 346 1708 4789 44
28.125 3097 340 1688 4831 44
28.25 3078 343 1673 4862 44
28.375 3068 335 1661 4892 44
28.5 3057 330 1645 4924 44
28.625 3040 329 1626 4961 44
28.75 3024 329 1605 4998 44
28.875 3003 331 1583 5039 44
29 2993 326 1569 5068 44
29.125 2979 324 1556 5097 44
29.25 2962 322 1535 5137 44
29.375 2954 309 1521 5169 47
29.5 2944 306 1499 5204 47
29.625 2929 301 1492 5231 47
29.75 2907 301 1488 5257 47
29.875 2896 295 1477 5285 47
30 2878 299 1453 5322 48
30.125 2863 297 1419 5372 49
30.25 2852 283 1415 5401 49
30.375 2842 272 1396 5439 51
30.5 2831 265 1383 5470 51
30.625 2816 268 1358 5506 52
30.75 2809 254 1350 5535 52
30.875 2803 247 1340 5558 52
31 2794 239 1330 5584 53
31.125 2788 230 1315 5613 54
31.25 2777 229 1307 5633 54
31.375 2771 226 1293 5655 55
31.5 2762 218 1278 5687 55
31.625 2750 213 1273 5708 56
31.75 2744 197 1265 5738 56
31.875 2738 185 1258 5763 56
32 2726 187 1242 5788 57
32.125 2717 179 1233 5814 57
32.25 2705 182 1214 5842 57
32.375 2700 169 1199 5875 57
32.5 2691 167 1188 5895 59
32.625 2686 158 1171 5926 59
32.75 2672 159 1160 5950 59
32.875 2663 157 1141 5980 59
33 2654 159 1128 5999 60
33.125 2644 161 1115 6020 60
33.25 2637 153 1113 6037 60
33.375 2633 142 1105 6060 60
33.5 2623 140 1098 6079 60
33.625 2616 142 1080 6101 61
33.75 2603 143 1072 6120 62
33.875 2594 143 1056 6145 62
34 2587 142 1034 6174 63
34.125 2584 139 1018 6196 63
34.25 2579 137 998 6223 63
34.375 2576 130 989 6242 63
34.5 2567 133 974 6262 64
34.625 2560 135 960 6281 64
34.75 2556 129 953 6298 64
34.875 2552 125 941 6318 64
35 2548 121 929 6338 64
35.125 2542 113 928 6353 64
35.25 2535 114 922 6365 64
35.375 2533 109 918 6376 64
35.5 2524 114 908 6390 64
35.625 2518 114 887 6417 64
35.75 2513 116 873 6434 64
35.875 2504 119 861 6452 64
36 2494 123 848 6470 65
36.125 2491 113 846 6485 65
36.25 2487 111 833 6504 65
36.375 2483 107 820 6525 65
36.5 2477 106 813 6537 67
36.625 2473 102 807 6551 67
36.75 2470 99 794 6569 68
36.875 2466 100 779 6587 68
37 2460 99 768 6605 68
37.125 2454 97 760 6621 68
37.25 2450 94 748 6640 68
37.375 2445 94 737 6656 68
37.5 2441 92 726 6672 69
37.625 2438 90 716 6687 69
37.75 2437 88 711 6695 69
37.875 2434 84 705 6707 70
38 2427 89 691 6723 70
38.125 2424 86 688 6732 70
38.25 2416 89 676 6749 70
38.375 2412 87 662 6767 72
38.5 2406 90 651 6781 72
38.625 2401 93 630 6804 72
38.75 2400 90 618 6820 72
38.875 2397 90 603 6838 72
39 2397 85 592 6853 73
39.125 2393 85 584 6865 73
39.25 2391 82 578 6875 74
39.375 2388 82 567 6889 74
39.5 2385 78 565 6898 74
39.625 2381 77 557 6911 74
39.75 2377 78 547 6924 74
39.875 2376 77 535 6938 74
40 2372 76 532 6946 74
40.125 2371 72 524 6959 74
40.25 2365 73 519 6969 74
40.375 2362 72 515 6977 74
40.5 2358 71 513 6984 74
40.625 2356 66 509 6995 74
40.75 2354 64 500 7007 75
40.875 2352 61 494 7018 75
41 2351 59 485 7030 75
41.125 2351 53 483 7038 75
41.25 2349 53 477 7046 75
41.375 2347 55 468 7055 75
41.5 2342 59 460 7064 75
41.625 2341 58 454 7072 75
41.75 2340 50 450 7085 75
41.875 2336 49 447 7093 75
42 2332 50 444 7099 75
42.125 2329 51 436 7109 75
42.25 2326 49 432 7118 75
42.375 2325 49 426 7124 76
42.5 2321 50 421 7132 76
42.625 2317 51 417 7139 76
42.75 2316 47 415 7146 76
42.875 2314 48 410 7152 76
43 2313 48 403 7160 76
43.125 2312 44 401 7167 76
43.25 2311 43 396 7173 77
43.375 2311 39 397 7176 77
43.5 2310 35 387 7190 78
43.625 2308 37 376 7200 79
43.75 2308 34 367 7212 79
43.875 2306 35 358 7222 79
44 2304 36 355 7226 79
44.125 2303 34 356 7228 79
44.25 2301 35 348 7237 79
44.375 2299 36 343 7243 79
44.5 2298 34 338 7251 79
44.625 2296 32 338 7255 79
44.75 2294 30 331 7266 79
44.875 2294 28 327 7272 79
45 2293 29 324 7275 79
45.125 2293 23 324 7281 79
45.25 2291 23 314 7293 79
45.375 2285 28 311 7297 79
45.5 2282 29 306 7304 79
45.625 2280 30 303 7308 79
45.75 2278 30 297 7316 79
45.875 2277 30 292 7322 79
46 2275 32 291 7323 79
46.125 2274 33 283 7331 79
46.25 2271 34 278 7338 79
46.375 2271 28 274 7348 79
46.5 2271 28 270 7352 79
46.625 2270 27 266 7358 79
46.75 2268 23 270 7360 79
46.875 2266 25 261 7369 79
47 2264 26 259 7372 79
47.125 2262 26 251 7382 79
47.25 2262 24 248 7386 80
47.375 2261 23 244 7392 80
47.5 2258 26 242 7394 80
47.625 2258 24 239 7399 80
47.75 2258 19 238 7405 80
47.875 2255 22 228 7415 80
48 2254 20 229 7417 80
48.125 2251 23 224 7422 80
48.25 2251 21 223 7425 80
48.375 2248 20 223 7429 80
48.5 2248 18 221 7433 80
48.625 2247 17 219 7437 80
48.75 2246 16 217 7441 80
48.875 2245 16 215 7444 80
49 2245 15 213 7447 80
49.125 2243 17 209 7451 80
49.25 2243 15 208 7454 80
49.375 2243 11 210 7456 80
49.5 2242 12 205 7461 80
49.625 2241 12 203 7464 80
49.75 2239 13 196 7472 80
49.875 2239 12 194 7475 80
50 2239 11 187 7483 80
50.125 2237 12 184 7487 80
50.25 2236 12 183 7489 80
50.375 2235 12 182 7491 80
50.5 2234 13 180 7493 80
50.625 2234 13 177 7496 80
50.75 2234 12 177 7497 80
50.875 2234 12 173 7501 80
51 2233 11 175 7501 80
51.125 2232 12 173 7503 80
51.25 2230 12 173 7505 80
51.375 2229 13 173 7505 80
51.5 2227 14 169 7510 80
51.625 2226 14 164 7516 80
51.75 2226 12 160 7522 80
51.875 2226 11 157 7526 80
52 2226 11 152 7531 80
52.125 2225 11 152 7532 80
52.25 2223 12 153 7532 80
52.375 2223 11 151 7535 80
52.5 2223 10 151 7536 80
52.625 2222 11 148 7539 80
52.75 2221 12 148 7539 80
52.875 2219 14 146 7541 80
53 2218 15 146 7541 80
53.125 2217 13 145 7545 80
53.25 2217 11 140 7552 80
53.375 2217 10 135 7558 80
53.5 2216 10 132 7562 80
53.625 2215 10 131 7564 80
53.75 2213 11 129 7567 80
53.875 2213 11 128 7568 80
54 2212 11 129 7568 80
54.125 2212 10 128 7570 80
54.25 2212 10 127 7571 80
54.375 2211 11 125 7573 80
54.5 2210 11 121 7578 80
54.625 2208 10 123 7579 80
54.75 2208 10 122 7580 80
54.875 2208 10 121 7581 80
55 2207 11 119 7583 80
55.125 2206 10 121 7583 80
55.25 2205 10 119 7586 80
55.375 2205 9 120 7586 80
55.5 2205 9 117 7588 81
55.625 2205 9 115 7590 81
55.75 2204 10 113 7592 81
55.875 2204 10 108 7597 81
56 2203 10 108 7598 81
56.125 2203 9 108 7599 81
56.25 2203 9 103 7604 81
56.375 2203 8 99 7609 81
56.5 2203 8 95 7612 82
56.625 2203 8 90 7617 82
56.75 2203 8 90 7617 82
56.875 2201 9 88 7620 82
57 2200 10 86 7622 82
57.125 2200 8 87 7623 82
57.25 2200 8 86 7624 82
57.375 2199 8 85 7626 82
57.5 2198 9 83 7628 82
57.625 2197 10 79 7632 82
57.75 2197 10 78 7633 82
57.875 2197 9 74 7638 82
58 2197 9 74 7638 82
58.125 2197 9 73 7639 82
58.25 2197 8 72 7641 82
58.375 2197 8 71 7642 82
58.5 2197 8 69 7644 82
58.625 2196 9 68 7645 82
58.75 2195 8 70 7645 82
58.875 2195 7 68 7648 82
59 2195 7 68 7648 82
59.125 2195 7 67 7649 82
59.25 2195 6 68 7649 82
59.375 2195 5 67 7651 82
59.5 2195 5 66 7652 82
59.625 2195 4 66 7653 82
59.75 2195 4 62 7657 82
59.875 2195 4 60 7659 82
60 2195 3 59 7661 82
60.125 2195 3 58 7662 82
60.25 2195 3 58 7662 82
60.375 2194 4 57 7663 82
60.5 2194 3 57 7664 82
60.625 2194 2 56 7666 82
60.75 2194 2 55 7667 82
60.875 2194 1 55 7668 82
61 2194 1 55 7668 82
61.125 2194 1 54 7669 82
61.25 2194 1 53 7670 82
61.375 2194 1 53 7670 82
61.5 2194 1 51 7672 82
61.625 2194 1 51 7672 82
61.75 2194 1 51 7672 82
61.875 2194 1 50 7673 82
62 2194 1 49 7674 82
62.125 2194 1 47 7676 82
62.25 2194 1 44 7679 82
62.375 2194 1 43 7680 82
62.5 2194 1 43 7680 82
62.625 2194 0 42 7682 82
62.75 2194 0 41 7683 82
62.875 2194 0 40 7684 82
63 2194 0 39 7685 82
63.125 2193 1 39 7685 82
63.25 2193 1 39 7685 82
63.375 2193 0 40 7685 82
63.5 2193 0 40 7685 82
63.625 2193 0 39 7686 82
63.75 2193 0 38 7687 82
63.875 2193 0 35 7690 82
64 2193 0 35 7690 82
64.125 2193 0 32 7693 82
64.25 2192 1 31 7694 82
64.375 2192 1 31 7694 82
64.5 2192 1 30 7695 82
64.625 2192 1 30 7695 82
64.75 2192 1 28 7696 83
64.875 2192 1 28 7696 83
65 2191 2 28 7696 83
65.125 2190 3 28 7696 83
65.25 2190 3 28 7696 83
65.375 2190 3 28 7696 83
65.5 2190 3 27 7697 83
65.625 2190 3 25 7698 84
65.75 2190 3 23 7700 84
65.875 2190 3 23 7700 84
66 2190 3 22 7701 84
66.125 2190 2 23 7701 84
66.25 2189 3 23 7701 84
66.375 2189 3 23 7701 84
66.5 2189 3 22 7702 84
66.625 2189 3 22 7702 84
66.75 2189 3 20 7704 84
66.875 2189 3 19 7705 84
67 2189 2 20 7705 84
67.125 2189 2 20 7705 84
67.25 2189 2 20 7705 84
67.375 2189 2 20 7705 84
67.5 2189 2 19 7706 84
67.625 2189 2 19 7706 84
67.75 2189 1 20 7706 84
67.875 2189 1 20 7706 84
68 2189 1 20 7706 84
68.125 2189 1 20 7706 84
68.25 2189 1 20 7706 84
68.375 2189 1 18 7708 84
68.5 2189 1 18 7708 84
68.625 2189 1 18 7708 84
68.75 2189 1 17 7709 84
68.875 2189 1 17 7709 84
69 2189 1 17 7709 84
69.125 2189 1 17 7709 84
69.25 2189 1 17 7709 84
69.375 2189 1 17 7709 84
69.5 2189 1 17 7709 84
69.625 2189 1 16 7710 84
69.75 2189 1 16 7710 84
69.875 2189 1 16 7710 84
70 2189 1 15 7711 84
70.125 2189 1 14 7712 84
70.25 2189 1 14 7712 84
70.375 2189 1 14 7712 84
70.5 2189 1 14 7712 84
70.625 2189 1 14 7712 84
70.75 2189 1 14 7712 84
70.875 2189 1 14 7712 84
71 2189 1 13 7713 84
71.125 2188 2 13 7713 84
71.25 2188 2 13 7713 84
71.375 2188 2 13 7713 84
71.5 2188 2 12 7714 84
71.625 2188 2 12 7714 84
71.75 2188 2 12 7714 84
71.875 2188 2 12 7714 84
72 2188 2 12 7714 84
72.125 2188 1 13 7714 84
72.25 2188 1 12 7715 84
72.375 2188 1 12 7715 84
72.5 2188 1 12 7715 84
72.625 2188 1 12 7715 84
72.75 2188 1 12 7715 84
72.875 2188 1 12 7715 84
73 2188 1 12 7715 84
73.125 2188 1 12 7715 84
73.25 2188 1 11 7716 84
73.375 2188 1 11 7716 84
73.5 2188 1 11 7716 84
73.625 2188 1 11 7716 84
73.75 2188 1 11 7716 84
73.875 2188 1 11 7716 84
74 2188 1 11 7716 84
74.125 2188 1 11 7716 84
74.25 2188 1 11 7716 84
74.375 2188 1 11 7716 84
74.5 2188 1 11 7716 84
74.625 2188 1 10 7717 84
74.75 2188 1 10 7717 84
74.875 2188 1 10 7717 84
75 2188 1 10 7717 84
75.125 2188 1 10 7717 84
75.25 2188 1 10 7717 84
75.375 2188 1 9 7718 84
75.5 2188 0 10 7718 84
75.625 2188 0 10 7718 84
75.75 2188 0 10 7718 84
75.875 2188 0 9 7719 84
76 2188 0 9 7719 84
76.125 2188 0 9 7719 84
76.25 2188 0 9 7719 84
76.375 2188 0 9 7719 84
76.5 2188 0 7 7721 84
76.625 2188 0 7 7721 84
76.75 2188 0 7 7721 84
76.875 2188 0 7 7721 84
77 2188 0 7 7721 84
77.125 2188 0 7 7721 84
77.25 2188 0 7 7721 84
77.375 2188 0 7 7721 84
77.5 2188 0 7 7721 84
77.625 2188 0 7 7721 84
77.75 2188 0 7 7721 84
77.875 2188 0 7 7721 84
78 2188 0 7 7721 84
78.125 2188 0 7 7721 84
78.25 2188 0 7 7721 84
78.375 2188 0 7 7721 84
78.5 2188 0 7 7721 84
78.625 2188 0 6 7722 84
78.75 2187 1 6 7722 84
78.875 2187 1 6 7722 84
79 2187 1 6 7722 84
79.125 2187 1 6 7722 84
79.25 2187 1 5 7723 84
79.375 2187 1 5 7723 84
79.5 2187 1 5 7723 84
79.625 2187 1 5 7723 84
79.75 2186 2 5 7723 84
79.875 2186 1 6 7723 84
80 2186 1 6 7723 84
80.125 2186 1 6 7723 84
80.25 2186 1 6 7723 84
80.375 2186 1 6 7723 84
80.5 2186 1 6 7723 84
80.625 2186 1 6 7723 84
80.75 2186 1 6 7723 84
80.875 2186 1 6 7723 84
81 2186 1 6 7723 84
81.125 2186 0 6 7724 84
81.25 2186 0 6 7724 84
81.375 2186 0 6 7724 84
81.5 2186 0 5 7725 84
81.625 2186 0 5 7725 84
81.75 2186 0 5 7725 84
81.875 2186 0 5 7725 84
82 2186 0 5 7725 84
82.125 2186 0 5 7725 84
82.25 2186 0 5 7725 84
82.375 2186 0 5 7725 84
82.5 2186 0 4 7726 84
82.625 2186 0 4 7726 84
82.75 2186 0 4 7726 84
82.875 2186 0 4 7726 84
83 2186 0 4 7726 84
83.125 2185 1 4 7726 84
83.25 2185 1 4 7726 84
83.375 2185 1 4 7726 84
83.5 2185 1 4 7726 84
83.625 2185 1 4 7726 84
83.75 2185 1 4 7726 84
83.875 2185 1 4 7726 84
84 2185 1 4 7726 84
84.125 2185 1 4 7726 84
84.25 2185 1 4 7726 84
84.375 2185 1 4 7726 84
84.5 2185 1 4 7726 84
84.625 2185 1 4 7726 84
84.75 2185 1 4 7726 84
84.875 2185 1 4 7726 84
85 2185 1 4 7726 84
85.125 2185 1 4 7726 84
85.25 2185 1 4 7726 84
85.375 2185 1 4 7726 84
85.5 2185 1 4 7726 84
85.625 2185 1 4 7726 84
85.75 2185 1 4 7726 84
85.875 2185 1 4 7726 84
86 2185 1 4 7726 84
86.125 2185 1 4 7726 84
86.25 2185 1 2 7728 84
86.375 2185 1 2 7728 84
86.5 2185 1 2 7728 84
86.625 2185 1 2 7728 84
86.75 2185 1 2 7728 84
86.875 2185 1 2 7728 84
87 2185 1 2 7728 84
87.125 2185 1 2 7728 84
87.25 2185 1 2 7728 84
87.375 2185 1 2 7728 84
87.5 2185 1 2 7728 84
87.625 2185 1 2 7728 84
87.75 2185 1 2 7728 84
87.875 2185 1 2 7728 84
88 2185 0 3 7728 84
88.125 2185 0 3 7728 84
88.25 2185 0 3 7728 84
88.375 2185 0 3 7728 84
88.5 2185 0 3 7728 84
88.625 2185 0 3 7728 84
88.75 2185 0 3 7728 84
88.875 2185 0 3 7728 84
89 2185 0 3 7728 84
89.125 2185 0 3 7728 84
89.25 2185 0 3 7728 84
89.375 2185 0 3 7728 84
89.5 2185 0 3 7728 84
89.625 2185 0 3 7728 84
89.75 2185 0 3 7728 84
89.875 2185 0 3 7728 84
90 2185 0 3 7728 84
90.125 2185 0 3 7728 84
90.25 2185 0 3 7728 84
90.375 2185 0 3 7728 84
90.5 2185 0 3 7728 84
90.625 2185 0 3 7728 84
90.75 2185 0 3 7728 84
90.875 2185 0 3 7728 84
91 2185 0 3 7728 84
91.125 2185 0 3 7728 84
91.25 2185 0 3 7728 84
91.375 2185 0 3 7728 84
91.5 2185 0 3 7728 84
91.625 2185 0 3 7728 84
91.75 2185 0 3 7728 84
91.875 2185 0 3 7728 84
92 2184 1 3 7728 84
92.125 2184 1 3 7728 84
92.25 2184 1 3 7728 84
92.375 2184 1 3 7728 84
92.5 2184 1 3 7728 84
92.625 2184 1 3 7728 84
92.75 2184 1 3 7728 84
92.875 2184 1 3 7728 84
93 2184 1 3 7728 84
93.125 2184 1 3 7728 84
93.25 2184 1 3 7728 84
93.375 2184 1 3 7728 84
93.5 2184 1 3 7728 84
93.625 2184 1 3 7728 84
93.75 2184 1 3 7728 84
93.875 2184 1 3 7728 84
94 2184 1 3 7728 84
94.125 2184 1 3 7728 84
94.25 2184 1 3 7728 84
94.375 2184 1 3 7728 84
94.5 2184 1 2 7729 84
94.625 2184 1 2 7729 84
94.75 2184 1 2 7729 84
94.875 2184 1 2 7729 84
95 2184 1 2 7729 84
95.125 2184 1 2 7729 84
95.25 2184 1 1 7730 84
95.375 2184 1 1 7730 84
95.5 2184 1 1 7730 84
95.625 2184 1 1 7730 84
95.75 2184 1 1 7730 84
95.875 2184 1 1 7730 84
96 2184 1 1 7730 84
96.125 2184 1 1 7730 84
96.25 2184 1 1 7730 84
96.375 2184 1 1 7730 84
96.5 2184 1 1 7730 84
96.625 2184 1 1 7730 84
96.75 2184 1 1 7730 84
96.875 2184 1 1 7730 84
97 2184 1 1 7730 84
97.125 2184 1 1 7730 84
97.25 2184 1 1 7730 84
97.375 2184 1 1 7730 84
97.5 2184 1 1 7730 84
97.625 2184 1 1 7730 84
97.75 2184 1 1 7730 84
97.875 2184 1 1 7730 84
98 2184 1 1 7730 84
98.125 2184 1 1 7730 84
98.25 2184 1 1 7730 84
98.375 2184 1 1 7730 84
98.5 2184 1 1 7730 84
98.625 2184 0 2 7730 84
98.75 2184 0 2 7730 84
98.875 2184 0 2 7730 84
99 2184 0 2 7730 84
99.125 2184 0 2 7730 84
99.25 2183 1 2 7730 84
99.375 2183 1 2 7730 84
99.5 2183 1 2 7730 84
99.625 2183 1 1 7731 84
99.75 2183 1 1 7731 84
99.875 2183 1 1 7731 84
100 2183 1 1 7731 84
100.125 2183 1 1 7731 84
100.25 2183 1 1 7731 84
100.375 2183 1 1 7731 84
100.5 2183 1 1 7731 84
100.625 2183 1 1 7731 84
100.75 2183 1 1 7731 84
100.875 2183 1 1 7731 84
101 2183 1 1 7731 84
101.125 2183 0 2 7731 84
101.25 2182 1 2 7731 84
101.375 2182 1 2 7731 84
101.5 2182 1 2 7731 84
101.625 2182 1 2 7731 84
101.75 2182 1 2 7731 84
101.875 2182 1 2 7731 84
102 2182 1 2 7731 84
102.125 2182 1 2 7731 84
102.25 2182 1 2 7731 84
102.375 2182 1 2 7731 84
102.5 2182 1 2 7731 84
102.625 2182 1 2 7731 84
102.75 2182 1 2 7731 84
102.875 2182 1 2 7731 84
103 2182 1 2 7731 84
103.125 2182 1 2 7731 84
103.25 2182 0 3 7731 84
103.375 2182 0 3 7731 84
103.5 2182 0 3 7731 84
103.625 2182 0 3 7731 84
103.75 2182 0 3 7731 84
103.875 2182 0 3 7731 84
104 2182 0 3 7731 84
104.125 2182 0 3 7731 84
104.25 2182 0 3 7731 84
104.375 2182 0 3 7731 84
104.5 2182 0 3 7731 84
104.625 2182 0 3 7731 84
104.75 2182 0 3 7731 84
104.875 2182 0 3 7731 84
105 2182 0 3 7731 84
105.125 2182 0 2 7732 84
105.25 2182 0 2 7732 84
105.375 2182 0 2 7732 84
105.5 2182 0 2 7732 84
105.625 2182 0 2 7732 84
105.75 2182 0 2 7732 84
105.875 2182 0 2 7732 84
106 2182 0 2 7732 84
106.125 2182 0 2 7732 84
106.25 2182 0 2 7732 84
106.375 2182 0 2 7732 84
106.5 2182 0 2 7732 84
106.625 2182 0 2 7732 84
106.75 2182 0 2 7732 84
106.875 2182 0 2 7732 84
107 2182 0 2 7732 84
107.125 2182 0 1 7733 84
107.25 2182 0 1 7733 84
107.375 2182 0 1 7733 84
107.5 2182 0 1 7733 84
107.625 2182 0 1 7733 84
107.75 2182 0 0 7734 84
