t S E I R D
0 9999 0 1 0 0
0.125 9999 0 1 0 0
0.25 9999 0 1 0 0
0.375 9999 0 1 0 0
0.5 9999 0 1 0 0
0.625 9999 0 1 0 0
0.75 9999 0 1 0 0
0.875 9999 0 1 0 0
1 9999 0 1 0 0
1.125 9999 0 1 0 0
1.25 9999 0 1 0 0
1.375 9999 0 1 0 0
1.5 9998 1 1 0 0
1.625 9998 1 1 0 0
1.75 9998 1 1 0 0
1.875 9998 1 1 0 0
2 9998 1 1 0 0
2.125 9998 1 1 0 0
2.25 9998 1 1 0 0
2.375 9998 1 1 0 0
2.5 9998 1 1 0 0
2.625 9997 2 1 0 0
2.75 9997 2 1 0 0
2.875 9997 2 1 0 0
3 9997 2 1 0 0
3.125 9997 2 1 0 0
3.25 9997 2 1 0 0
3.375 9997 2 1 0 0
3.5 9997 2 1 0 0
3.625 9997 1 2 0 0
3.75 9997 1 2 0 0
3.875 9997 1 2 0 0
4 9997 1 2 0 0
4.125 9997 1 2 0 0
4.25 9997 1 2 0 0
4.375 9997 1 2 0 0
4.5 9997 1 2 0 0
4.625 9997 1 2 0 0
4.75 9997 1 2 0 0
4.875 9997 1 2 0 0
5 9996 1 2 1 0
5.125 9996 1 2 1 0
5.25 9994 3 2 1 0
5.375 9994 3 2 1 0
5.5 9993 4 2 1 0
5.625 9992 4 3 1 0
5.75 9992 3 4 1 0
5.875 9992 3 3 2 0
6 9992 2 4 2 0
6.125 9992 2 4 2 0
6.25 9992 2 4 2 0
6.375 9992 2 4 2 0
6.5 9990 4 4 2 0
6.625 9990 4 4 2 0
6.75 9990 3 5 2 0
6.875 9990 3 5 2 0
7 9990 3 5 2 0
7.125 9990 2 6 2 0
7.25 9990 2 5 3 0
7.375 9990 2 5 3 0
7.5 9989 3 5 3 0
7.625 9989 3 5 3 0
7.75 9989 3 5 3 0
7.875 9989 1 7 3 0
8 9989 1 7 3 0
8.125 9989 1 7 3 0
8.25 9988 2 7 3 0
8.375 9988 2 7 3 0
8.5 9988 2 7 3 0
8.625 9987 3 7 3 0
8.75 9986 4 7 3 0
8.875 9986 4 7 3 0
9 9986 3 8 3 0
9.125 9985 4 8 3 0
9.25 9985 4 8 3 0
9.375 9985 4 8 3 0
9.5 9985 4 8 3 0
9.625 9985 4 6 5 0
9.75 9985 4 6 5 0
9.875 9985 4 6 5 0
10 9985 4 6 5 0
10.125 9985 4 6 5 0
10.25 9985 4 6 5 0
10.375 9985 4 6 5 0
10.5 9985 3 7 5 0
10.625 9985 3 7 5 0
10.75 9985 3 7 5 0
10.875 9985 3 7 5 0
11 9984 4 7 5 0
11.125 9984 4 7 5 0
11.25 9984 4 7 5 0
11.375 9984 4 7 5 0
11.5 9984 4 7 5 0
11.625 9984 3 8 5 0
11.75 9983 4 8 5 0
11.875 9983 4 7 6 0
12 9983 4 6 7 0
12.125 9983 4 6 7 0
12.25 9982 5 6 7 0
12.375 9982 5 5 8 0
12.5 9982 4 6 8 0
12.625 9982 3 7 8 0
12.75 9980 5 7 8 0
12.875 9976 9 7 8 0
13 9971 14 7 8 0
13.125 9968 17 7 8 0
13.25 9963 20 9 8 0
13.375 9960 20 12 8 0
13.5 9951 26 15 8 0
13.625 9948 28 16 8 0
13.75 9942 32 18 8 0
13.875 9931 42 19 8 0
14 9917 56 19 8 0
14.125 9908 60 24 8 0
14.25 9898 68 26 8 0
14.375 9892 72 27 9 0
14.5 9883 78 29 10 0
14.625 9868 91 29 12 0
14.75 9857 95 36 12 0
14.875 9849 99 40 12 0
15 9839 105 44 12 0
15.125 9826 116 44 14 0
15.25 9819 118 49 14 0
15.375 9813 116 56 15 0
15.5 9805 114 62 19 0
15.625 9796 115 68 21 0
15.75 9787 118 74 21 0
15.875 9779 118 81 22 0
16 9770 120 87 23 0
16.125 9761 121 93 25 0
16.25 9751 127 97 25 0
16.375 9732 140 103 25 0
16.5 9720 145 109 26 0
16.625 9705 145 124 26 0
16.75 9692 149 130 29 0
16.875 9681 153 134 32 0
17 9664 157 143 36 0
17.125 9649 162 150 39 0
17.25 9621 181 156 42 0
17.375 9606 189 162 43 0
17.5 9582 200 175 43 0
17.625 9559 209 185 47 0
17.75 9526 229 197 48 0
17.875 9492 249 208 51 0
18 9461 262 221 56 0
18.125 9431 275 233 61 0
18.25 9409 282 248 61 0
18.375 9376 296 264 64 0
18.5 9337 314 279 70 0
18.625 9304 320 301 75 0
18.75 9258 344 319 79 0
18.875 9205 380 332 83 0
19 9155 412 343 90 0
19.125 9120 422 361 97 0
19.25 9080 435 375 110 0
19.375 9040 444 399 117 0
19.5 9012 442 421 125 0
19.625 8967 463 435 135 0
19.75 8908 496 452 144 0
19.875 8857 515 475 153 0
20 8803 534 496 165 2
20.125 8799 504 522 172 3
20.25 8799 472 545 181 3
20.375 8796 443 567 191 3
20.5 8795 421 578 203 3
20.625 8793 397 591 215 4
20.75 8793 368 608 227 4
20.875 8790 348 624 234 4
21 8787 332 632 245 4
21.125 8787 310 642 257 4
21.25 8785 291 646 274 4
21.375 8785 265 657 289 4
21.5 8785 251 661 299 4
21.625 8785 234 661 316 4
21.75 8783 225 651 337 4
21.875 8782 217 648 349 4
22 8780 201 649 366 4
22.125 8780 196 635 385 4
22.25 8778 183 640 394 5
22.375 8774 176 631 414 5
22.5 8772 171 632 420 5
22.625 8772 155 625 443 5
22.75 8771 145 626 453 5
22.875 8768 140 617 470 5
23 8768 133 609 485 5
23.125 8767 125 602 501 5
23.25 8763 122 599 511 5
23.375 8763 119 586 527 5
23.5 8763 115 576 541 5
23.625 8762 105 579 549 5
23.75 8760 102 572 561 5
23.875 8759 98 568 569 6
24 8759 96 561 578 6
24.125 8758 89 563 583 7
24.25 8758 83 559 593 7
24.375 8757 79 551 606 7
24.5 8755 79 542 617 7
24.625 8755 75 538 624 8
24.75 8754 72 536 630 8
24.875 8754 69 525 644 8
25 8753 65 525 649 8
25.125 8752 60 517 663 8
25.25 8752 54 517 669 8
25.375 8752 53 510 676 9
25.5 8751 51 503 686 9
25.625 8751 49 496 694 10
25.75 8751 44 494 701 10
25.875 8751 42 490 707 10
26 8751 39 488 712 10
26.125 8751 37 479 722 11
26.25 8750 36 472 731 11
26.375 8749 36 468 736 11
26.5 8749 34 465 741 11
26.625 8749 32 456 752 11
26.75 8749 28 453 759 11
26.875 8749 26 447 767 11
27 8748 26 439 776 11
27.125 8748 25 428 788 11
27.25 8748 23 416 801 12
27.375 8748 21 406 813 12
27.5 8747 19 396 826 12
27.625 8747 15 389 837 12
27.75 8747 15 382 843 13
27.875 8746 14 379 848 13
28 8746 12 373 856 13
28.125 8746 12 364 865 13
28.25 8746 9 352 880 13
28.375 8746 8 346 887 13
28.5 8746 8 337 896 13
28.625 8746 7 332 902 13
28.75 8745 8 326 908 13
28.875 8745 8 318 915 14
29 8744 9 314 919 14
29.125 8744 9 310 923 14
29.25 8744 8 301 933 14
29.375 8744 8 293 941 14
29.5 8743 9 289 945 14
29.625 8743 8 282 953 14
29.75 8743 8 271 964 14
29.875 8743 7 267 969 14
30 8743 7 263 973 14
30.125 8742 7 261 976 14
30.25 8742 7 258 979 14
30.375 8742 5 255 984 14
30.5 8742 5 245 994 14
30.625 8742 5 242 997 14
30.75 8742 5 238 1001 14
30.875 8742 4 233 1007 14
31 8742 4 230 1010 14
31.125 8741 5 225 1015 14
31.25 8741 5 222 1018 14
31.375 8741 5 219 1021 14
31.5 8741 5 215 1025 14
31.625 8740 6 208 1031 15
31.75 8739 6 207 1033 15
31.875 8739 2 205 1039 15
32 8739 2 198 1046 15
32.125 8739 2 192 1052 15
32.25 8739 2 187 1056 16
32.375 8738 2 185 1059 16
32.5 8738 2 179 1065 16
32.625 8738 2 172 1072 16
32.75 8737 2 169 1076 16
32.875 8737 2 164 1081 16
33 8737 2 159 1086 16
33.125 8737 2 156 1089 16
33.25 8737 2 152 1093 16
33.375 8737 2 149 1096 16
33.5 8737 2 148 1097 16
33.625 8737 1 147 1099 16
33.75 8737 1 147 1099 16
33.875 8737 1 143 1102 17
34 8737 1 141 1104 17
34.125 8736 2 140 1105 17
34.25 8736 2 139 1106 17
34.375 8736 2 137 1108 17
34.5 8736 2 136 1109 17
34.625 8736 2 131 1114 17
34.75 8736 2 129 1116 17
34.875 8736 2 129 1116 17
35 8736 2 124 1121 17
35.125 8736 2 120 1125 17
35.25 8736 1 119 1127 17
35.375 8736 1 118 1128 17
35.5 8736 1 115 1131 17
35.625 8736 1 114 1132 17
35.75 8736 1 113 1133 17
35.875 8735 2 111 1135 17
36 8735 2 111 1135 17
36.125 8735 2 110 1136 17
36.25 8735 2 110 1136 17
36.375 8735 2 109 1137 17
36.5 8735 2 107 1139 17
36.625 8735 2 103 1143 17
36.75 8735 2 101 1145 17
36.875 8735 2 98 1148 17
37 8735 2 98 1148 17
37.125 8735 2 98 1148 17
37.25 8735 2 96 1150 17
37.375 8735 2 94 1152 17
37.5 8735 2 90 1156 17
37.625 8735 2 89 1157 17
37.75 8735 2 88 1158 17
37.875 8735 2 85 1161 17
38 8735 2 82 1164 17
38.125 8735 2 81 1165 17
38.25 8735 2 81 1165 17
38.375 8734 3 79 1167 17
38.5 8734 2 77 1170 17
38.625 8734 2 77 1170 17
38.75 8734 2 76 1171 17
38.875 8734 2 75 1172 17
39 8734 2 71 1176 17
39.125 8734 2 71 1176 17
39.25 8734 2 70 1177 17
39.375 8734 2 68 1179 17
39.5 8734 2 66 1181 17
39.625 8733 2 67 1181 17
39.75 8733 1 68 1181 17
39.875 8733 1 65 1184 17
40 8733 1 64 1185 17
40.125 8733 1 63 1186 17
40.25 8733 1 63 1186 17
40.375 8733 1 60 1189 17
40.5 8733 1 59 1190 17
40.625 8733 1 59 1190 17
40.75 8732 2 58 1191 17
40.875 8732 2 58 1191 17
41 8732 2 58 1191 17
41.125 8732 2 58 1191 17
41.25 8732 2 57 1192 17
41.375 8732 0 58 1193 17
41.5 8732 0 58 1193 17
41.625 8732 0 58 1193 17
41.75 8732 0 57 1194 17
41.875 8732 0 56 1195 17
42 8732 0 56 1195 17
42.125 8732 0 53 1198 17
42.25 8732 0 53 1198 17
42.375 8732 0 53 1198 17
42.5 8732 0 52 1199 17
42.625 8732 0 52 1199 17
42.75 8732 0 51 1200 17
42.875 8732 0 50 1201 17
43 8732 0 50 1201 17
43.125 8732 0 47 1204 17
43.25 8732 0 47 1204 17
43.375 8732 0 46 1205 17
43.5 8732 0 46 1205 17
43.625 8732 0 46 1205 17
43.75 8731 1 44 1207 17
43.875 8731 0 44 1208 17
44 8731 0 42 1210 17
44.125 8731 0 41 1211 17
44.25 8731 0 41 1211 17
44.375 8731 0 41 1211 17
44.5 8731 0 39 1213 17
44.625 8731 0 38 1214 17
44.75 8731 0 37 1215 17
44.875 8731 0 36 1216 17
45 8731 0 35 1217 17
45.125 8731 0 35 1217 17
45.25 8731 0 34 1218 17
45.375 8731 0 33 1219 17
45.5 8731 0 33 1219 17
45.625 8731 0 33 1219 17
45.75 8731 0 32 1220 17
45.875 8731 0 32 1220 17
46 8731 0 31 1221 17
46.125 8731 0 31 1221 17
46.25 8731 0 29 1223 17
46.375 8731 0 29 1223 17
46.5 8731 0 29 1223 17
46.625 8731 0 29 1223 17
46.75 8731 0 29 1223 17
46.875 8731 0 29 1223 17
47 8731 0 29 1223 17
47.125 8731 0 29 1223 17
47.25 8731 0 29 1223 17
47.375 8731 0 29 1223 17
47.5 8731 0 28 1224 17
47.625 8731 0 27 1225 17
47.75 8731 0 27 1225 17
47.875 8731 0 27 1225 17
48 8731 0 26 1226 17
48.125 8731 0 26 1226 17
48.25 8731 0 26 1226 17
48.375 8731 0 26 1226 17
48.5 8731 0 26 1226 17
48.625 8731 0 26 1226 17
48.75 8731 0 25 1227 17
48.875 8731 0 25 1227 17
49 8731 0 25 1227 17
49.125 8731 0 25 1227 17
49.25 8731 0 23 1229 17
49.375 8731 0 23 1229 17
49.5 8731 0 23 1229 17
49.625 8731 0 23 1229 17
49.75 8731 0 23 1229 17
49.875 8731 0 21 1231 17
50 8731 0 21 1231 17
50.125 8731 0 21 1231 17
50.25 8731 0 19 1233 17
50.375 8731 0 19 1233 17
50.5 8731 0 19 1233 17
50.625 8731 0 19 1233 17
50.75 8731 0 19 1233 17
50.875 8731 0 18 1234 17
51 8731 0 18 1234 17
51.125 8731 0 17 1235 17
51.25 8731 0 16 1236 17
51.375 8731 0 16 1236 17
51.5 8731 0 16 1236 17
51.625 8731 0 16 1236 17
51.75 8731 0 16 1236 17
51.875 8731 0 15 1237 17
52 8731 0 15 1237 17
52.125 8731 0 15 1237 17
52.25 8731 0 14 1238 17
52.375 8731 0 12 1240 17
52.5 8731 0 12 1240 17
52.625 8731 0 12 1240 17
52.75 8731 0 12 1240 17
52.875 8731 0 12 1240 17
53 8731 0 11 1241 17
53.125 8731 0 11 1241 17
53.25 8731 0 11 1241 17
53.375 8731 0 11 1241 17
53.5 8731 0 11 1241 17
53.625 8731 0 11 1241 17
53.75 8731 0 11 1241 17
53.875 8731 0 11 1241 17
54 8731 0 10 1242 17
54.125 8731 0 10 1242 17
54.25 8731 0 9 1243 17
54.375 8731 0 9 1243 17
54.5 8731 0 8 1244 17
54.625 8731 0 8 1244 17
54.75 8731 0 8 1244 17
54.875 8731 0 8 1244 17
55 8731 0 8 1244 17
55.125 8731 0 8 1244 17
55.25 8731 0 8 1244 17
55.375 8731 0 8 1244 17
55.5 8731 0 8 1244 17
55.625 8731 0 8 1244 17
55.75 8731 0 8 1244 17
55.875 8731 0 8 1244 17
56 8731 0 8 1244 17
56.125 8731 0 8 1244 17
56.25 8731 0 8 1244 17
56.375 8731 0 8 1244 17
56.5 8731 0 8 1244 17
56.625 8731 0 8 1244 17
56.75 8731 0 7 1245 17
56.875 8731 0 7 1245 17
57 8731 0 7 1245 17
57.125 8731 0 7 1245 17
57.25 8731 0 7 1245 17
57.375 8731 0 7 1245 17
57.5 8731 0 7 1245 17
57.625 8731 0 7 1245 17
57.75 8731 0 7 1245 17
57.875 8731 0 7 1245 17
58 8731 0 7 1245 17
58.125 8731 0 7 1245 17
58.25 8731 0 7 1245 17
58.375 8731 0 7 1245 17
58.5 8731 0 7 1245 17
58.625 8731 0 5 1247 17
58.75 8731 0 5 1247 17
58.875 8731 0 4 1248 17
59 8731 0 3 1249 17
59.125 8731 0 3 1249 17
59.25 8731 0 2 1250 17
59.375 8731 0 2 1250 17
59.5 8731 0 2 1250 17
59.625 8731 0 2 1250 17
59.75 8731 0 2 1250 17
59.875 8731 0 1 1251 17
60 8731 0 1 1251 17
60.125 8731 0 1 1251 17
60.25 8731 0 1 1251 17
60.375 8731 0 1 1251 17
60.5 8731 0 1 1251 17
60.625 8731 0 1 1251 17
60.75 8731 0 1 1251 17
60.875 8731 0 1 1251 17
61 8731 0 1 1251 17
61.125 8731 0 1 1251 17
61.25 8731 0 1 1251 17
61.375 8731 0 1 1251 17
61.5 8731 0 1 1251 17
61.625 8731 0 1 1251 17
61.75 8731 0 1 1251 17
61.875 8731 0 1 1251 17
62 8731 0 1 1251 17
62.125 8731 0 1 1251 17
62.25 8731 0 1 1251 17
62.375 8731 0 1 1251 17
62.5 8731 0 1 1251 17
62.625 8731 0 1 1251 17
62.75 8731 0 1 1251 17
62.875 8731 0 0 1252 17
