t S E I R D
0 9998 0 2 0 0
0.125 9998 0 2 0 0
0.25 9998 0 2 0 0
0.375 9998 0 2 0 0
0.5 9997 1 2 0 0
0.625 9996 2 1 1 0
0.75 9995 3 1 1 0
0.875 9995 3 1 1 0
1 9995 3 1 1 0
1.125 9994 3 2 1 0
1.25 9981 16 2 1 0
1.375 9974 22 3 1 0
1.5 9964 30 5 1 0
1.625 9954 39 5 2 0
1.75 9946 43 8 3 0
1.875 9932 56 9 3 0
2 9928 56 13 3 0
2.125 9915 65 17 3 0
2.25 9907 67 23 3 0
2.375 9885 86 26 3 0
2.5 9870 100 27 3 0
2.625 9859 101 37 3 0
2.75 9839 115 43 3 0
2.875 9823 125 48 4 0
3 9803 137 55 5 0
3.125 9788 144 63 5 0
3.25 9766 162 65 7 0
3.375 9751 168 71 10 0
3.5 9734 170 86 10 0
3.625 9713 182 92 13 0
3.75 9686 201 98 15 0
3.875 9663 211 111 15 0
4 9636 227 120 17 0
4.125 9614 237 129 20 0
4.25 9589 246 144 21 0
4.375 9566 254 153 27 0
4.5 9527 280 163 30 0
4.625 9509 280 173 38 0
4.75 9489 275 196 40 0
4.875 9449 297 211 43 0
5 9404 322 228 46 0
5.125 9362 352 235 51 0
5.25 9318 387 240 54 1
5.375 9314 359 269 57 1
5.5 9311 337 290 61 1
5.625 9309 317 306 67 1
5.75 9306 301 321 71 1
5.875 9301 282 339 77 1
6 9293 268 350 88 1
6.125 9275 272 352 100 1
6.25 9261 262 369 107 1
6.375 9255 261 373 110 1
6.5 9247 250 380 122 1
6.625 9246 230 390 133 1
6.75 9241 223 387 148 1
6.875 9235 218 390 156 1
7 9231 210 394 164 1
7.125 9223 202 401 173 1
7.25 9218 196 403 182 1
7.375 9205 195 409 190 1
7.5 9196 198 401 203 2
7.625 9191 193 403 211 2
7.75 9189 182 408 219 2
7.875 9185 179 405 228 3
8 9184 169 407 237 3
8.125 9178 166 406 247 3
8.25 9175 153 415 254 3
8.375 9172 148 415 262 3
8.5 9171 136 417 273 3
8.625 9169 132 417 279 3
8.75 9169 126 417 285 3
8.875 9163 126 410 298 3
9 9163 120 412 302 3
9.125 9161 117 410 309 3
9.25 9158 112 407 320 3
9.375 9154 113 396 333 4
9.5 9151 105 397 343 4
9.625 9150 96 399 351 4
9.75 9150 90 400 356 4
9.875 9150 85 399 362 4
10 9148 82 391 375 4
10.125 9147 77 382 390 4
10.25 9146 74 381 395 4
10.375 9145 70 380 401 4
10.5 9140 72 372 411 5
10.625 9139 68 365 423 5
10.75 9139 66 359 431 5
10.875 9139 65 352 439 5
11 9138 60 353 444 5
11.125 9138 55 355 446 6
11.25 9138 49 349 458 6
11.375 9138 44 347 465 6
11.5 9136 44 338 476 6
11.625 9132 45 337 480 6
11.75 9130 46 334 484 6
11.875 9127 46 327 494 6
12 9126 45 326 497 6
12.125 9126 40 323 505 6
12.25 9126 38 320 510 6
12.375 9125 36 318 515 6
12.5 9123 36 315 520 6
12.625 9122 35 314 523 6
12.75 9120 32 313 529 6
12.875 9120 30 304 540 6
13 9120 28 297 548 7
13.125 9119 26 295 553 7
13.25 9119 24 288 562 7
13.375 9119 24 281 568 8
13.5 9119 22 274 577 8
13.625 9119 21 271 581 8
13.75 9119 21 265 587 8
13.875 9119 19 262 592 8
14 9119 17 258 598 8
14.125 9119 17 257 599 8
14.25 9119 15 257 601 8
14.375 9119 14 248 611 8
14.5 9118 15 241 618 8
14.625 9118 13 236 625 8
14.75 9118 12 234 628 8
14.875 9118 12 228 634 8
15 9117 13 224 638 8
15.125 9117 11 217 647 8
15.25 9117 11 213 651 8
15.375 9116 11 209 656 8
15.5 9116 9 208 659 8
15.625 9116 9 203 664 8
15.75 9116 8 197 670 9
15.875 9116 7 194 674 9
16 9116 7 190 678 9
16.125 9116 7 186 682 9
16.25 9116 7 181 687 9
16.375 9116 6 176 693 9
16.5 9116 6 172 697 9
16.625 9115 7 168 701 9
16.75 9115 7 164 705 9
16.875 9115 6 159 711 9
17 9115 5 158 713 9
17.125 9113 7 153 718 9
17.25 9113 7 148 723 9
17.375 9113 7 146 725 9
17.5 9113 7 143 728 9
17.625 9113 7 139 732 9
17.75 9113 7 134 737 9
17.875 9113 7 127 744 9
18 9113 7 124 747 9
18.125 9112 7 122 750 9
18.25 9112 7 120 752 9
18.375 9111 7 120 753 9
18.5 9111 5 119 756 9
18.625 9111 5 114 761 9
18.75 9111 5 111 764 9
18.875 9110 6 109 766 9
19 9110 6 107 768 9
19.125 9110 6 106 769 9
19.25 9110 6 104 771 9
19.375 9110 6 99 776 9
19.5 9110 6 92 783 9
19.625 9110 5 90 786 9
19.75 9110 5 87 789 9
19.875 9110 5 83 793 9
20 9110 5 80 796 9
20.125 9110 5 79 797 9
20.25 9110 4 78 799 9
20.375 9110 3 79 799 9
20.5 9110 2 79 800 9
20.625 9110 1 79 801 9
20.75 9110 1 76 803 10
20.875 9110 1 74 805 10
21 9110 1 69 810 10
21.125 9110 1 68 811 10
21.25 9110 1 65 814 10
21.375 9110 1 64 815 10
21.5 9110 0 63 817 10
21.625 9110 0 63 817 10
21.75 9110 0 62 818 10
21.875 9109 1 61 819 10
22 9109 1 59 821 10
22.125 9109 1 58 822 10
22.25 9109 1 51 828 11
22.375 9109 1 51 828 11
22.5 9109 1 50 829 11
22.625 9109 1 49 830 11
22.75 9109 0 50 830 11
22.875 9109 0 49 831 11
23 9109 0 47 833 11
23.125 9109 0 45 835 11
23.25 9109 0 45 835 11
23.375 9109 0 44 836 11
23.5 9109 0 44 836 11
23.625 9109 0 41 839 11
23.75 9109 0 41 839 11
23.875 9109 0 40 840 11
24 9109 0 38 842 11
24.125 9109 0 37 843 11
24.25 9109 0 37 843 11
24.375 9109 0 36 844 11
24.5 9109 0 35 845 11
24.625 9109 0 35 845 11
24.75 9109 0 34 846 11
24.875 9109 0 33 847 11
25 9109 0 33 847 11
25.125 9109 0 31 849 11
25.25 9109 0 31 849 11
25.375 9109 0 28 852 11
25.5 9109 0 28 852 11
25.625 9109 0 28 852 11
25.75 9109 0 28 852 11
25.875 9109 0 28 852 11
26 9109 0 27 853 11
26.125 9109 0 27 853 11
26.25 9109 0 27 853 11
26.375 9109 0 26 854 11
26.5 9109 0 25 855 11
26.625 9109 0 25 855 11
26.75 9109 0 25 855 11
26.875 9109 0 24 856 11
27 9109 0 24 856 11
27.125 9109 0 24 856 11
27.25 9109 0 24 856 11
27.375 9109 0 23 857 11
27.5 9109 0 23 857 11
27.625 9108 1 22 858 11
27.75 9108 1 22 858 11
27.875 9108 1 22 858 11
28 9108 1 22 858 11
28.125 9108 1 22 858 11
28.25 9108 1 21 859 11
28.375 9108 1 20 860 11
28.5 9108 1 20 860 11
28.625 9108 1 20 860 11
28.75 9108 1 20 860 11
28.875 9108 1 18 862 11
29 9108 1 18 862 11
29.125 9108 1 18 862 11
29.25 9108 1 18 862 11
29.375 9108 1 18 862 11
29.5 9108 1 18 862 11
29.625 9108 1 17 863 11
29.75 9108 1 17 863 11
29.875 9108 1 17 863 11
30 9108 1 17 863 11
30.125 9108 1 17 863 11
30.25 9108 1 17 863 11
30.375 9108 1 15 865 11
30.5 9108 1 15 865 11
30.625 9108 1 15 865 11
30.75 9108 1 14 866 11
30.875 9108 1 14 866 11
31 9108 1 14 866 11
31.125 9108 1 14 866 11
31.25 9108 1 14 866 11
31.375 9108 1 14 866 11
31.5 9108 1 14 866 11
31.625 9108 1 14 866 11
31.75 9108 1 13 867 11
31.875 9108 1 13 867 11
32 9108 1 13 867 11
32.125 9108 1 13 867 11
32.25 9108 1 11 868 12
32.375 9108 1 10 869 12
32.5 9108 1 9 870 12
32.625 9108 1 9 870 12
32.75 9108 1 9 870 12
32.875 9108 1 9 870 12
33 9108 1 8 871 12
33.125 9108 1 7 872 12
33.25 9108 1 7 872 12
33.375 9108 1 7 872 12
33.5 9108 1 6 873 12
33.625 9108 0 7 873 12
33.75 9108 0 7 873 12
33.875 9108 0 7 873 12
34 9108 0 7 873 12
34.125 9108 0 6 874 12
34.25 9108 0 6 874 12
34.375 9108 0 6 874 12
34.5 9108 0 6 874 12
34.625 9108 0 6 874 12
34.75 9108 0 6 874 12
34.875 9108 0 6 874 12
35 9108 0 6 874 12
35.125 9108 0 6 874 12
35.25 9108 0 6 874 12
35.375 9108 0 6 874 12
35.5 9108 0 6 874 12
35.625 9108 0 6 874 12
35.75 9108 0 6 874 12
35.875 9108 0 6 874 12
36 9108 0 5 875 12
36.125 9108 0 5 875 12
36.25 9108 0 5 875 12
36.375 9108 0 5 875 12
36.5 9108 0 5 875 12
36.625 9108 0 5 875 12
36.75 9108 0 5 875 12
36.875 9108 0 5 875 12
37 9108 0 4 876 12
37.125 9108 0 4 876 12
37.25 9108 0 4 876 12
37.375 9108 0 4 876 12
37.5 9108 0 4 876 12
37.625 9108 0 4 876 12
37.75 9108 0 4 876 12
37.875 9108 0 3 877 12
38 9108 0 3 877 12
38.125 9108 0 3 877 12
38.25 9108 0 3 877 12
38.375 9108 0 3 877 12
38.5 9108 0 3 877 12
38.625 9108 0 3 877 12
38.75 9108 0 3 877 12
38.875 9108 0 3 877 12
39 9108 0 3 877 12
39.125 9108 0 3 877 12
39.25 9108 0 3 877 12
39.375 9108 0 3 877 12
39.5 9108 0 3 877 12
39.625 9108 0 3 877 12
39.75 9108 0 3 877 12
39.875 9108 0 3 877 12
40 9108 0 3 877 12
40.125 9108 0 3 877 12
40.25 9108 0 3 877 12
40.375 9108 0 3 877 12
40.5 9108 0 3 877 12
40.625 9108 0 3 877 12
40.75 9108 0 3 877 12
40.875 9108 0 3 877 12
41 9108 0 3 877 12
41.125 9108 0 3 877 12
41.25 9108 0 3 877 12
41.375 9108 0 3 877 12
41.5 9108 0 3 877 12
41.625 9108 0 2 878 12
41.75 9108 0 2 878 12
41.875 9108 0 2 878 12
42 9108 0 2 878 12
42.125 9108 0 2 878 12
42.25 9108 0 2 878 12
42.375 9108 0 2 878 12
42.5 9108 0 2 878 12
42.625 9108 0 2 878 12
42.75 9108 0 2 878 12
42.875 9108 0 2 878 12
43 9108 0 2 878 12
43.125 9108 0 2 878 12
43.25 9108 0 2 878 12
43.375 9108 0 2 878 12
43.5 9108 0 2 878 12
43.625 9108 0 2 878 12
43.75 9108 0 2 878 12
43.875 9108 0 2 878 12
44 9108 0 2 878 12
44.125 9108 0 2 878 12
44.25 9108 0 2 878 12
44.375 9108 0 2 878 12
44.5 9108 0 2 878 12
44.625 9108 0 2 878 12
44.75 9108 0 2 878 12
44.875 9108 0 2 878 12
45 9108 0 2 878 12
45.125 9108 0 2 878 12
45.25 9108 0 2 878 12
45.375 9108 0 2 878 12
45.5 9108 0 2 878 12
45.625 9108 0 2 878 12
45.75 9108 0 2 878 12
45.875 9108 0 2 878 12
46 9108 0 2 878 12
46.125 9108 0 2 878 12
46.25 9108 0 2 878 12
46.375 9108 0 2 878 12
46.5 9108 0 2 878 12
46.625 9108 0 2 878 12
46.75 9108 0 2 878 12
46.875 9108 0 2 878 12
47 9108 0 2 878 12
47.125 9108 0 2 878 12
47.25 9108 0 2 878 12
47.375 9108 0 2 878 12
47.5 9108 0 1 879 12
47.625 9108 0 1 879 12
47.75 9108 0 1 879 12
47.875 9108 0 1 879 12
48 9108 0 1 879 12
48.125 9108 0 1 879 12
48.25 9108 0 1 879 12
48.375 9108 0 1 879 12
48.5 9108 0 1 879 12
48.625 9108 0 1 879 12
48.75 9108 0 1 879 12
48.875 9108 0 1 879 12
49 9108 0 1 879 12
49.125 9108 0 1 879 12
49.25 9108 0 1 879 12
49.375 9108 0 1 879 12
49.5 9108 0 1 879 12
49.625 9108 0 1 879 12
49.75 9108 0 1 879 12
49.875 9108 0 1 879 12
50 9108 0 1 879 12
50.125 9108 0 1 879 12
50.25 9108 0 1 879 12
50.375 9108 0 1 879 12
50.5 9108 0 1 879 12
50.625 9108 0 1 879 12
50.75 9108 0 1 879 12
50.875 9108 0 1 879 12
51 9108 0 1 879 12
51.125 9108 0 1 879 12
51.25 9108 0 1 879 12
51.375 9108 0 1 879 12
51.5 9108 0 1 879 12
51.625 9108 0 1 879 12
51.75 9108 0 1 879 12
51.875 9108 0 1 879 12
52 9108 0 1 879 12
52.125 9108 0 1 879 12
52.25 9108 0 1 879 12
52.375 9108 0 1 879 12
52.5 9108 0 1 879 12
52.625 9108 0 1 879 12
52.75 9108 0 1 879 12
52.875 9108 0 1 879 12
53 9108 0 1 879 12
53.125 9108 0 1 879 12
53.25 9108 0 1 879 12
53.375 9108 0 1 879 12
53.5 9108 0 1 879 12
53.625 9108 0 1 879 12
53.75 9108 0 1 879 12
53.875 9108 0 1 879 12
54 9108 0 1 879 12
54.125 9108 0 1 879 12
54.25 9108 0 1 879 12
54.375 9108 0 1 879 12
54.5 9108 0 1 879 12
54.625 9108 0 1 879 12
54.75 9108 0 1 879 12
54.875 9108 0 1 879 12
55 9108 0 1 879 12
55.125 9108 0 1 879 12
55.25 9108 0 1 879 12
55.375 9108 0 1 879 12
55.5 9108 0 1 879 12
55.625 9108 0 0 880 12
