t S E I R D
0 9998 0 2 0 0
0.125 9998 0 2 0 0
0.25 9998 0 2 0 0
0.375 9998 0 2 0 0
0.5 9998 0 2 0 0
0.625 9997 1 2 0 0
0.75 9997 1 2 0 0
0.875 9997 1 2 0 0
1 9997 1 2 0 0
1.125 9997 1 2 0 0
1.25 9996 2 2 0 0
1.375 9996 2 2 0 0
1.5 9996 2 2 0 0
1.625 9996 2 2 0 0
1.75 9996 2 2 0 0
1.875 9996 2 2 0 0
2 9996 2 2 0 0
2.125 9996 2 2 0 0
2.25 9996 1 3 0 0
2.375 9996 1 3 0 0
2.5 9996 1 3 0 0
2.625 9996 1 3 0 0
2.75 9996 1 3 0 0
2.875 9996 1 3 0 0
3 9995 2 3 0 0
3.125 9995 2 3 0 0
3.25 9995 2 3 0 0
3.375 9995 2 3 0 0
3.5 9995 2 3 0 0
3.625 9995 2 3 0 0
3.75 9994 3 3 0 0
3.875 9994 3 3 0 0
4 9994 3 3 0 0
4.125 9994 3 3 0 0
4.25 9994 3 3 0 0
4.375 9994 3 3 0 0
4.5 9994 3 3 0 0
4.625 9994 3 2 1 0
4.75 9994 3 2 1 0
4.875 9994 3 2 1 0
5 9994 3 2 1 0
5.125 9994 3 2 1 0
5.25 9994 3 2 1 0
5.375 9994 2 3 1 0
5.5 9993 3 3 1 0
5.625 9993 2 4 1 0
5.75 9989 6 4 1 0
5.875 9978 17 4 1 0
6 9967 28 4 1 0
6.125 9959 35 5 1 0
6.25 9951 41 7 1 0
6.375 9943 48 8 1 0
6.5 9931 58 10 1 0
6.625 9927 55 16 2 0
6.75 9921 57 20 2 0
6.875 9908 66 24 2 0
7 9899 72 27 2 0
7.125 9888 80 30 2 0
7.25 9871 91 35 3 0
7.375 9863 98 35 4 0
7.5 9856 100 40 4 0
7.625 9848 102 45 5 0
7.75 9847 97 51 5 0
7.875 9839 102 54 5 0
8 9834 99 62 5 0
8.125 9825 97 71 7 0
8.25 9818 98 75 9 0
8.375 9804 109 76 11 0
8.5 9790 112 85 13 0
8.625 9759 138 90 13 0
8.75 9736 154 97 13 0
8.875 9715 169 101 15 0
9 9693 178 113 16 0
9.125 9669 184 130 17 0
9.25 9635 207 139 19 0
9.375 9617 209 153 21 0
9.5 9594 219 164 23 0
9.625 9573 232 168 27 0
9.75 9546 248 175 31 0
9.875 9522 258 184 36 0
10 9490 276 193 41 0
10.125 9451 300 204 45 0
10.25 9420 304 228 48 0
10.375 9361 334 250 55 0
10.5 9296 383 261 60 0
10.625 9247 405 288 60 0
10.75 9182 448 303 67 0
10.875 9126 470 335 69 0
11 9069 502 350 79 0
11.125 9000 537 375 88 0
11.25 8938 557 413 92 0
11.375 8868 600 431 101 0
11.5 8790 639 460 111 0
11.625 8710 688 488 114 0
11.75 8642 705 526 127 0
11.875 8548 753 556 143 0
12 8469 788 587 156 0
12.125 8412 789 626 173 0
12.25 8332 827 650 191 0
12.375 8255 855 687 203 0
12.5 8167 892 723 218 0
12.625 8067 945 755 233 0
12.75 7972 983 796 248 1
12.875 7968 919 846 266 1
13 7964 865 886 284 1
13.125 7957 821 915 306 1
13.25 7950 770 951 328 1
13.375 7938 742 970 349 1
13.5 7928 691 1009 371 1
13.625 7912 659 1032 396 1
13.75 7900 623 1061 414 2
13.875 7896 590 1080 431 3
14 7892 558 1097 450 3
14.125 7889 539 1097 472 3
14.25 7887 514 1107 489 3
14.375 7884 488 1110 515 3
14.5 7880 470 1105 541 4
14.625 7879 444 1105 567 5
14.75 7875 416 1121 582 6
14.875 7873 393 1125 603 6
15 7870 377 1122 625 6
15.125 7869 355 1129 641 6
15.25 7869 338 1124 662 7
15.375 7867 325 1112 689 7
15.5 7866 309 1104 714 7
15.625 7866 293 1100 734 7
15.75 7865 280 1094 754 7
15.875 7863 266 1083 781 7
16 7859 251 1088 795 7
16.125 7858 232 1086 817 7
16.25 7856 214 1076 846 8
16.375 7855 200 1066 869 10
16.5 7853 193 1045 899 10
16.625 7852 184 1029 925 10
16.75 7852 175 1011 950 12
16.875 7852 160 1006 969 13
17 7851 155 983 998 13
17.125 7851 145 977 1014 13
17.25 7851 141 955 1040 13
17.375 7849 135 949 1054 13
17.5 7848 125 938 1074 15
17.625 7848 117 928 1092 15
17.75 7847 112 921 1105 15
17.875 7847 105 904 1129 15
18 7847 98 892 1148 15
18.125 7846 93 880 1166 15
18.25 7846 87 864 1188 15
18.375 7845 83 850 1207 15
18.5 7844 80 842 1219 15
18.625 7842 75 835 1233 15
18.75 7841 70 821 1253 15
18.875 7841 62 810 1272 15
19 7841 58 800 1286 15
19.125 7841 55 785 1304 15
19.25 7839 54 773 1319 15
19.375 7838 53 759 1335 15
19.5 7838 47 743 1357 15
19.625 7838 43 729 1375 15
19.75 7836 42 722 1385 15
19.875 7836 41 707 1401 15
20 7835 40 700 1410 15
20.125 7835 38 686 1426 15
20.25 7832 38 673 1442 15
20.375 7832 37 668 1447 16
20.5 7832 37 654 1461 16
20.625 7832 33 646 1473 16
20.75 7832 33 635 1484 16
20.875 7832 30 624 1497 17
21 7832 26 613 1512 17
21.125 7832 24 605 1522 17
21.25 7830 24 595 1534 17
21.375 7830 24 586 1543 17
21.5 7829 23 582 1549 17
21.625 7829 21 564 1569 17
21.75 7828 22 552 1581 17
21.875 7827 21 544 1591 17
22 7826 20 536 1601 17
22.125 7826 20 526 1611 17
22.25 7825 20 522 1616 17
22.375 7825 20 507 1631 17
22.5 7825 19 495 1644 17
22.625 7825 19 482 1657 17
22.75 7825 18 473 1667 17
22.875 7825 17 465 1676 17
23 7825 16 451 1691 17
23.125 7825 15 445 1698 17
23.25 7825 15 429 1714 17
23.375 7824 15 423 1721 17
23.5 7824 15 417 1727 17
23.625 7824 15 413 1731 17
23.75 7824 15 407 1737 17
23.875 7824 14 401 1744 17
24 7824 13 394 1752 17
24.125 7824 11 385 1763 17
24.25 7824 10 379 1769 18
24.375 7823 9 373 1777 18
24.5 7823 7 363 1789 18
24.625 7823 7 358 1794 18
24.75 7823 7 348 1804 18
24.875 7822 7 346 1807 18
25 7821 7 338 1816 18
25.125 7819 9 332 1822 18
25.25 7819 9 326 1827 19
25.375 7819 9 323 1830 19
25.5 7819 8 319 1835 19
25.625 7819 8 310 1844 19
25.75 7819 8 305 1849 19
25.875 7819 8 300 1854 19
26 7819 8 294 1860 19
26.125 7819 8 285 1869 19
26.25 7819 8 275 1879 19
26.375 7818 8 272 1883 19
26.5 7818 7 269 1887 19
26.625 7818 7 264 1892 19
26.75 7818 6 260 1897 19
26.875 7818 6 250 1907 19
27 7818 6 244 1913 19
27.125 7818 6 239 1918 19
27.25 7818 6 233 1924 19
27.375 7818 6 228 1929 19
27.5 7818 5 226 1932 19
27.625 7818 5 221 1937 19
27.75 7818 5 214 1943 20
27.875 7818 5 213 1944 20
28 7818 5 209 1948 20
28.125 7817 6 203 1954 20
28.25 7817 6 202 1955 20
28.375 7817 5 203 1955 20
28.5 7817 5 199 1959 20
28.625 7817 5 190 1968 20
28.75 7817 5 181 1976 21
28.875 7817 5 177 1980 21
29 7816 6 172 1985 21
29.125 7815 7 165 1992 21
29.25 7815 7 162 1994 22
29.375 7815 5 160 1998 22
29.5 7815 4 157 2002 22
29.625 7815 3 152 2008 22
29.75 7815 3 146 2014 22
29.875 7815 3 141 2019 22
30 7815 3 136 2024 22
30.125 7815 3 134 2026 22
30.25 7815 3 130 2030 22
30.375 7815 3 128 2032 22
30.5 7815 3 126 2034 22
30.625 7814 4 125 2035 22
30.75 7814 4 123 2037 22
30.875 7814 4 120 2040 22
31 7814 3 118 2043 22
31.125 7814 3 117 2044 22
31.25 7814 3 116 2045 22
31.375 7814 3 114 2047 22
31.5 7814 3 113 2048 22
31.625 7814 3 111 2049 23
31.75 7813 4 110 2050 23
31.875 7813 4 106 2054 23
32 7812 5 104 2056 23
32.125 7812 5 104 2056 23
32.25 7812 5 102 2058 23
32.375 7812 5 101 2059 23
32.5 7812 5 99 2061 23
32.625 7812 5 97 2063 23
32.75 7812 5 94 2066 23
32.875 7812 5 94 2066 23
33 7812 5 93 2067 23
33.125 7812 5 91 2069 23
33.25 7812 5 89 2071 23
33.375 7812 5 89 2071 23
33.5 7811 5 89 2072 23
33.625 7811 4 90 2072 23
33.75 7811 4 86 2076 23
33.875 7811 4 86 2076 23
34 7811 4 85 2077 23
34.125 7811 4 83 2079 23
34.25 7811 4 82 2080 23
34.375 7811 4 79 2083 23
34.5 7811 4 76 2086 23
34.625 7811 4 72 2090 23
34.75 7811 4 72 2090 23
34.875 7811 4 71 2091 23
35 7811 4 68 2094 23
35.125 7811 4 68 2094 23
35.25 7811 4 68 2094 23
35.375 7811 4 64 2098 23
35.5 7811 4 62 2100 23
35.625 7811 4 61 2101 23
35.75 7811 4 60 2102 23
35.875 7811 4 60 2102 23
36 7811 4 57 2105 23
36.125 7811 3 57 2106 23
36.25 7811 3 57 2106 23
36.375 7811 3 55 2108 23
36.5 7811 3 55 2108 23
36.625 7811 3 52 2111 23
36.75 7811 3 51 2112 23
36.875 7811 3 50 2113 23
37 7811 3 50 2113 23
37.125 7811 3 50 2113 23
37.25 7811 3 50 2113 23
37.375 7811 3 50 2113 23
37.5 7811 3 48 2115 23
37.625 7811 3 48 2115 23
37.75 7811 2 47 2117 23
37.875 7811 2 46 2118 23
38 7811 2 46 2118 23
38.125 7811 2 45 2119 23
38.25 7811 1 46 2119 23
38.375 7811 1 44 2121 23
38.5 7811 1 43 2122 23
38.625 7811 1 42 2123 23
38.75 7811 1 40 2125 23
38.875 7811 1 40 2125 23
39 7811 1 38 2127 23
39.125 7811 1 36 2129 23
39.25 7811 1 36 2129 23
39.375 7811 1 35 2130 23
39.5 7811 1 33 2132 23
39.625 7811 1 33 2132 23
39.75 7811 1 32 2133 23
39.875 7811 1 32 2133 23
40 7811 1 32 2133 23
40.125 7811 1 32 2133 23
40.25 7811 1 32 2133 23
40.375 7811 1 32 2133 23
40.5 7811 1 30 2135 23
40.625 7811 1 29 2136 23
40.75 7811 1 29 2136 23
40.875 7811 1 29 2136 23
41 7811 0 29 2137 23
41.125 7811 0 29 2137 23
41.25 7811 0 29 2137 23
41.375 7811 0 27 2139 23
41.5 7811 0 27 2139 23
41.625 7811 0 27 2139 23
41.75 7811 0 27 2139 23
41.875 7811 0 26 2140 23
42 7811 0 26 2140 23
42.125 7811 0 26 2140 23
42.25 7811 0 25 2141 23
42.375 7811 0 24 2142 23
42.5 7811 0 24 2142 23
42.625 7811 0 24 2142 23
42.75 7811 0 23 2143 23
42.875 7811 0 22 2144 23
43 7811 0 22 2144 23
43.125 7811 0 22 2144 23
43.25 7811 0 22 2144 23
43.375 7811 0 22 2144 23
43.5 7811 0 22 2144 23
43.625 7811 0 22 2144 23
43.75 7811 0 21 2145 23
43.875 7811 0 21 2145 23
44 7811 0 21 2145 23
44.125 7811 0 19 2147 23
44.25 7811 0 19 2147 23
44.375 7811 0 19 2147 23
44.5 7811 0 19 2147 23
44.625 7811 0 19 2147 23
44.75 7811 0 19 2147 23
44.875 7811 0 18 2148 23
45 7811 0 18 2148 23
45.125 7811 0 18 2148 23
45.25 7811 0 18 2148 23
45.375 7811 0 18 2148 23
45.5 7811 0 16 2150 23
45.625 7811 0 15 2151 23
45.75 7811 0 15 2151 23
45.875 7811 0 15 2151 23
46 7811 0 15 2151 23
46.125 7811 0 15 2151 23
46.25 7811 0 15 2151 23
46.375 7811 0 15 2151 23
46.5 7811 0 15 2151 23
46.625 7811 0 15 2151 23
46.75 7811 0 15 2151 23
46.875 7811 0 15 2151 23
47 7811 0 14 2151 24
47.125 7811 0 14 2151 24
47.25 7811 0 14 2151 24
47.375 7811 0 14 2151 24
47.5 7811 0 14 2151 24
47.625 7811 0 14 2151 24
47.75 7811 0 14 2151 24
47.875 7811 0 14 2151 24
48 7811 0 14 2151 24
48.125 7811 0 13 2152 24
48.25 7811 0 13 2152 24
48.375 7811 0 12 2153 24
48.5 7811 0 12 2153 24
48.625 7811 0 12 2153 24
48.75 7811 0 12 2153 24
48.875 7811 0 10 2155 24
49 7811 0 10 2155 24
49.125 7811 0 10 2155 24
49.25 7811 0 9 2156 24
49.375 7811 0 9 2156 24
49.5 7811 0 9 2156 24
49.625 7811 0 9 2156 24
49.75 7811 0 9 2156 24
49.875 7811 0 7 2158 24
50 7811 0 7 2158 24
50.125 7811 0 7 2158 24
50.25 7811 0 7 2158 24
50.375 7811 0 7 2158 24
50.5 7811 0 7 2158 24
50.625 7811 0 7 2158 24
50.75 7811 0 6 2159 24
50.875 7811 0 6 2159 24
51 7811 0 6 2159 24
51.125 7811 0 6 2159 24
51.25 7811 0 6 2159 24
51.375 7811 0 6 2159 24
51.5 7811 0 6 2159 24
51.625 7811 0 6 2159 24
51.75 7811 0 6 2159 24
51.875 7811 0 6 2159 24
52 7811 0 6 2159 24
52.125 7811 0 6 2159 24
52.25 7811 0 6 2159 24
52.375 7811 0 6 2159 24
52.5 7811 0 6 2159 24
52.625 7811 0 6 2159 24
52.75 7811 0 6 2159 24
52.875 7811 0 6 2159 24
53 7811 0 6 2159 24
53.125 7811 0 6 2159 24
53.25 7811 0 6 2159 24
53.375 7811 0 6 2159 24
53.5 7811 0 6 2159 24
53.625 7811 0 6 2159 24
53.75 7811 0 6 2159 24
53.875 7811 0 6 2159 24
54 7811 0 6 2159 24
54.125 7811 0 6 2159 24
54.25 7811 0 6 2159 24
54.375 7811 0 6 2159 24
54.5 7811 0 5 2160 24
54.625 7811 0 5 2160 24
54.75 7811 0 5 2160 24
54.875 7811 0 5 2160 24
55 7811 0 5 2160 24
55.125 7811 0 5 2160 24
55.25 7811 0 5 2160 24
55.375 7811 0 5 2160 24
55.5 7811 0 5 2160 24
55.625 7811 0 4 2161 24
55.75 7811 0 4 2161 24
55.875 7811 0 4 2161 24
56 7811 0 4 2161 24
56.125 7811 0 4 2161 24
56.25 7811 0 4 2161 24
56.375 7811 0 2 2163 24
56.5 7811 0 2 2163 24
56.625 7811 0 2 2163 24
56.75 7811 0 2 2163 24
56.875 7811 0 2 2163 24
57 7811 0 2 2163 24
57.125 7811 0 2 2163 24
57.25 7811 0 2 2163 24
57.375 7811 0 2 2163 24
57.5 7811 0 2 2163 24
57.625 7811 0 2 2163 24
57.75 7811 0 2 2163 24
57.875 7811 0 2 2163 24
58 7811 0 2 2163 24
58.125 7811 0 2 2163 24
58.25 7811 0 2 2163 24
58.375 7811 0 2 2163 24
58.5 7811 0 2 2163 24
58.625 7811 0 2 2163 24
58.75 7811 0 2 2163 24
58.875 7811 0 2 2163 24
59 7811 0 2 2163 24
59.125 7811 0 2 2163 24
59.25 7811 0 2 2163 24
59.375 7811 0 2 2163 24
59.5 7811 0 2 2163 24
59.625 7811 0 2 2163 24
59.75 7811 0 2 2163 24
59.875 7811 0 2 2163 24
60 7811 0 2 2163 24
60.125 7811 0 2 2163 24
60.25 7811 0 2 2163 24
60.375 7811 0 2 2163 24
60.5 7811 0 2 2163 24
60.625 7811 0 2 2163 24
60.75 7811 0 2 2163 24
60.875 7811 0 2 2163 24
61 7811 0 2 2163 24
61.125 7811 0 2 2163 24
61.25 7811 0 2 2163 24
61.375 7811 0 2 2163 24
61.5 7811 0 2 2163 24
61.625 7811 0 2 2163 24
61.75 7811 0 2 2163 24
61.875 7811 0 2 2163 24
62 7811 0 2 2163 24
62.125 7811 0 1 2164 24
62.25 7811 0 1 2164 24
62.375 7811 0 1 2164 24
62.5 7811 0 1 2164 24
62.625 7811 0 1 2164 24
62.75 7811 0 1 2164 24
62.875 7811 0 1 2164 24
63 7811 0 1 2164 24
63.125 7811 0 1 2164 24
63.25 7811 0 1 2164 24
63.375 7811 0 1 2164 24
63.5 7811 0 1 2164 24
63.625 7811 0 0 2165 24
