t S E I R D
0 9998 0 2 0 0
0.125 9998 0 2 0 0
0.25 9998 0 2 0 0
0.375 9998 0 2 0 0
0.5 9997 1 1 1 0
0.625 9997 1 1 1 0
0.75 9997 1 1 1 0
0.875 9997 1 1 1 0
1 9997 1 1 1 0
1.125 9996 2 1 1 0
1.25 9996 1 2 1 0
1.375 9996 1 2 1 0
1.5 9996 1 2 1 0
1.625 9996 1 2 1 0
1.75 9996 1 2 1 0
1.875 9996 1 2 1 0
2 9996 0 3 1 0
2.125 9995 1 3 1 0
2.25 9995 1 3 1 0
2.375 9995 1 3 1 0
2.5 9994 2 3 1 0
2.625 9993 3 2 2 0
2.75 9993 3 2 2 0
2.875 9993 3 2 2 0
3 9993 3 2 2 0
3.125 9991 5 2 2 0
3.25 9991 5 2 2 0
3.375 9991 5 2 2 0
3.5 9991 5 2 2 0
3.625 9991 5 2 2 0
3.75 9991 4 3 2 0
3.875 9991 4 3 2 0
4 9991 3 4 2 0
4.125 9990 4 4 2 0
4.25 9989 5 4 2 0
4.375 9988 6 4 2 0
4.5 9988 6 3 3 0
4.625 9988 6 3 3 0
4.75 9987 6 4 3 0
4.875 9987 6 4 3 0
5 9987 4 6 3 0
5.125 9985 6 6 3 0
5.25 9985 6 6 3 0
5.375 9985 6 6 3 0
5.5 9984 7 6 3 0
5.625 9984 5 8 3 0
5.75 9982 7 8 3 0
5.875 9981 7 9 3 0
6 9979 9 9 3 0
6.125 9978 10 9 3 0
6.25 9977 11 9 3 0
6.375 9976 12 9 3 0
6.5 9976 10 11 3 0
6.625 9975 10 12 3 0
6.75 9975 10 12 3 0
6.875 9974 9 14 3 0
7 9973 10 14 3 0
7.125 9972 11 14 3 0
7.25 9970 13 14 3 0
7.375 9970 13 14 3 0
7.5 9967 15 15 3 0
7.625 9960 20 17 3 0
7.75 9953 26 17 4 0
7.875 9947 29 20 4 0
8 9936 40 20 4 0
8.125 9917 52 25 6 0
8.25 9901 64 29 6 0
8.375 9889 73 31 7 0
8.5 9876 83 33 8 0
8.625 9864 89 38 9 0
8.75 9841 110 39 10 0
8.875 9823 122 44 11 0
9 9795 145 48 12 0
9.125 9769 161 58 12 0
9.25 9745 177 64 14 0
9.375 9722 192 70 16 0
9.5 9700 203 77 20 0
9.625 9676 215 87 22 0
9.75 9645 225 106 24 0
9.875 9597 263 114 26 0
10 9559 289 123 29 0
10.125 9522 310 137 31 0
10.25 9472 344 152 32 0
10.375 9432 356 176 36 0
10.5 9381 385 193 40 1
10.625 9361 388 202 48 1
10.75 9346 378 223 52 1
10.875 9324 379 243 53 1
11 9307 364 269 59 1
11.125 9282 364 286 67 1
11.25 9258 365 307 69 1
11.375 9234 369 324 72 1
11.5 9210 372 333 83 2
11.625 9189 373 348 88 2
11.75 9166 378 361 92 3
11.875 9152 371 375 99 3
12 9136 373 381 107 3
12.125 9109 383 391 114 3
12.25 9092 378 405 122 3
12.375 9071 375 413 137 4
12.5 9053 380 418 145 4
12.625 9042 362 438 154 4
12.75 9021 353 455 167 4
12.875 8988 367 459 182 4
13 8954 371 482 189 4
13.125 8925 378 495 198 4
13.25 8898 388 498 212 4
13.375 8872 399 506 219 4
13.5 8843 407 518 228 4
13.625 8818 409 529 240 4
13.75 8785 422 539 249 5
13.875 8755 419 563 258 5
14 8730 423 566 276 5
14.125 8706 426 580 283 5
14.25 8681 430 588 296 5
14.375 8658 424 608 305 5
14.5 8637 421 616 321 5
14.625 8595 435 630 335 5
14.75 8569 437 648 341 5
14.875 8537 433 672 353 5
15 8503 441 678 373 5
15.125 8471 444 691 389 5
15.25 8441 442 708 404 5
15.375 8413 451 711 420 5
15.5 8383 454 723 435 5
15.625 8347 462 734 452 5
15.75 8301 468 760 466 5
15.875 8261 468 784 482 5
16 8224 478 793 500 5
16.125 8178 490 808 519 5
16.25 8141 492 830 532 5
16.375 8106 500 844 545 5
16.5 8073 508 850 564 5
16.625 8039 516 859 581 5
16.75 8005 513 878 598 6
16.875 7966 528 886 614 6
17 7915 548 903 628 6
17.125 7873 549 932 640 6
17.25 7842 545 948 659 6
17.375 7811 537 960 686 6
17.5 7779 542 975 698 6
17.625 7734 543 998 719 6
17.75 7691 554 1010 738 7
17.875 7657 554 1025 757 7
18 7628 555 1029 780 8
18.125 7598 534 1058 802 8
18.25 7566 543 1060 823 8
18.375 7541 534 1073 844 8
18.5 7510 529 1089 864 8
18.625 7468 549 1091 884 8
18.75 7428 553 1105 906 8
18.875 7386 562 1118 926 8
19 7349 575 1117 950 9
19.125 7314 575 1120 981 10
19.25 7278 579 1132 1001 10
19.375 7237 581 1146 1026 10
19.5 7210 563 1166 1050 11
19.625 7178 552 1186 1073 11
19.75 7151 549 1199 1090 11
19.875 7118 542 1218 1111 11
20 7084 542 1223 1139 12
20.125 7037 555 1234 1162 12
20.25 7016 547 1231 1194 12
20.375 6978 550 1237 1222 13
20.5 6952 539 1238 1257 14
20.625 6932 528 1235 1291 14
20.75 6905 512 1250 1319 14
20.875 6876 507 1256 1347 14
21 6857 496 1251 1380 16
21.125 6827 496 1252 1409 16
21.25 6791 503 1252 1438 16
21.375 6760 507 1257 1460 16
21.5 6736 489 1273 1486 16
21.625 6714 485 1270 1514 17
21.75 6690 481 1274 1538 17
21.875 6667 485 1269 1562 17
22 6645 475 1272 1591 17
22.125 6606 491 1273 1613 17
22.25 6588 484 1268 1642 18
22.375 6557 489 1262 1674 18
22.5 6539 482 1255 1706 18
22.625 6518 477 1265 1722 18
22.75 6499 471 1267 1745 18
22.875 6473 470 1269 1770 18
23 6441 471 1274 1796 18
23.125 6419 478 1262 1823 18
23.25 6399 457 1265 1860 19
23.375 6379 440 1274 1888 19
23.5 6362 422 1275 1921 20
23.625 6352 409 1276 1943 20
23.75 6332 416 1266 1966 20
23.875 6309 414 1269 1988 20
24 6292 404 1274 2010 20
24.125 6271 399 1276 2033 21
24.25 6251 396 1267 2065 21
24.375 6239 382 1270 2088 21
24.5 6221 375 1265 2118 21
24.625 6203 370 1263 2143 21
24.75 6189 356 1260 2174 21
24.875 6171 349 1252 2206 22
25 6156 339 1253 2229 23
25.125 6139 330 1262 2246 23
25.25 6125 318 1256 2277 24
25.375 6109 312 1258 2297 24
25.5 6096 303 1260 2317 24
25.625 6081 307 1247 2341 24
25.75 6059 303 1255 2359 24
25.875 6040 302 1244 2390 24
26 6020 309 1232 2414 25
26.125 6007 298 1226 2444 25
26.25 5991 299 1218 2466 26
26.375 5976 299 1204 2495 26
26.5 5962 299 1192 2521 26
26.625 5945 295 1196 2538 26
26.75 5928 294 1187 2565 26
26.875 5917 288 1178 2591 26
27 5903 284 1175 2612 26
27.125 5890 278 1168 2637 27
27.25 5876 275 1161 2661 27
27.375 5858 283 1148 2684 27
27.5 5848 273 1154 2698 27
27.625 5834 276 1144 2719 27
27.75 5822 266 1138 2747 27
27.875 5813 259 1127 2774 27
28 5801 263 1113 2796 27
28.125 5788 252 1111 2822 27
28.25 5776 251 1100 2845 28
28.375 5763 243 1104 2862 28
28.5 5753 235 1091 2893 28
28.625 5745 226 1089 2912 28
28.75 5739 217 1084 2932 28
28.875 5729 218 1082 2943 28
29 5721 212 1071 2968 28
29.125 5712 203 1058 2998 29
29.25 5701 205 1048 3017 29
29.375 5692 208 1036 3035 29
29.5 5681 209 1025 3056 29
29.625 5673 203 1016 3079 29
29.75 5662 199 1013 3097 29
29.875 5655 192 1010 3114 29
30 5648 185 1002 3136 29
30.125 5638 184 996 3153 29
30.25 5624 188 979 3179 30
30.375 5618 186 965 3201 30
30.5 5608 186 948 3228 30
30.625 5605 175 940 3250 30
30.75 5596 171 929 3273 31
30.875 5588 170 915 3296 31
31 5583 159 915 3312 31
31.125 5578 154 905 3332 31
31.25 5570 156 888 3355 31
31.375 5563 154 874 3378 31
31.5 5556 151 865 3397 31
31.625 5549 149 856 3415 31
31.75 5539 148 847 3433 33
31.875 5531 146 843 3447 33
32 5520 147 842 3458 33
32.125 5508 147 844 3468 33
32.25 5502 146 832 3487 33
32.375 5497 141 828 3501 33
32.5 5489 143 815 3519 34
32.625 5482 144 804 3536 34
32.75 5477 140 803 3546 34
32.875 5472 137 795 3562 34
33 5465 137 784 3580 34
33.125 5460 132 771 3602 35
33.25 5453 129 767 3616 35
33.375 5446 121 765 3633 35
33.5 5439 124 747 3655 35
33.625 5435 122 741 3667 35
33.75 5430 123 720 3691 36
33.875 5425 122 714 3703 36
34 5421 118 704 3721 36
34.125 5420 112 691 3741 36
34.25 5414 109 688 3753 36
34.375 5411 105 677 3771 36
34.5 5407 107 664 3786 36
34.625 5407 100 655 3802 36
34.75 5399 98 648 3819 36
34.875 5398 92 646 3828 36
35 5392 97 635 3840 36
35.125 5388 92 637 3847 36
35.25 5384 90 631 3859 36
35.375 5382 82 628 3872 36
35.5 5379 83 619 3883 36
35.625 5378 77 609 3900 36
35.75 5373 79 601 3911 36
35.875 5367 79 596 3922 36
36 5366 73 593 3932 36
36.125 5364 70 585 3945 36
36.25 5361 69 570 3963 37
36.375 5359 67 566 3971 37
36.5 5358 65 556 3984 37
36.625 5352 66 550 3995 37
36.75 5347 66 541 4009 37
36.875 5345 62 537 4019 37
37 5343 60 530 4030 37
37.125 5339 54 533 4037 37
37.25 5337 54 526 4046 37
37.375 5335 51 516 4061 37
37.5 5331 49 510 4072 38
37.625 5327 53 500 4082 38
37.75 5324 51 498 4089 38
37.875 5323 51 488 4100 38
38 5319 50 482 4111 38
38.125 5316 48 478 4120 38
38.25 5315 45 467 4135 38
38.375 5311 48 462 4141 38
38.5 5311 46 453 4152 38
38.625 5309 47 441 4164 39
38.75 5304 50 426 4181 39
38.875 5304 46 425 4186 39
39 5302 45 420 4194 39
39.125 5300 45 416 4200 39
39.25 5299 44 410 4208 39
39.375 5298 43 397 4223 39
39.5 5295 44 389 4233 39
39.625 5292 44 390 4235 39
39.75 5290 43 384 4244 39
39.875 5290 38 382 4251 39
40 5286 36 377 4262 39
40.125 5284 32 374 4271 39
40.25 5280 35 369 4277 39
40.375 5280 33 358 4290 39
40.5 5279 32 352 4297 40
40.625 5278 30 346 4306 40
40.75 5278 27 345 4310 40
40.875 5277 27 344 4312 40
41 5275 27 340 4318 40
41.125 5273 28 336 4322 41
41.25 5273 25 333 4328 41
41.375 5272 25 329 4333 41
41.5 5268 27 327 4337 41
41.625 5268 26 321 4344 41
41.75 5265 26 320 4348 41
41.875 5264 24 316 4355 41
42 5263 21 309 4366 41
42.125 5260 21 304 4374 41
42.25 5258 23 295 4382 42
42.375 5257 23 291 4387 42
42.5 5253 24 288 4393 42
42.625 5252 24 286 4396 42
42.75 5252 21 284 4401 42
42.875 5247 23 278 4410 42
43 5245 23 278 4412 42
43.125 5245 22 272 4419 42
43.25 5244 21 265 4428 42
43.375 5242 19 263 4434 42
43.5 5241 20 255 4442 42
43.625 5239 22 251 4446 42
43.75 5238 23 247 4450 42
43.875 5236 24 241 4457 42
44 5235 22 239 4462 42
44.125 5233 21 237 4467 42
44.25 5232 20 235 4471 42
44.375 5232 20 227 4479 42
44.5 5232 17 223 4486 42
44.625 5231 15 219 4493 42
44.75 5229 15 220 4494 42
44.875 5229 14 217 4497 43
45 5229 13 216 4499 43
45.125 5229 13 213 4502 43
45.25 5229 12 210 4506 43
45.375 5229 12 205 4511 43
45.5 5228 13 202 4514 43
45.625 5227 13 199 4518 43
45.75 5227 13 191 4526 43
45.875 5226 12 190 4529 43
46 5226 10 189 4532 43
46.125 5226 9 186 4536 43
46.25 5225 9 179 4544 43
46.375 5222 12 173 4550 43
46.5 5222 12 169 4554 43
46.625 5219 14 166 4558 43
46.75 5219 14 159 4565 43
46.875 5217 15 158 4567 43
47 5216 16 153 4572 43
47.125 5216 16 149 4576 43
47.25 5215 16 146 4580 43
47.375 5215 15 144 4583 43
47.5 5215 14 142 4586 43
47.625 5214 14 140 4589 43
47.75 5212 15 140 4590 43
47.875 5212 14 139 4592 43
48 5210 15 137 4595 43
48.125 5210 14 132 4601 43
48.25 5209 15 128 4605 43
48.375 5208 14 127 4608 43
48.5 5207 15 125 4610 43
48.625 5207 14 121 4615 43
48.75 5207 12 121 4617 43
48.875 5207 12 114 4624 43
49 5206 12 112 4627 43
49.125 5205 11 113 4628 43
49.25 5204 11 112 4630 43
49.375 5204 11 110 4632 43
49.5 5204 10 111 4632 43
49.625 5203 11 105 4638 43
49.75 5203 11 104 4639 43
49.875 5203 10 104 4640 43
50 5203 9 102 4643 43
50.125 5202 10 99 4646 43
50.25 5202 10 95 4650 43
50.375 5202 9 95 4651 43
50.5 5200 10 96 4651 43
50.625 5199 10 94 4654 43
50.75 5196 13 93 4655 43
50.875 5195 12 93 4657 43
51 5195 12 90 4660 43
51.125 5194 12 89 4662 43
51.25 5194 12 86 4665 43
51.375 5193 12 85 4667 43
51.5 5193 11 85 4668 43
51.625 5193 9 85 4670 43
51.75 5193 8 85 4671 43
51.875 5193 7 84 4673 43
52 5193 6 81 4677 43
52.125 5193 4 80 4680 43
52.25 5193 4 80 4680 43
52.375 5193 4 78 4682 43
52.5 5193 4 78 4682 43
52.625 5192 4 77 4684 43
52.75 5192 4 77 4684 43
52.875 5192 4 73 4688 43
53 5192 4 71 4690 43
53.125 5192 4 68 4693 43
53.25 5192 4 64 4697 43
53.375 5191 5 63 4698 43
53.5 5191 5 62 4699 43
53.625 5191 5 60 4701 43
53.75 5191 5 58 4703 43
53.875 5190 6 55 4706 43
54 5190 4 55 4708 43
54.125 5190 4 54 4709 43
54.25 5190 4 51 4712 43
54.375 5190 4 51 4712 43
54.5 5190 2 53 4712 43
54.625 5190 2 53 4712 43
54.75 5190 2 52 4713 43
54.875 5190 2 51 4714 43
55 5190 2 51 4714 43
55.125 5190 1 51 4715 43
55.25 5189 2 49 4717 43
55.375 5189 2 49 4717 43
55.5 5189 2 49 4717 43
55.625 5187 4 48 4718 43
55.75 5186 5 48 4718 43
55.875 5186 5 47 4719 43
56 5185 6 47 4719 43
56.125 5185 6 46 4720 43
56.25 5184 6 46 4721 43
56.375 5184 6 45 4722 43
56.5 5183 6 44 4724 43
56.625 5183 4 46 4724 43
56.75 5183 4 45 4725 43
56.875 5183 4 43 4727 43
57 5183 4 43 4727 43
57.125 5183 4 43 4727 43
57.25 5183 4 43 4727 43
57.375 5183 4 42 4728 43
57.5 5183 4 41 4729 43
57.625 5183 4 39 4731 43
57.75 5182 5 36 4734 43
57.875 5182 5 35 4735 43
58 5182 5 35 4735 43
58.125 5182 5 35 4735 43
58.25 5182 5 33 4737 43
58.375 5182 5 31 4739 43
58.5 5182 5 31 4739 43
58.625 5182 4 32 4739 43
58.75 5182 4 32 4739 43
58.875 5182 4 31 4740 43
59 5182 3 32 4740 43
59.125 5182 3 30 4742 43
59.25 5181 4 27 4745 43
59.375 5181 4 26 4746 43
59.5 5181 4 26 4746 43
59.625 5181 4 25 4747 43
59.75 5181 4 24 4748 43
59.875 5181 4 23 4749 43
60 5181 3 24 4749 43
60.125 5181 3 22 4751 43
60.25 5181 3 22 4751 43
60.375 5181 3 21 4752 43
60.5 5180 3 22 4752 43
60.625 5180 2 22 4753 43
60.75 5180 2 22 4753 43
60.875 5179 3 22 4753 43
61 5179 3 22 4753 43
61.125 5179 3 21 4754 43
61.25 5179 3 21 4754 43
61.375 5179 3 20 4754 44
61.5 5179 3 20 4754 44
61.625 5179 3 20 4754 44
61.75 5179 3 20 4754 44
61.875 5179 3 20 4754 44
62 5179 3 20 4754 44
62.125 5179 3 20 4754 44
62.25 5179 2 20 4755 44
62.375 5179 2 20 4755 44
62.5 5179 2 20 4755 44
62.625 5179 2 19 4756 44
62.75 5179 2 19 4756 44
62.875 5179 1 20 4756 44
63 5179 1 19 4757 44
63.125 5179 1 19 4757 44
63.25 5179 1 19 4757 44
63.375 5179 1 19 4757 44
63.5 5179 1 19 4757 44
63.625 5178 2 19 4757 44
63.75 5178 2 19 4757 44
63.875 5178 2 18 4758 44
64 5178 2 18 4758 44
64.125 5178 2 16 4760 44
64.25 5176 4 16 4760 44
64.375 5176 4 16 4760 44
64.5 5176 4 16 4760 44
64.625 5176 4 16 4760 44
64.75 5176 4 15 4761 44
64.875 5176 4 15 4761 44
65 5176 4 14 4762 44
65.125 5176 4 14 4762 44
65.25 5176 4 14 4762 44
65.375 5176 4 13 4763 44
65.5 5176 4 13 4763 44
65.625 5176 3 14 4763 44
65.75 5176 3 13 4764 44
65.875 5176 3 13 4764 44
66 5176 3 13 4764 44
66.125 5176 3 12 4765 44
66.25 5176 3 12 4765 44
66.375 5176 3 12 4765 44
66.5 5176 3 10 4767 44
66.625 5176 3 9 4768 44
66.75 5176 3 9 4768 44
66.875 5176 3 9 4768 44
67 5175 3 10 4768 44
67.125 5175 2 11 4768 44
67.25 5175 2 11 4768 44
67.375 5175 2 11 4768 44
67.5 5174 3 10 4769 44
67.625 5174 3 10 4769 44
67.75 5174 3 10 4769 44
67.875 5174 3 10 4769 44
68 5174 3 10 4769 44
68.125 5174 3 10 4769 44
68.25 5174 2 10 4769 45
68.375 5174 2 10 4769 45
68.5 5174 2 10 4769 45
68.625 5173 3 9 4770 45
68.75 5173 3 9 4770 45
68.875 5173 3 9 4770 45
69 5173 3 9 4770 45
69.125 5173 3 9 4770 45
69.25 5173 3 9 4770 45
69.375 5172 3 10 4770 45
69.5 5172 3 10 4770 45
69.625 5172 2 11 4770 45
69.75 5172 1 12 4770 45
69.875 5172 1 11 4771 45
70 5172 1 10 4772 45
70.125 5172 1 10 4772 45
70.25 5172 0 11 4772 45
70.375 5172 0 11 4772 45
70.5 5172 0 11 4772 45
70.625 5172 0 11 4772 45
70.75 5172 0 9 4774 45
70.875 5172 0 9 4774 45
71 5172 0 9 4774 45
71.125 5172 0 9 4774 45
71.25 5172 0 9 4774 45
71.375 5172 0 9 4774 45
71.5 5172 0 9 4774 45
71.625 5172 0 9 4774 45
71.75 5172 0 9 4774 45
71.875 5172 0 9 4774 45
72 5172 0 9 4774 45
72.125 5172 0 9 4774 45
72.25 5172 0 9 4774 45
72.375 5172 0 9 4774 45
72.5 5172 0 8 4775 45
72.625 5172 0 8 4775 45
72.75 5172 0 8 4775 45
72.875 5172 0 6 4777 45
73 5172 0 6 4777 45
73.125 5172 0 6 4777 45
73.25 5172 0 6 4777 45
73.375 5172 0 6 4777 45
73.5 5172 0 6 4777 45
73.625 5172 0 5 4778 45
73.75 5172 0 5 4778 45
73.875 5172 0 4 4779 45
74 5172 0 4 4779 45
74.125 5172 0 4 4779 45
74.25 5172 0 4 4779 45
74.375 5172 0 4 4779 45
74.5 5172 0 4 4779 45
74.625 5172 0 4 4779 45
74.75 5172 0 4 4779 45
74.875 5172 0 4 4779 45
75 5172 0 4 4779 45
75.125 5172 0 4 4779 45
75.25 5172 0 4 4779 45
75.375 5172 0 4 4779 45
75.5 5172 0 4 4779 45
75.625 5172 0 4 4779 45
75.75 5172 0 4 4779 45
75.875 5172 0 4 4779 45
76 5172 0 4 4779 45
76.125 5172 0 4 4779 45
76.25 5172 0 4 4779 45
76.375 5172 0 4 4779 45
76.5 5172 0 4 4779 45
76.625 5171 1 4 4779 45
76.75 5171 1 4 4779 45
76.875 5171 1 4 4779 45
77 5171 1 4 4779 45
77.125 5171 1 4 4779 45
77.25 5171 1 4 4779 45
77.375 5171 1 4 4779 45
77.5 5171 0 4 4780 45
77.625 5171 0 4 4780 45
77.75 5171 0 4 4780 45
77.875 5171 0 4 4780 45
78 5171 0 4 4780 45
78.125 5171 0 3 4781 45
78.25 5171 0 3 4781 45
78.375 5171 0 3 4781 45
78.5 5171 0 3 4781 45
78.625 5171 0 3 4781 45
78.75 5171 0 3 4781 45
78.875 5171 0 3 4781 45
79 5171 0 3 4781 45
79.125 5171 0 3 4781 45
79.25 5171 0 3 4781 45
79.375 5171 0 3 4781 45
79.5 5171 0 3 4781 45
79.625 5171 0 3 4781 45
79.75 5171 0 3 4781 45
79.875 5171 0 3 4781 45
80 5171 0 3 4781 45
80.125 5171 0 3 4781 45
80.25 5171 0 3 4781 45
80.375 5171 0 3 4781 45
80.5 5171 0 3 4781 45
80.625 5171 0 3 4781 45
80.75 5171 0 3 4781 45
80.875 5171 0 3 4781 45
81 5171 0 3 4781 45
81.125 5171 0 3 4781 45
81.25 5171 0 3 4781 45
81.375 5171 0 3 4781 45
81.5 5171 0 3 4781 45
81.625 5171 0 3 4781 45
81.75 5171 0 3 4781 45
81.875 5171 0 3 4781 45
82 5171 0 3 4781 45
82.125 5171 0 3 4781 45
82.25 5171 0 3 4781 45
82.375 5171 0 3 4781 45
82.5 5171 0 3 4781 45
82.625 5171 0 3 4781 45
82.75 5171 0 3 4781 45
82.875 5171 0 3 4781 45
83 5171 0 2 4782 45
83.125 5171 0 2 4782 45
83.25 5171 0 2 4782 45
83.375 5171 0 2 4782 45
83.5 5171 0 2 4782 45
83.625 5171 0 2 4782 45
83.75 5171 0 2 4782 45
83.875 5171 0 2 4782 45
84 5171 0 2 4782 45
84.125 5171 0 2 4782 45
84.25 5171 0 1 4783 45
84.375 5171 0 1 4783 45
84.5 5171 0 1 4783 45
84.625 5171 0 1 4783 45
84.75 5171 0 1 4783 45
84.875 5171 0 1 4783 45
85 5171 0 1 4783 45
85.125 5171 0 1 4783 45
85.25 5171 0 1 4783 45
85.375 5171 0 1 4783 45
85.5 5171 0 1 4783 45
85.625 5171 0 1 4783 45
85.75 5171 0 1 4783 45
85.875 5171 0 1 4783 45
86 5171 0 1 4783 45
86.125 5171 0 1 4783 45
86.25 5171 0 1 4783 45
86.375 5171 0 1 4783 45
86.5 5171 0 1 4783 45
86.625 5171 0 1 4783 45
86.75 5171 0 1 4783 45
86.875 5171 0 1 4783 45
87 5171 0 1 4783 45
87.125 5171 0 1 4783 45
87.25 5171 0 1 4783 45
87.375 5171 0 1 4783 45
87.5 5171 0 1 4783 45
87.625 5171 0 1 4783 45
87.75 5171 0 1 4783 45
87.875 5171 0 1 4783 45
88 5171 0 1 4783 45
88.125 5171 0 1 4783 45
88.25 5171 0 1 4783 45
88.375 5171 0 1 4783 45
88.5 5171 0 1 4783 45
88.625 5171 0 1 4783 45
88.75 5171 0 1 4783 45
88.875 5171 0 1 4783 45
89 5171 0 1 4783 45
89.125 5171 0 1 4783 45
89.25 5171 0 1 4783 45
89.375 5171 0 1 4783 45
89.5 5171 0 1 4783 45
89.625 5171 0 1 4783 45
89.75 5171 0 1 4783 45
89.875 5171 0 1 4783 45
90 5171 0 1 4783 45
90.125 5171 0 1 4783 45
90.25 5171 0 1 4783 45
90.375 5171 0 1 4783 45
90.5 5171 0 1 4783 45
90.625 5171 0 1 4783 45
90.75 5171 0 1 4783 45
90.875 5171 0 1 4783 45
91 5171 0 1 4783 45
91.125 5171 0 1 4783 45
91.25 5171 0 1 4783 45
91.375 5171 0 1 4783 45
91.5 5171 0 1 4783 45
91.625 5171 0 1 4783 45
91.75 5171 0 1 4783 45
91.875 5171 0 1 4783 45
92 5171 0 1 4783 45
92.125 5171 0 1 4783 45
92.25 5171 0 1 4783 45
92.375 5171 0 1 4783 45
92.5 5171 0 1 4783 45
92.625 5171 0 1 4783 45
92.75 5171 0 1 4783 45
92.875 5171 0 1 4783 45
93 5171 0 1 4783 45
93.125 5171 0 1 4783 45
93.25 5171 0 1 4783 45
93.375 5171 0 1 4783 45
93.5 5171 0 1 4783 45
93.625 5171 0 1 4783 45
93.75 5171 0 1 4783 45
93.875 5171 0 1 4783 45
94 5171 0 1 4783 45
94.125 5171 0 1 4783 45
94.25 5171 0 1 4783 45
94.375 5171 0 1 4783 45
94.5 5171 0 1 4783 45
94.625 5171 0 1 4783 45
94.75 5171 0 1 4783 45
94.875 5171 0 1 4783 45
95 5171 0 1 4783 45
95.125 5171 0 1 4783 45
95.25 5171 0 1 4783 45
95.375 5171 0 1 4783 45
95.5 5171 0 1 4783 45
95.625 5171 0 1 4783 45
95.75 5171 0 1 4783 45
95.875 5171 0 1 4783 45
96 5171 0 1 4783 45
96.125 5171 0 1 4783 45
96.25 5171 0 1 4783 45
96.375 5171 0 1 4783 45
96.5 5171 0 1 4783 45
96.625 5171 0 1 4783 45
96.75 5171 0 1 4783 45
96.875 5171 0 1 4783 45
97 5171 0 1 4783 45
97.125 5171 0 1 4783 45
97.25 5171 0 1 4783 45
97.375 5171 0 0 4784 45
