t S E I R D
0 9998 0 2 0 0
0.125 9997 1 2 0 0
0.25 9997 1 2 0 0
0.375 9997 1 2 0 0
0.5 9997 1 2 0 0
0.625 9997 0 3 0 0
0.75 9997 0 3 0 0
0.875 9997 0 3 0 0
1 9997 0 3 0 0
1.125 9996 1 3 0 0
1.25 9996 1 3 0 0
1.375 9996 1 3 0 0
1.5 9996 1 3 0 0
1.625 9996 1 3 0 0
1.75 9996 1 3 0 0
1.875 9996 1 3 0 0
2 9996 1 3 0 0
2.125 9996 1 3 0 0
2.25 9995 2 3 0 0
2.375 9995 2 3 0 0
2.5 9994 3 3 0 0
2.625 9994 2 4 0 0
2.75 9994 2 4 0 0
2.875 9993 3 4 0 0
3 9993 3 4 0 0
3.125 9992 3 5 0 0
3.25 9990 5 5 0 0
3.375 9988 7 5 0 0
3.5 9988 7 5 0 0
3.625 9988 7 4 1 0
3.75 9988 7 4 1 0
3.875 9988 7 4 1 0
4 9988 7 4 1 0
4.125 9988 7 4 1 0
4.25 9987 8 4 1 0
4.375 9987 8 4 1 0
4.5 9987 8 4 1 0
4.625 9987 8 3 2 0
4.75 9987 7 4 2 0
4.875 9987 7 4 2 0
5 9987 7 4 2 0
5.125 9986 7 5 2 0
5.25 9986 7 5 2 0
5.375 9986 7 5 2 0
5.5 9984 9 5 2 0
5.625 9984 9 5 2 0
5.75 9984 9 5 2 0
5.875 9983 10 5 2 0
6 9983 8 7 2 0
6.125 9983 8 7 2 0
6.25 9983 7 8 2 0
6.375 9983 6 9 2 0
6.5 9978 10 10 2 0
6.625 9975 12 11 2 0
6.75 9968 18 12 2 0
6.875 9962 19 17 2 0
7 9958 23 17 2 0
7.125 9950 29 19 2 0
7.25 9945 33 19 3 0
7.375 9942 35 19 4 0
7.5 9938 37 21 4 0
7.625 9933 39 23 5 0
7.75 9922 48 24 6 0
7.875 9916 47 31 6 0
8 9906 56 31 7 0
8.125 9896 61 36 7 0
8.25 9890 63 38 9 0
8.375 9873 79 38 10 0
8.5 9859 84 46 11 0
8.625 9842 97 49 12 0
8.75 9832 103 50 15 0
8.875 9820 112 52 16 0
9 9809 113 61 17 0
9.125 9793 119 70 18 0
9.25 9774 132 76 18 0
9.375 9753 144 84 19 0
9.5 9733 159 84 24 0
9.625 9711 168 94 27 0
9.75 9682 182 108 28 0
9.875 9649 199 121 31 0
10 9625 211 130 34 0
10.125 9601 225 137 37 0
10.25 9566 239 156 39 0
10.375 9523 267 167 43 0
10.5 9469 300 182 49 0
10.625 9421 330 193 56 0
10.75 9352 377 212 59 0
10.875 9299 402 233 66 0
11 9234 437 261 68 0
11.125 9163 475 286 76 0
11.25 9088 512 315 85 0
11.375 9004 566 343 87 0
11.5 8925 600 381 94 0
11.625 8812 671 419 98 0
11.75 8732 708 450 110 0
11.875 8632 763 484 120 1
12 8585 767 512 135 1
12.125 8542 770 535 152 1
12.25 8496 764 570 169 1
12.375 8443 771 611 174 1
12.5 8379 789 644 187 1
12.625 8322 799 677 201 1
12.75 8256 814 719 210 1
12.875 8180 838 758 223 1
13 8125 833 801 240 1
13.125 8051 850 838 260 1
13.25 7990 867 869 273 1
13.375 7930 893 891 285 1
13.5 7871 905 923 300 1
13.625 7808 906 969 316 1
13.75 7755 902 997 345 1
13.875 7689 906 1034 370 1
14 7606 940 1059 394 1
14.125 7544 944 1090 421 1
14.25 7483 949 1128 439 1
14.375 7413 962 1165 458 2
14.5 7366 942 1204 486 2
14.625 7303 956 1233 505 3
14.75 7243 951 1273 529 4
14.875 7186 945 1302 562 5
15 7149 926 1325 594 6
15.125 7110 900 1362 622 6
15.25 7065 894 1389 646 6
15.375 7028 868 1422 674 8
15.5 6990 853 1448 701 8
15.625 6947 852 1461 732 8
15.75 6903 844 1487 758 8
15.875 6862 841 1501 788 8
16 6822 841 1501 828 8
16.125 6779 838 1513 862 8
16.25 6734 835 1531 892 8
16.375 6686 830 1552 924 8
16.5 6650 813 1569 959 9
16.625 6608 804 1587 991 10
16.75 6565 791 1606 1028 10
16.875 6528 779 1621 1062 10
17 6490 771 1639 1090 10
17.125 6454 750 1656 1128 12
17.25 6424 735 1673 1156 12
17.375 6386 722 1700 1180 12
17.5 6358 705 1717 1207 13
17.625 6329 688 1740 1230 13
17.75 6295 682 1741 1269 13
17.875 6266 672 1730 1319 13
18 6234 673 1724 1356 13
18.125 6201 662 1735 1389 13
18.25 6164 646 1758 1419 13
18.375 6140 619 1769 1459 13
18.5 6103 613 1784 1487 13
18.625 6074 603 1782 1525 16
18.75 6050 591 1779 1564 16
18.875 6018 585 1793 1587 17
19 5993 574 1789 1625 19
19.125 5965 570 1783 1663 19
19.25 5940 570 1783 1688 19
19.375 5913 562 1779 1727 19
19.5 5892 536 1781 1772 19
19.625 5874 521 1782 1804 19
19.75 5851 515 1778 1837 19
19.875 5828 508 1777 1868 19
20 5800 514 1770 1897 19
20.125 5774 511 1761 1935 19
20.25 5758 493 1771 1959 19
20.375 5725 497 1760 1999 19
20.5 5700 491 1759 2031 19
20.625 5674 494 1744 2068 20
20.75 5651 489 1745 2095 20
20.875 5626 486 1744 2124 20
21 5602 484 1735 2159 20
21.125 5574 475 1743 2187 21
21.25 5554 460 1737 2228 21
21.375 5538 460 1731 2250 21
21.5 5518 445 1737 2279 21
21.625 5498 433 1727 2321 21
21.75 5474 423 1727 2354 22
21.875 5448 427 1717 2385 23
22 5424 432 1699 2422 23
22.125 5398 418 1715 2445 24
22.25 5384 406 1708 2478 24
22.375 5365 393 1708 2509 25
22.5 5344 377 1703 2551 25
22.625 5329 380 1689 2577 25
22.75 5304 379 1688 2604 25
22.875 5295 369 1671 2640 25
23 5278 360 1661 2676 25
23.125 5258 355 1646 2715 26
23.25 5245 345 1632 2752 26
23.375 5234 331 1634 2774 27
23.5 5217 330 1617 2809 27
23.625 5206 326 1587 2853 28
23.75 5197 319 1570 2886 28
23.875 5189 311 1559 2913 28
24 5175 304 1555 2937 29
24.125 5161 299 1542 2969 29
24.25 5149 292 1533 2997 29
24.375 5140 286 1508 3036 30
24.5 5132 277 1488 3073 30
24.625 5124 270 1476 3100 30
24.75 5112 260 1465 3133 30
24.875 5102 254 1453 3160 31
25 5090 245 1441 3193 31
25.125 5084 239 1417 3229 31
25.25 5070 239 1407 3253 31
25.375 5055 238 1392 3284 31
25.5 5047 233 1358 3331 31
25.625 5033 230 1352 3354 31
25.75 5024 225 1346 3373 32
25.875 5015 214 1333 3405 33
26 5002 218 1305 3441 34
26.125 4988 213 1290 3475 34
26.25 4978 211 1283 3494 34
26.375 4975 200 1265 3526 34
26.5 4965 195 1251 3555 34
26.625 4957 191 1231 3587 34
26.75 4949 191 1212 3614 34
26.875 4941 189 1197 3639 34
27 4931 188 1185 3662 34
27.125 4925 186 1166 3689 34
27.25 4919 181 1148 3715 37
27.375 4911 183 1128 3741 37
27.5 4907 170 1128 3757 38
27.625 4901 171 1110 3780 38
27.75 4897 162 1098 3805 38
27.875 4890 159 1083 3830 38
28 4886 149 1073 3854 38
28.125 4883 139 1057 3883 38
28.25 4873 140 1044 3905 38
28.375 4865 142 1031 3924 38
28.5 4859 139 1019 3944 39
28.625 4851 137 1012 3960 40
28.75 4844 139 997 3980 40
28.875 4834 146 977 4003 40
29 4828 142 966 4024 40
29.125 4823 139 954 4043 41
29.25 4816 140 935 4068 41
29.375 4813 134 926 4086 41
29.5 4806 131 916 4106 41
29.625 4803 129 903 4123 42
29.75 4798 126 892 4142 42
29.875 4792 121 888 4157 42
30 4783 123 883 4169 42
30.125 4782 120 866 4190 42
30.25 4778 113 856 4211 42
30.375 4777 109 840 4232 42
30.5 4774 106 823 4254 43
30.625 4773 101 800 4282 44
30.75 4767 99 793 4297 44
30.875 4761 96 777 4322 44
31 4758 93 765 4340 44
31.125 4755 92 746 4363 44
31.25 4754 92 732 4378 44
31.375 4751 88 722 4394 45
31.5 4745 89 716 4405 45
31.625 4741 93 707 4414 45
31.75 4739 85 706 4425 45
31.875 4733 82 695 4444 46
32 4732 79 680 4462 47
32.125 4728 83 660 4482 47
32.25 4727 79 660 4487 47
32.375 4723 74 650 4506 47
32.5 4718 77 628 4530 47
32.625 4708 81 623 4541 47
32.75 4707 75 611 4560 47
32.875 4704 74 603 4572 47
33 4697 74 596 4586 47
33.125 4695 71 589 4598 47
33.25 4693 71 578 4611 47
33.375 4691 69 569 4624 47
33.5 4691 64 563 4635 47
33.625 4688 64 553 4648 47
33.75 4685 59 551 4657 48
33.875 4679 62 542 4669 48
34 4677 61 535 4679 48
34.125 4675 62 520 4695 48
34.25 4675 61 509 4707 48
34.375 4670 63 505 4714 48
34.5 4670 60 496 4726 48
34.625 4668 57 492 4734 49
34.75 4665 57 486 4743 49
34.875 4663 57 479 4752 49
35 4660 55 473 4763 49
35.125 4657 53 469 4772 49
35.25 4656 49 464 4782 49
35.375 4655 45 461 4789 50
35.5 4653 46 451 4800 50
35.625 4650 46 444 4810 50
35.75 4648 44 438 4820 50
35.875 4646 45 431 4828 50
36 4643 47 417 4843 50
36.125 4640 48 408 4854 50
36.25 4639 45 403 4863 50
36.375 4639 42 401 4868 50
36.5 4638 42 390 4879 51
36.625 4636 44 377 4892 51
36.75 4636 42 367 4904 51
36.875 4635 42 360 4912 51
37 4633 42 356 4918 51
37.125 4631 39 355 4924 51
37.25 4629 39 348 4932 52
37.375 4629 37 345 4936 53
37.5 4627 37 338 4945 53
37.625 4625 38 331 4953 53
37.75 4622 37 325 4963 53
37.875 4620 38 320 4968 54
38 4618 37 316 4975 54
38.125 4616 37 312 4981 54
38.25 4615 35 311 4984 55
38.375 4615 33 305 4992 55
38.5 4615 30 305 4995 55
38.625 4613 30 300 5002 55
38.75 4613 30 295 5007 55
38.875 4611 31 291 5012 55
39 4611 30 283 5021 55
39.125 4610 31 276 5028 55
39.25 4607 31 268 5037 57
39.375 4605 31 265 5042 57
39.5 4604 27 267 5045 57
39.625 4603 28 264 5048 57
39.75 4603 28 259 5053 57
39.875 4603 23 257 5060 57
40 4602 21 257 5063 57
40.125 4601 20 257 5065 57
40.25 4601 19 250 5073 57
40.375 4601 17 250 5075 57
40.5 4600 18 246 5079 57
40.625 4599 17 244 5083 57
40.75 4598 17 242 5086 57
40.875 4597 17 238 5091 57
41 4597 17 235 5094 57
41.125 4596 17 229 5101 57
41.25 4596 17 224 5106 57
41.375 4596 16 220 5111 57
41.5 4595 17 214 5117 57
41.625 4595 15 212 5121 57
41.75 4592 16 209 5126 57
41.875 4592 15 205 5131 57
42 4591 16 200 5136 57
42.125 4589 17 196 5141 57
42.25 4586 17 194 5146 57
42.375 4584 17 194 5148 57
42.5 4584 17 192 5150 57
42.625 4583 16 191 5153 57
42.75 4582 16 189 5156 57
42.875 4582 16 186 5159 57
43 4581 16 183 5163 57
43.125 4581 16 181 5165 57
43.25 4580 15 179 5169 57
43.375 4580 15 176 5172 57
43.5 4580 14 169 5180 57
43.625 4580 12 169 5182 57
43.75 4579 13 166 5185 57
43.875 4579 10 168 5186 57
44 4579 10 165 5189 57
44.125 4579 10 164 5190 57
44.25 4578 9 164 5192 57
44.375 4577 10 161 5195 57
44.5 4577 8 158 5200 57
44.625 4577 8 154 5204 57
44.75 4577 8 152 5206 57
44.875 4577 7 147 5211 58
45 4577 7 144 5214 58
45.125 4577 6 141 5218 58
45.25 4575 8 139 5220 58
45.375 4573 9 137 5223 58
45.5 4573 9 133 5227 58
45.625 4573 9 126 5234 58
45.75 4572 10 124 5236 58
45.875 4571 11 121 5239 58
46 4570 12 118 5242 58
46.125 4570 11 119 5242 58
46.25 4569 11 119 5243 58
46.375 4569 11 119 5243 58
46.5 4568 11 120 5243 58
46.625 4568 9 117 5248 58
46.75 4568 8 117 5249 58
46.875 4568 8 113 5253 58
47 4568 7 114 5253 58
47.125 4567 8 108 5259 58
47.25 4566 8 107 5261 58
47.375 4566 8 106 5262 58
47.5 4565 9 105 5263 58
47.625 4565 7 103 5267 58
47.75 4565 7 103 5267 58
47.875 4565 6 101 5270 58
48 4565 6 98 5272 59
48.125 4565 5 97 5274 59
48.25 4564 6 95 5276 59
48.375 4563 6 95 5277 59
48.5 4563 6 94 5278 59
48.625 4563 5 94 5279 59
48.75 4563 5 92 5281 59
48.875 4563 5 90 5283 59
49 4563 5 87 5286 59
49.125 4563 5 85 5288 59
49.25 4563 5 85 5288 59
49.375 4562 5 84 5290 59
49.5 4562 5 83 5291 59
49.625 4562 4 84 5291 59
49.75 4562 4 83 5292 59
49.875 4561 5 80 5295 59
50 4561 5 80 5295 59
50.125 4559 7 78 5297 59
50.25 4559 7 74 5301 59
50.375 4558 8 73 5302 59
50.5 4558 8 72 5303 59
50.625 4558 8 72 5303 59
50.75 4558 8 71 5304 59
50.875 4558 7 72 5304 59
51 4558 7 71 5305 59
51.125 4558 6 67 5310 59
51.25 4558 5 67 5311 59
51.375 4558 5 67 5311 59
51.5 4558 4 66 5313 59
51.625 4558 4 62 5317 59
51.75 4557 4 61 5319 59
51.875 4557 3 61 5320 59
52 4557 3 58 5323 59
52.125 4557 1 59 5324 59
52.25 4557 1 57 5326 59
52.375 4557 1 56 5327 59
52.5 4557 1 55 5328 59
52.625 4555 3 52 5331 59
52.75 4555 3 52 5331 59
52.875 4555 3 51 5332 59
53 4555 3 51 5332 59
53.125 4554 4 50 5333 59
53.25 4553 5 49 5334 59
53.375 4553 4 49 5335 59
53.5 4553 4 47 5337 59
53.625 4553 4 47 5337 59
53.75 4553 4 46 5338 59
53.875 4551 6 45 5339 59
54 4551 5 46 5339 59
54.125 4550 6 46 5339 59
54.25 4550 6 43 5342 59
54.375 4550 6 43 5342 59
54.5 4550 6 40 5345 59
54.625 4550 6 39 5346 59
54.75 4550 5 37 5349 59
54.875 4550 5 35 5351 59
55 4550 4 34 5353 59
55.125 4550 3 35 5353 59
55.25 4550 3 34 5354 59
55.375 4550 3 34 5354 59
55.5 4550 3 32 5356 59
55.625 4550 3 30 5358 59
55.75 4550 2 30 5359 59
55.875 4550 2 29 5360 59
56 4550 2 27 5362 59
56.125 4550 2 27 5362 59
56.25 4550 2 27 5362 59
56.375 4550 2 25 5364 59
56.5 4550 2 25 5364 59
56.625 4549 3 25 5364 59
56.75 4549 3 25 5364 59
56.875 4549 3 25 5364 59
57 4549 2 26 5364 59
57.125 4549 2 26 5364 59
57.25 4549 2 26 5364 59
57.375 4549 2 26 5364 59
57.5 4549 2 26 5364 59
57.625 4549 1 27 5364 59
57.75 4548 2 27 5364 59
57.875 4548 2 27 5364 59
58 4548 2 27 5364 59
58.125 4548 2 26 5365 59
58.25 4548 2 25 5366 59
58.375 4548 1 24 5368 59
58.5 4548 1 23 5369 59
58.625 4548 1 23 5369 59
58.75 4548 1 23 5369 59
58.875 4548 1 22 5370 59
59 4548 1 22 5370 59
59.125 4548 0 23 5370 59
59.25 4548 0 23 5370 59
59.375 4548 0 23 5370 59
59.5 4548 0 23 5370 59
59.625 4546 2 23 5370 59
59.75 4546 2 22 5371 59
59.875 4546 2 21 5372 59
60 4546 2 21 5372 59
60.125 4546 2 21 5372 59
60.25 4546 2 20 5373 59
60.375 4546 2 20 5373 59
60.5 4546 2 20 5373 59
60.625 4546 2 20 5373 59
60.75 4546 1 20 5374 59
60.875 4546 1 19 5375 59
61 4546 1 19 5375 59
61.125 4546 1 19 5375 59
61.25 4546 1 19 5375 59
61.375 4546 1 19 5375 59
61.5 4546 1 19 5375 59
61.625 4546 1 18 5376 59
61.75 4546 1 18 5376 59
61.875 4546 1 16 5378 59
62 4546 1 16 5378 59
62.125 4546 1 13 5381 59
62.25 4546 1 13 5381 59
62.375 4546 1 12 5382 59
62.5 4546 1 11 5383 59
62.625 4546 1 11 5383 59
62.75 4546 1 11 5383 59
62.875 4546 1 11 5383 59
63 4546 1 11 5383 59
63.125 4546 1 11 5383 59
63.25 4546 1 11 5383 59
63.375 4546 1 11 5383 59
63.5 4546 1 11 5383 59
63.625 4545 2 11 5383 59
63.75 4545 2 11 5383 59
63.875 4545 2 11 5383 59
64 4545 2 11 5383 59
64.125 4545 2 11 5383 59
64.25 4545 2 11 5383 59
64.375 4545 2 11 5383 59
64.5 4545 2 11 5383 59
64.625 4545 2 11 5383 59
64.75 4545 2 11 5383 59
64.875 4545 2 11 5383 59
65 4545 2 10 5384 59
65.125 4545 2 10 5384 59
65.25 4545 2 10 5384 59
65.375 4545 2 10 5384 59
65.5 4545 2 10 5384 59
65.625 4545 2 10 5384 59
65.75 4545 2 9 5385 59
65.875 4545 2 9 5385 59
66 4545 1 10 5385 59
66.125 4545 1 10 5385 59
66.25 4545 1 10 5385 59
66.375 4545 1 10 5385 59
66.5 4545 1 10 5385 59
66.625 4545 0 11 5385 59
66.75 4544 1 11 5385 59
66.875 4544 1 11 5385 59
67 4544 1 11 5385 59
67.125 4544 1 11 5385 59
67.25 4544 1 11 5385 59
67.375 4543 2 11 5385 59
67.5 4543 2 11 5385 59
67.625 4542 3 10 5386 59
67.75 4542 3 10 5386 59
67.875 4542 3 9 5387 59
68 4542 3 8 5388 59
68.125 4542 3 8 5388 59
68.25 4542 3 8 5388 59
68.375 4542 3 8 5388 59
68.5 4542 3 7 5389 59
68.625 4542 3 6 5390 59
68.75 4542 3 6 5390 59
68.875 4542 3 6 5390 59
69 4542 3 6 5390 59
69.125 4542 1 8 5390 59
69.25 4542 1 8 5390 59
69.375 4542 1 8 5390 59
69.5 4542 1 7 5391 59
69.625 4542 1 7 5391 59
69.75 4542 1 7 5391 59
69.875 4542 1 7 5391 59
70 4542 1 7 5391 59
70.125 4542 1 7 5391 59
70.25 4542 1 7 5391 59
70.375 4542 1 7 5391 59
70.5 4542 1 7 5391 59
70.625 4542 1 6 5392 59
70.75 4542 1 6 5392 59
70.875 4542 1 6 5392 59
71 4542 1 6 5392 59
71.125 4542 1 6 5392 59
71.25 4542 1 6 5392 59
71.375 4542 1 5 5393 59
71.5 4542 1 5 5393 59
71.625 4542 1 5 5393 59
71.75 4542 1 5 5393 59
71.875 4542 1 5 5393 59
72 4542 1 5 5393 59
72.125 4542 1 5 5393 59
72.25 4542 1 5 5393 59
72.375 4542 1 5 5393 59
72.5 4542 1 5 5393 59
72.625 4542 1 4 5394 59
72.75 4542 1 4 5394 59
72.875 4542 1 4 5394 59
73 4542 1 4 5394 59
73.125 4542 1 4 5394 59
73.25 4542 1 4 5394 59
73.375 4542 1 4 5394 59
73.5 4542 1 4 5394 59
73.625 4542 1 4 5394 59
73.75 4542 1 4 5394 59
73.875 4542 1 4 5394 59
74 4542 1 4 5394 59
74.125 4542 1 4 5394 59
74.25 4542 0 4 5395 59
74.375 4542 0 3 5396 59
74.5 4542 0 3 5396 59
74.625 4542 0 3 5396 59
74.75 4542 0 3 5396 59
74.875 4542 0 3 5396 59
75 4542 0 3 5396 59
75.125 4542 0 3 5396 59
75.25 4542 0 3 5396 59
75.375 4542 0 3 5396 59
75.5 4542 0 3 5396 59
75.625 4542 0 3 5396 59
75.75 4542 0 3 5396 59
75.875 4542 0 3 5396 59
76 4542 0 3 5396 59
76.125 4542 0 2 5397 59
76.25 4542 0 2 5397 59
76.375 4542 0 2 5397 59
76.5 4542 0 2 5397 59
76.625 4542 0 2 5397 59
76.75 4542 0 2 5397 59
76.875 4542 0 2 5397 59
77 4542 0 2 5397 59
77.125 4542 0 2 5397 59
77.25 4542 0 2 5397 59
77.375 4542 0 2 5397 59
77.5 4542 0 2 5397 59
77.625 4542 0 2 5397 59
77.75 4542 0 2 5397 59
77.875 4542 0 2 5397 59
78 4542 0 2 5397 59
78.125 4542 0 2 5397 59
78.25 4542 0 2 5397 59
78.375 4542 0 2 5397 59
78.5 4542 0 2 5397 59
78.625 4542 0 2 5397 59
78.75 4542 0 2 5397 59
78.875 4541 1 2 5397 59
79 4540 2 2 5397 59
79.125 4540 2 2 5397 59
79.25 4540 2 2 5397 59
79.375 4540 2 2 5397 59
79.5 4540 2 2 5397 59
79.625 4540 2 2 5397 59
79.75 4540 2 2 5397 59
79.875 4540 2 2 5397 59
80 4540 2 2 5397 59
80.125 4540 2 2 5397 59
80.25 4540 2 2 5397 59
80.375 4540 2 2 5397 59
80.5 4540 2 2 5397 59
80.625 4540 2 2 5397 59
80.75 4539 3 2 5397 59
80.875 4539 2 3 5397 59
81 4539 2 3 5397 59
81.125 4539 2 2 5398 59
81.25 4539 2 2 5398 59
81.375 4539 2 2 5398 59
81.5 4539 2 2 5398 59
81.625 4539 2 2 5398 59
81.75 4539 2 2 5398 59
81.875 4539 2 2 5398 59
82 4539 2 2 5398 59
82.125 4539 2 2 5398 59
82.25 4539 1 3 5398 59
82.375 4539 1 3 5398 59
82.5 4539 1 3 5398 59
82.625 4539 1 3 5398 59
82.75 4539 1 3 5398 59
82.875 4539 1 3 5398 59
83 4539 1 3 5398 59
83.125 4539 1 3 5398 59
83.25 4539 1 3 5398 59
83.375 4539 1 3 5398 59
83.5 4539 1 3 5398 59
83.625 4539 1 3 5398 59
83.75 4539 1 3 5398 59
83.875 4539 1 3 5398 59
84 4539 1 3 5398 59
84.125 4539 1 3 5398 59
84.25 4539 1 3 5398 59
84.375 4539 1 3 5398 59
84.5 4539 1 3 5398 59
84.625 4539 1 3 5398 59
84.75 4539 1 3 5398 59
84.875 4539 1 3 5398 59
85 4539 1 3 5398 59
85.125 4539 1 3 5398 59
85.25 4539 1 3 5398 59
85.375 4539 1 2 5399 59
85.5 4539 1 2 5399 59
85.625 4539 0 3 5399 59
85.75 4539 0 3 5399 59
85.875 4539 0 3 5399 59
86 4539 0 3 5399 59
86.125 4539 0 3 5399 59
86.25 4539 0 3 5399 59
86.375 4539 0 3 5399 59
86.5 4539 0 2 5400 59
86.625 4539 0 2 5400 59
86.75 4539 0 2 5400 59
86.875 4539 0 2 5400 59
87 4539 0 2 5400 59
87.125 4539 0 2 5400 59
87.25 4539 0 2 5400 59
87.375 4539 0 2 5400 59
87.5 4539 0 2 5400 59
87.625 4539 0 2 5400 59
87.75 4539 0 2 5400 59
87.875 4539 0 2 5400 59
88 4539 0 2 5400 59
88.125 4539 0 2 5400 59
88.25 4539 0 2 5400 59
88.375 4539 0 2 5400 59
88.5 4539 0 2 5400 59
88.625 4539 0 2 5400 59
88.75 4539 0 2 5400 59
88.875 4539 0 2 5400 59
89 4539 0 2 5400 59
89.125 4539 0 2 5400 59
89.25 4539 0 2 5400 59
89.375 4539 0 2 5400 59
89.5 4539 0 2 5400 59
89.625 4539 0 2 5400 59
89.75 4539 0 2 5400 59
89.875 4539 0 2 5400 59
90 4539 0 2 5400 59
90.125 4539 0 2 5400 59
90.25 4539 0 2 5400 59
90.375 4539 0 2 5400 59
90.5 4539 0 2 5400 59
90.625 4539 0 2 5400 59
90.75 4539 0 2 5400 59
90.875 4539 0 2 5400 59
91 4539 0 1 5401 59
91.125 4539 0 1 5401 59
91.25 4539 0 1 5401 59
91.375 4539 0 1 5401 59
91.5 4539 0 1 5401 59
91.625 4539 0 1 5401 59
91.75 4539 0 1 5401 59
91.875 4539 0 1 5401 59
92 4539 0 1 5401 59
92.125 4539 0 1 5401 59
92.25 4539 0 1 5401 59
92.375 4539 0 1 5401 59
92.5 4539 0 1 5401 59
92.625 4539 0 1 5401 59
92.75 4539 0 1 5401 59
92.875 4539 0 1 5401 59
93 4539 0 1 5401 59
93.125 4539 0 1 5401 59
93.25 4539 0 1 5401 59
93.375 4539 0 1 5401 59
93.5 4539 0 1 5401 59
93.625 4539 0 1 5401 59
93.75 4539 0 1 5401 59
93.875 4539 0 1 5401 59
94 4539 0 1 5401 59
94.125 4539 0 1 5401 59
94.25 4539 0 1 5401 59
94.375 4539 0 1 5401 59
94.5 4539 0 1 5401 59
94.625 4539 0 1 5401 59
94.75 4539 0 1 5401 59
94.875 4539 0 1 5401 59
95 4539 0 1 5401 59
95.125 4539 0 1 5401 59
95.25 4539 0 1 5401 59
95.375 4539 0 1 5401 59
95.5 4539 0 1 5401 59
95.625 4539 0 1 5401 59
95.75 4539 0 1 5401 59
95.875 4539 0 1 5401 59
96 4539 0 1 5401 59
96.125 4539 0 1 5401 59
96.25 4539 0 1 5401 59
96.375 4539 0 1 5401 59
96.5 4539 0 1 5401 59
96.625 4539 0 1 5401 59
96.75 4539 0 1 5401 59
96.875 4539 0 1 5401 59
97 4539 0 1 5401 59
97.125 4539 0 1 5401 59
97.25 4539 0 1 5401 59
97.375 4539 0 1 5401 59
97.5 4539 0 1 5401 59
97.625 4539 0 1 5401 59
97.75 4539 0 1 5401 59
97.875 4539 0 1 5401 59
98 4539 0 1 5401 59
98.125 4539 0 1 5401 59
98.25 4539 0 1 5401 59
98.375 4539 0 1 5401 59
98.5 4539 0 1 5401 59
98.625 4539 0 1 5401 59
98.75 4539 0 1 5401 59
98.875 4539 0 1 5401 59
99 4539 0 1 5401 59
99.125 4539 0 1 5401 59
99.25 4539 0 1 5401 59
99.375 4539 0 1 5401 59
99.5 4539 0 1 5401 59
99.625 4539 0 1 5401 59
99.75 4539 0 1 5401 59
99.875 4539 0 1 5401 59
100 4539 0 1 5401 59
100.125 4539 0 1 5401 59
100.25 4539 0 1 5401 59
100.375 4539 0 1 5401 59
100.5 4539 0 1 5401 59
100.625 4539 0 1 5401 59
100.75 4539 0 1 5401 59
100.875 4539 0 1 5401 59
101 4539 0 1 5401 59
101.125 4539 0 1 5401 59
101.25 4539 0 1 5401 59
101.375 4539 0 1 5401 59
101.5 4539 0 1 5401 59
101.625 4539 0 1 5401 59
101.75 4539 0 1 5401 59
101.875 4539 0 1 5401 59
102 4539 0 1 5401 59
102.125 4539 0 1 5401 59
102.25 4539 0 1 5401 59
102.375 4539 0 1 5401 59
102.5 4539 0 1 5401 59
102.625 4539 0 1 5401 59
102.75 4539 0 1 5401 59
102.875 4539 0 1 5401 59
103 4539 0 1 5401 59
103.125 4539 0 1 5401 59
103.25 4539 0 1 5401 59
103.375 4539 0 1 5401 59
103.5 4539 0 1 5401 59
103.625 4539 0 1 5401 59
103.75 4539 0 1 5401 59
103.875 4539 0 1 5401 59
104 4539 0 1 5401 59
104.125 4539 0 1 5401 59
104.25 4539 0 1 5401 59
104.375 4539 0 1 5401 59
104.5 4539 0 1 5401 59
104.625 4539 0 1 5401 59
104.75 4539 0 1 5401 59
104.875 4539 0 1 5401 59
105 4539 0 1 5401 59
105.125 4539 0 1 5401 59
105.25 4539 0 1 5401 59
105.375 4539 0 1 5401 59
105.5 4539 0 1 5401 59
105.625 4539 0 1 5401 59
105.75 4539 0 1 5401 59
105.875 4539 0 1 5401 59
106 4539 0 1 5401 59
106.125 4539 0 1 5401 59
106.25 4539 0 1 5401 59
106.375 4539 0 1 5401 59
106.5 4539 0 1 5401 59
106.625 4539 0 1 5401 59
106.75 4539 0 1 5401 59
106.875 4539 0 1 5401 59
107 4539 0 1 5401 59
107.125 4539 0 1 5401 59
107.25 4539 0 1 5401 59
107.375 4539 0 1 5401 59
107.5 4539 0 1 5401 59
107.625 4539 0 1 5401 59
107.75 4539 0 1 5401 59
107.875 4539 0 1 5401 59
108 4539 0 1 5401 59
108.125 4539 0 1 5401 59
108.25 4539 0 1 5401 59
108.375 4539 0 1 5401 59
108.5 4539 0 1 5401 59
108.625 4539 0 1 5401 59
108.75 4539 0 1 5401 59
108.875 4539 0 1 5401 59
109 4539 0 1 5401 59
109.125 4539 0 1 5401 59
109.25 4539 0 1 5401 59
109.375 4539 0 1 5401 59
109.5 4539 0 1 5401 59
109.625 4539 0 1 5401 59
109.75 4539 0 1 5401 59
109.875 4539 0 1 5401 59
110 4539 0 1 5401 59
110.125 4539 0 1 5401 59
110.25 4539 0 1 5401 59
110.375 4539 0 1 5401 59
110.5 4539 0 1 5401 59
110.625 4539 0 1 5401 59
110.75 4539 0 1 5401 59
110.875 4539 0 1 5401 59
111 4539 0 1 5401 59
111.125 4539 0 1 5401 59
111.25 4539 0 1 5401 59
111.375 4539 0 1 5401 59
111.5 4539 0 1 5401 59
111.625 4539 0 1 5401 59
111.75 4539 0 1 5401 59
111.875 4539 0 1 5401 59
112 4539 0 1 5401 59
112.125 4539 0 1 5401 59
112.25 4539 0 1 5401 59
112.375 4539 0 1 5401 59
112.5 4539 0 1 5401 59
112.625 4539 0 1 5401 59
112.75 4539 0 1 5401 59
112.875 4539 0 1 5401 59
113 4539 0 1 5401 59
113.125 4539 0 1 5401 59
113.25 4539 0 1 5401 59
113.375 4539 0 1 5401 59
113.5 4539 0 1 5401 59
113.625 4539 0 1 5401 59
113.75 4539 0 1 5401 59
113.875 4539 0 1 5401 59
114 4539 0 1 5401 59
114.125 4539 0 1 5401 59
114.25 4539 0 1 5401 59
114.375 4539 0 1 5401 59
114.5 4539 0 1 5401 59
114.625 4539 0 1 5401 59
114.75 4539 0 1 5401 59
114.875 4539 0 1 5401 59
115 4539 0 1 5401 59
115.125 4539 0 1 5401 59
115.25 4539 0 1 5401 59
115.375 4539 0 1 5401 59
115.5 4539 0 1 5401 59
115.625 4539 0 1 5401 59
115.75 4539 0 1 5401 59
115.875 4539 0 1 5401 59
116 4539 0 1 5401 59
116.125 4539 0 1 5401 59
116.25 4539 0 1 5401 59
116.375 4539 0 1 5401 59
116.5 4539 0 1 5401 59
116.625 4539 0 1 5401 59
116.75 4539 0 1 5401 59
116.875 4539 0 1 5401 59
117 4539 0 1 5401 59
117.125 4539 0 1 5401 59
117.25 4539 0 1 5401 59
117.375 4539 0 1 5401 59
117.5 4539 0 1 5401 59
117.625 4539 0 1 5401 59
117.75 4539 0 1 5401 59
117.875 4539 0 1 5401 59
118 4539 0 1 5401 59
118.125 4539 0 1 5401 59
118.25 4539 0 1 5401 59
118.375 4539 0 1 5401 59
118.5 4539 0 1 5401 59
118.625 4539 0 1 5401 59
118.75 4539 0 1 5401 59
118.875 4539 0 1 5401 59
119 4539 0 1 5401 59
119.125 4539 0 1 5401 59
119.25 4539 0 1 5401 59
119.375 4539 0 1 5401 59
119.5 4539 0 1 5401 59
119.625 4539 0 1 5401 59
119.75 4539 0 1 5401 59
119.875 4539 0 1 5401 59
120 4539 0 1 5401 59
120.125 4539 0 1 5401 59
120.25 4539 0 1 5401 59
120.375 4539 0 1 5401 59
120.5 4539 0 1 5401 59
120.625 4539 0 1 5401 59
120.75 4539 0 1 5401 59
120.875 4539 0 1 5401 59
121 4539 0 1 5401 59
121.125 4539 0 1 5401 59
121.25 4539 0 0 5402 59
