t S E I R D
0 9998 0 2 0 0
0.125 9998 0 2 0 0
0.25 9997 1 2 0 0
0.375 9997 1 2 0 0
0.5 9997 1 2 0 0
0.625 9997 1 2 0 0
0.75 9997 1 2 0 0
0.875 9996 2 2 0 0
1 9996 2 2 0 0
1.125 9996 2 2 0 0
1.25 9996 2 2 0 0
1.375 9996 2 2 0 0
1.5 9996 2 2 0 0
1.625 9996 2 2 0 0
1.75 9996 2 2 0 0
1.875 9996 2 2 0 0
2 9996 2 2 0 0
2.125 9996 2 2 0 0
2.25 9996 2 2 0 0
2.375 9996 2 2 0 0
2.5 9995 3 2 0 0
2.625 9995 3 2 0 0
2.75 9995 3 2 0 0
2.875 9994 4 2 0 0
3 9994 3 2 1 0
3.125 9994 3 2 1 0
3.25 9993 4 2 1 0
3.375 9992 5 2 1 0
3.5 9992 4 3 1 0
3.625 9991 5 3 1 0
3.75 9990 6 3 1 0
3.875 9988 8 3 1 0
4 9987 8 4 1 0
4.125 9986 9 4 1 0
4.25 9985 10 4 1 0
4.375 9985 8 6 1 0
4.5 9985 8 6 1 0
4.625 9982 10 7 1 0
4.75 9980 11 8 1 0
4.875 9977 14 7 2 0
5 9975 14 9 2 0
5.125 9971 17 10 2 0
5.25 9965 23 10 2 0
5.375 9961 25 12 2 0
5.5 9958 28 12 2 0
5.625 9954 31 13 2 0
5.75 9951 31 16 2 0
5.875 9949 30 19 2 0
6 9946 29 22 3 0
6.125 9944 29 24 3 0
6.25 9942 28 27 3 0
6.375 9937 32 28 3 0
6.5 9933 33 30 4 0
6.625 9927 35 33 5 0
6.75 9916 42 37 5 0
6.875 9905 52 37 6 0
7 9895 60 39 6 0
7.125 9882 71 40 7 0
7.25 9871 78 44 7 0
7.375 9856 92 44 8 0
7.5 9846 96 50 8 0
7.625 9834 103 54 9 0
7.75 9812 114 60 14 0
7.875 9799 119 67 15 0
8 9779 132 72 17 0
8.125 9763 140 80 17 0
8.25 9741 157 82 20 0
8.375 9725 161 93 21 0
8.5 9700 178 99 23 0
8.625 9663 203 109 25 0
8.75 9614 245 115 26 0
8.875 9565 285 121 29 0
9 9518 312 136 34 0
9.125 9467 342 155 36 0
9.25 9419 372 167 42 0
9.375 9362 410 180 48 0
9.5 9306 443 201 50 0
9.625 9250 472 223 55 0
9.75 9194 499 246 61 0
9.875 9117 544 275 64 0
10 9022 609 300 69 0
10.125 8934 651 341 74 0
10.25 8837 712 369 82 0
10.375 8737 765 407 91 0
10.5 8665 791 448 96 0
10.625 8557 847 495 100 1
10.75 8448 898 543 110 1
10.875 8342 949 587 121 1
11 8231 996 642 128 3
11.125 8138 1019 702 138 3
11.25 8056 1041 742 158 3
11.375 7973 1047 804 173 3
11.5 7869 1088 851 189 3
11.625 7755 1137 900 204 4
11.75 7659 1146 967 224 4
11.875 7558 1159 1040 239 4
12 7456 1174 1110 255 5
12.125 7344 1213 1160 278 5
12.25 7240 1238 1215 302 5
12.375 7143 1262 1266 324 5
12.5 7047 1281 1309 357 6
12.625 6960 1286 1368 380 6
12.75 6868 1287 1430 409 6
12.875 6782 1300 1459 453 6
13 6697 1302 1507 488 6
13.125 6601 1303 1558 532 6
13.25 6542 1281 1602 569 6
13.375 6457 1287 1646 604 6
13.5 6383 1278 1701 632 6
13.625 6304 1278 1747 665 6
13.75 6225 1265 1804 700 6
13.875 6146 1263 1834 751 6
14 6083 1251 1866 794 6
14.125 6024 1240 1890 840 6
14.25 5942 1248 1924 880 6
14.375 5870 1234 1959 930 7
14.5 5802 1215 2013 963 7
14.625 5734 1204 2050 1005 7
14.75 5666 1199 2075 1052 8
14.875 5604 1196 2097 1095 8
15 5539 1187 2123 1143 8
15.125 5480 1172 2142 1197 9
15.25 5415 1173 2147 1256 9
15.375 5354 1171 2172 1293 10
15.5 5290 1173 2195 1331 11
15.625 5223 1164 2224 1378 11
15.75 5170 1143 2246 1430 11
15.875 5122 1122 2272 1473 11
16 5070 1090 2303 1525 12
16.125 5022 1079 2316 1571 12
16.25 4973 1054 2351 1609 13
16.375 4933 1025 2374 1655 13
16.5 4888 998 2401 1700 13
16.625 4839 990 2428 1729 14
16.75 4795 985 2406 1800 14
16.875 4750 972 2418 1845 15
17 4715 949 2430 1891 15
17.125 4676 915 2454 1938 17
17.25 4647 874 2467 1994 18
17.375 4603 876 2450 2053 18
17.5 4566 855 2440 2120 19
17.625 4536 824 2452 2168 20
17.75 4502 810 2454 2212 22
17.875 4477 782 2468 2251 22
18 4443 770 2468 2297 22
18.125 4419 748 2465 2346 22
18.25 4388 732 2456 2399 25
18.375 4361 698 2460 2456 25
18.5 4327 690 2448 2509 26
18.625 4297 678 2445 2554 26
18.75 4270 666 2444 2594 26
18.875 4246 664 2420 2643 27
19 4218 648 2406 2700 28
19.125 4190 636 2384 2762 28
19.25 4164 631 2369 2808 28
19.375 4138 615 2348 2871 28
19.5 4105 609 2337 2921 28
19.625 4086 593 2329 2964 28
19.75 4064 578 2322 3007 29
19.875 4044 572 2312 3043 29
20 4028 553 2308 3082 29
20.125 4004 548 2298 3120 30
20.25 3999 527 2282 3162 30
20.375 3986 519 2258 3207 30
20.5 3964 510 2235 3261 30
20.625 3944 493 2222 3310 31
20.75 3925 482 2208 3354 31
20.875 3905 465 2201 3398 31
21 3892 453 2183 3440 32
21.125 3878 433 2178 3479 32
21.25 3862 422 2172 3511 33
21.375 3839 419 2142 3566 34
21.5 3821 412 2112 3620 35
21.625 3806 396 2104 3659 35
21.75 3799 372 2093 3701 35
21.875 3774 374 2076 3740 36
22 3760 367 2069 3768 36
22.125 3748 358 2035 3822 37
22.25 3736 353 2001 3872 38
22.375 3727 338 1987 3910 38
22.5 3718 320 1968 3955 39
22.625 3709 305 1948 3999 39
22.75 3700 297 1925 4039 39
22.875 3687 296 1897 4081 39
23 3681 286 1878 4116 39
23.125 3678 273 1862 4147 40
23.25 3668 267 1836 4189 40
23.375 3656 267 1807 4230 40
23.5 3642 269 1775 4273 41
23.625 3634 260 1756 4308 42
23.75 3620 263 1724 4350 43
23.875 3612 255 1716 4374 43
24 3605 244 1705 4403 43
24.125 3602 227 1695 4433 43
24.25 3597 215 1671 4473 44
24.375 3589 204 1652 4511 44
24.5 3578 205 1613 4559 45
24.625 3568 200 1597 4589 46
24.75 3559 203 1559 4632 47
24.875 3550 199 1534 4669 48
25 3539 199 1516 4698 48
25.125 3532 194 1491 4735 48
25.25 3527 194 1469 4762 48
25.375 3521 187 1454 4790 48
25.5 3517 177 1430 4826 50
25.625 3508 177 1413 4852 50
25.75 3504 167 1396 4883 50
25.875 3498 158 1393 4901 50
26 3489 160 1369 4932 50
26.125 3485 150 1346 4969 50
26.25 3477 150 1320 5003 50
26.375 3472 145 1312 5021 50
26.5 3469 139 1303 5039 50
26.625 3465 134 1283 5068 50
26.75 3457 130 1263 5100 50
26.875 3456 121 1238 5135 50
27 3454 115 1220 5161 50
27.125 3449 110 1210 5181 50
27.25 3447 108 1191 5202 52
27.375 3444 102 1173 5228 53
27.5 3438 101 1156 5251 54
27.625 3433 100 1137 5276 54
27.75 3429 97 1118 5301 55
27.875 3423 99 1094 5329 55
28 3420 92 1083 5350 55
28.125 3416 94 1065 5370 55
28.25 3413 96 1048 5388 55
28.375 3409 92 1027 5417 55
28.5 3407 86 1012 5440 55
28.625 3405 80 999 5461 55
28.75 3399 83 981 5481 56
28.875 3396 78 970 5500 56
29 3390 82 953 5519 56
29.125 3382 88 932 5542 56
29.25 3380 87 911 5566 56
29.375 3378 84 899 5583 56
29.5 3378 77 885 5604 56
29.625 3373 76 879 5616 56
29.75 3368 75 860 5641 56
29.875 3367 72 850 5655 56
30 3364 65 841 5673 57
30.125 3361 65 824 5693 57
30.25 3360 59 826 5698 57
30.375 3359 55 811 5718 57
30.5 3357 48 806 5732 57
30.625 3355 46 797 5745 57
30.75 3352 43 779 5769 57
30.875 3348 46 769 5780 57
31 3346 47 748 5802 57
31.125 3343 46 732 5822 57
31.25 3341 43 723 5836 57
31.375 3341 42 710 5850 57
31.5 3339 42 701 5861 57
31.625 3334 44 690 5874 58
31.75 3332 44 680 5886 58
31.875 3326 47 674 5895 58
32 3324 42 671 5905 58
32.125 3322 40 659 5921 58
32.25 3320 39 645 5938 58
32.375 3317 41 633 5951 58
32.5 3314 41 624 5963 58
32.625 3312 39 610 5981 58
32.75 3309 38 592 6003 58
32.875 3308 39 585 6010 58
33 3304 40 577 6020 59
33.125 3302 41 562 6036 59
33.25 3299 42 552 6048 59
33.375 3298 41 543 6059 59
33.5 3298 41 529 6073 59
33.625 3297 38 526 6080 59
33.75 3294 37 517 6093 59
33.875 3291 40 511 6099 59
34 3289 40 501 6111 59
34.125 3289 36 498 6118 59
34.25 3287 37 486 6131 59
34.375 3286 34 485 6136 59
34.5 3286 33 482 6140 59
34.625 3285 31 472 6153 59
34.75 3285 30 460 6166 59
34.875 3283 31 451 6176 59
35 3281 30 442 6187 60
35.125 3280 30 433 6197 60
35.25 3278 32 424 6206 60
35.375 3275 35 413 6217 60
35.5 3272 36 408 6224 60
35.625 3270 36 402 6232 60
35.75 3270 33 396 6241 60
35.875 3270 32 387 6251 60
36 3269 29 383 6259 60
36.125 3266 31 380 6263 60
36.25 3263 31 373 6273 60
36.375 3263 30 365 6282 60
36.5 3262 28 362 6288 60
36.625 3261 27 360 6292 60
36.75 3261 24 355 6300 60
36.875 3260 24 349 6307 60
37 3260 22 342 6316 60
37.125 3260 20 337 6323 60
37.25 3259 18 334 6329 60
37.375 3259 17 330 6334 60
37.5 3259 17 326 6338 60
37.625 3258 17 323 6341 61
37.75 3256 18 318 6347 61
37.875 3254 18 317 6350 61
38 3254 16 312 6357 61
38.125 3254 15 305 6364 62
38.25 3253 15 301 6369 62
38.375 3252 15 296 6375 62
38.5 3252 15 290 6381 62
38.625 3250 16 285 6387 62
38.75 3250 15 282 6391 62
38.875 3249 13 277 6399 62
39 3248 14 276 6400 62
39.125 3248 12 272 6406 62
39.25 3246 13 263 6416 62
39.375 3246 13 258 6421 62
39.5 3246 13 251 6428 62
39.625 3246 11 249 6432 62
39.75 3246 11 246 6435 62
39.875 3245 10 244 6439 62
40 3245 9 232 6452 62
40.125 3244 10 225 6459 62
40.25 3243 11 221 6463 62
40.375 3243 10 220 6465 62
40.5 3243 9 218 6468 62
40.625 3241 11 215 6471 62
40.75 3240 10 217 6471 62
40.875 3240 10 212 6475 63
41 3240 10 209 6478 63
41.125 3240 9 207 6481 63
41.25 3239 10 201 6487 63
41.375 3238 11 193 6495 63
41.5 3238 11 184 6503 64
41.625 3238 10 179 6509 64
41.75 3237 11 177 6511 64
41.875 3237 10 174 6515 64
42 3237 10 171 6518 64
42.125 3237 9 168 6522 64
42.25 3237 9 160 6530 64
42.375 3237 8 159 6532 64
42.5 3236 9 156 6535 64
42.625 3236 9 155 6536 64
42.75 3236 8 153 6539 64
42.875 3236 8 150 6542 64
43 3236 8 146 6546 64
43.125 3236 8 144 6548 64
43.25 3236 8 144 6548 64
43.375 3236 8 140 6552 64
43.5 3236 8 139 6553 64
43.625 3235 8 136 6557 64
43.75 3235 8 133 6559 65
43.875 3235 8 131 6561 65
44 3235 7 130 6563 65
44.125 3235 7 129 6564 65
44.25 3235 7 129 6564 65
44.375 3235 7 128 6565 65
44.5 3234 8 127 6566 65
44.625 3234 8 123 6570 65
44.75 3234 8 121 6572 65
44.875 3234 7 120 6574 65
45 3234 6 120 6575 65
45.125 3234 6 116 6579 65
45.25 3234 6 114 6581 65
45.375 3234 5 115 6581 65
45.5 3234 5 114 6582 65
45.625 3234 5 111 6585 65
45.75 3234 4 110 6587 65
45.875 3232 6 109 6588 65
46 3232 6 105 6592 65
46.125 3232 3 108 6592 65
46.25 3232 3 108 6592 65
46.375 3232 3 106 6594 65
46.5 3232 3 104 6596 65
46.625 3232 3 104 6596 65
46.75 3232 3 101 6599 65
46.875 3231 4 96 6604 65
47 3230 5 94 6606 65
47.125 3229 6 91 6609 65
47.25 3229 6 88 6612 65
47.375 3229 5 86 6615 65
47.5 3229 4 86 6616 65
47.625 3228 5 83 6619 65
47.75 3228 5 83 6619 65
47.875 3228 5 82 6620 65
48 3228 5 81 6621 65
48.125 3228 5 78 6624 65
48.25 3228 4 79 6624 65
48.375 3228 4 79 6624 65
48.5 3228 4 77 6626 65
48.625 3228 4 76 6627 65
48.75 3228 3 74 6630 65
48.875 3227 4 73 6631 65
49 3227 4 72 6632 65
49.125 3227 4 72 6632 65
49.25 3227 4 70 6634 65
49.375 3227 3 69 6636 65
49.5 3227 3 68 6637 65
49.625 3227 3 67 6638 65
49.75 3227 3 67 6638 65
49.875 3227 3 63 6642 65
50 3227 3 62 6643 65
50.125 3227 2 61 6644 66
50.25 3227 2 61 6644 66
50.375 3227 2 58 6647 66
50.5 3226 3 56 6649 66
50.625 3226 3 55 6650 66
50.75 3226 3 54 6651 66
50.875 3226 2 54 6652 66
51 3226 2 52 6654 66
51.125 3225 3 51 6655 66
51.25 3225 2 51 6656 66
51.375 3225 2 51 6656 66
51.5 3225 2 51 6656 66
51.625 3225 1 51 6657 66
51.75 3225 1 51 6657 66
51.875 3225 1 51 6657 66
52 3225 1 50 6658 66
52.125 3224 2 49 6659 66
52.25 3224 2 49 6659 66
52.375 3224 2 48 6660 66
52.5 3224 1 49 6660 66
52.625 3224 0 48 6662 66
52.75 3223 1 48 6662 66
52.875 3223 1 47 6663 66
53 3223 1 47 6663 66
53.125 3223 1 46 6664 66
53.25 3223 1 46 6664 66
53.375 3222 2 45 6665 66
53.5 3222 2 44 6666 66
53.625 3222 2 43 6667 66
53.75 3222 2 43 6667 66
53.875 3222 1 43 6668 66
54 3222 1 43 6668 66
54.125 3222 1 42 6669 66
54.25 3222 1 42 6669 66
54.375 3222 1 42 6669 66
54.5 3222 1 42 6669 66
54.625 3222 1 41 6670 66
54.75 3222 1 40 6671 66
54.875 3222 1 39 6672 66
55 3222 1 37 6674 66
55.125 3222 0 38 6674 66
55.25 3222 0 36 6676 66
55.375 3222 0 35 6677 66
55.5 3222 0 34 6678 66
55.625 3222 0 33 6679 66
55.75 3222 0 33 6679 66
55.875 3222 0 33 6679 66
56 3222 0 32 6680 66
56.125 3222 0 32 6680 66
56.25 3222 0 30 6682 66
56.375 3222 0 30 6682 66
56.5 3222 0 30 6682 66
56.625 3222 0 30 6682 66
56.75 3222 0 28 6684 66
56.875 3222 0 27 6685 66
57 3222 0 27 6685 66
57.125 3222 0 27 6685 66
57.25 3222 0 26 6686 66
57.375 3222 0 25 6687 66
57.5 3222 0 24 6688 66
57.625 3222 0 24 6688 66
57.75 3222 0 24 6688 66
57.875 3222 0 20 6692 66
58 3222 0 20 6692 66
58.125 3222 0 19 6693 66
58.25 3222 0 18 6694 66
58.375 3222 0 16 6696 66
58.5 3222 0 16 6696 66
58.625 3222 0 16 6696 66
58.75 3222 0 16 6696 66
58.875 3222 0 16 6696 66
59 3222 0 16 6696 66
59.125 3222 0 15 6697 66
59.25 3222 0 15 6697 66
59.375 3222 0 13 6699 66
59.5 3222 0 13 6699 66
59.625 3222 0 13 6699 66
59.75 3222 0 13 6699 66
59.875 3222 0 12 6700 66
60 3222 0 12 6700 66
60.125 3222 0 11 6701 66
60.25 3222 0 11 6701 66
60.375 3222 0 11 6701 66
60.5 3222 0 11 6701 66
60.625 3222 0 10 6702 66
60.75 3222 0 9 6703 66
60.875 3222 0 9 6703 66
61 3222 0 9 6703 66
61.125 3222 0 9 6703 66
61.25 3222 0 9 6703 66
61.375 3222 0 8 6704 66
61.5 3222 0 8 6704 66
61.625 3222 0 8 6704 66
61.75 3222 0 7 6705 66
61.875 3222 0 7 6705 66
62 3222 0 7 6705 66
62.125 3222 0 7 6705 66
62.25 3222 0 7 6705 66
62.375 3222 0 7 6705 66
62.5 3222 0 7 6705 66
62.625 3222 0 6 6706 66
62.75 3222 0 6 6706 66
62.875 3222 0 6 6706 66
63 3222 0 6 6706 66
63.125 3222 0 6 6706 66
63.25 3222 0 6 6706 66
63.375 3222 0 6 6706 66
63.5 3222 0 6 6706 66
63.625 3222 0 6 6706 66
63.75 3222 0 5 6707 66
63.875 3222 0 5 6707 66
64 3222 0 5 6707 66
64.125 3222 0 4 6708 66
64.25 3222 0 4 6708 66
64.375 3222 0 4 6708 66
64.5 3222 0 4 6708 66
64.625 3222 0 4 6708 66
64.75 3222 0 4 6708 66
64.875 3222 0 4 6708 66
65 3222 0 4 6708 66
65.125 3222 0 4 6708 66
65.25 3222 0 4 6708 66
65.375 3222 0 4 6708 66
65.5 3222 0 4 6708 66
65.625 3222 0 4 6708 66
65.75 3221 1 4 6708 66
65.875 3221 0 5 6708 66
66 3221 0 5 6708 66
66.125 3221 0 5 6708 66
66.25 3221 0 5 6708 66
66.375 3221 0 4 6709 66
66.5 3221 0 4 6709 66
66.625 3221 0 4 6709 66
66.75 3221 0 4 6709 66
66.875 3221 0 4 6709 66
67 3221 0 4 6709 66
67.125 3221 0 4 6709 66
67.25 3221 0 4 6709 66
67.375 3221 0 4 6709 66
67.5 3221 0 4 6709 66
67.625 3221 0 4 6709 66
67.75 3221 0 4 6709 66
67.875 3221 0 4 6709 66
68 3221 0 4 6709 66
68.125 3221 0 4 6709 66
68.25 3221 0 4 6709 66
68.375 3221 0 3 6710 66
68.5 3221 0 3 6710 66
68.625 3221 0 2 6711 66
68.75 3221 0 2 6711 66
68.875 3221 0 2 6711 66
69 3221 0 2 6711 66
69.125 3221 0 2 6711 66
69.25 3221 0 2 6711 66
69.375 3221 0 2 6711 66
69.5 3221 0 2 6711 66
69.625 3221 0 2 6711 66
69.75 3221 0 2 6711 66
69.875 3221 0 2 6711 66
70 3221 0 2 6711 66
70.125 3221 0 2 6711 66
70.25 3221 0 2 6711 66
70.375 3221 0 2 6711 66
70.5 3221 0 2 6711 66
70.625 3221 0 2 6711 66
70.75 3221 0 2 6711 66
70.875 3221 0 2 6711 66
71 3221 0 2 6711 66
71.125 3221 0 2 6711 66
71.25 3221 0 2 6711 66
71.375 3221 0 2 6711 66
71.5 3221 0 2 6711 66
71.625 3221 0 2 6711 66
71.75 3221 0 2 6711 66
71.875 3221 0 2 6711 66
72 3221 0 2 6711 66
72.125 3221 0 2 6711 66
72.25 3221 0 2 6711 66
72.375 3221 0 2 6711 66
72.5 3221 0 2 6711 66
72.625 3221 0 2 6711 66
72.75 3221 0 2 6711 66
72.875 3221 0 2 6711 66
73 3221 0 2 6711 66
73.125 3221 0 2 6711 66
73.25 3221 0 2 6711 66
73.375 3221 0 2 6711 66
73.5 3221 0 2 6711 66
73.625 3221 0 2 6711 66
73.75 3221 0 2 6711 66
73.875 3221 0 2 6711 66
74 3221 0 2 6711 66
74.125 3221 0 2 6711 66
74.25 3221 0 2 6711 66
74.375 3221 0 2 6711 66
74.5 3221 0 2 6711 66
74.625 3221 0 2 6711 66
74.75 3221 0 2 6711 66
74.875 3221 0 2 6711 66
75 3221 0 2 6711 66
75.125 3221 0 2 6711 66
75.25 3221 0 2 6711 66
75.375 3221 0 2 6711 66
75.5 3221 0 2 6711 66
75.625 3221 0 2 6711 66
75.75 3221 0 2 6711 66
75.875 3221 0 2 6711 66
76 3221 0 2 6711 66
76.125 3221 0 2 6711 66
76.25 3221 0 2 6711 66
76.375 3221 0 2 6711 66
76.5 3221 0 2 6711 66
76.625 3221 0 2 6711 66
76.75 3221 0 2 6711 66
76.875 3221 0 2 6711 66
77 3221 0 2 6711 66
77.125 3221 0 2 6711 66
77.25 3221 0 2 6711 66
77.375 3221 0 2 6711 66
77.5 3221 0 2 6711 66
77.625 3221 0 2 6711 66
77.75 3221 0 2 6711 66
77.875 3221 0 2 6711 66
78 3221 0 2 6711 66
78.125 3221 0 2 6711 66
78.25 3221 0 2 6711 66
78.375 3221 0 2 6711 66
78.5 3221 0 2 6711 66
78.625 3221 0 2 6711 66
78.75 3221 0 2 6711 66
78.875 3221 0 2 6711 66
79 3221 0 2 6711 66
79.125 3221 0 2 6711 66
79.25 3221 0 2 6711 66
79.375 3221 0 2 6711 66
79.5 3221 0 2 6711 66
79.625 3221 0 2 6711 66
79.75 3221 0 2 6711 66
79.875 3221 0 2 6711 66
80 3221 0 2 6711 66
80.125 3221 0 2 6711 66
80.25 3221 0 1 6712 66
80.375 3221 0 1 6712 66
80.5 3221 0 1 6712 66
80.625 3221 0 1 6712 66
80.75 3221 0 1 6712 66
80.875 3221 0 1 6712 66
81 3221 0 1 6712 66
81.125 3221 0 1 6712 66
81.25 3221 0 1 6712 66
81.375 3221 0 1 6712 66
81.5 3221 0 1 6712 66
81.625 3221 0 1 6712 66
81.75 3221 0 1 6712 66
81.875 3221 0 1 6712 66
82 3221 0 1 6712 66
82.125 3221 0 1 6712 66
82.25 3221 0 1 6712 66
82.375 3221 0 1 6712 66
82.5 3221 0 1 6712 66
82.625 3221 0 0 6713 66
