t S E I R D
0 9998 0 2 0 0
0.125 9997 1 2 0 0
0.25 9996 2 2 0 0
0.375 9995 3 2 0 0
0.5 9993 4 3 0 0
0.625 9991 6 3 0 0
0.75 9990 7 3 0 0
0.875 9989 7 4 0 0
1 9988 6 6 0 0
1.125 9987 7 6 0 0
1.25 9986 8 6 0 0
1.375 9985 7 8 0 0
1.5 9983 9 8 0 0
1.625 9982 10 8 0 0
1.75 9982 10 8 0 0
1.875 9981 8 10 1 0
2 9973 16 10 1 0
2.125 9966 23 10 1 0
2.25 9955 32 12 1 0
2.375 9947 36 16 1 0
2.5 9938 42 19 1 0
2.625 9928 49 22 1 0
2.75 9918 56 24 2 0
2.875 9908 62 28 2 0
3 9897 68 32 3 0
3.125 9882 82 31 5 0
3.25 9865 93 37 5 0
3.375 9851 101 43 5 0
3.5 9824 126 45 5 0
3.625 9792 152 51 5 0
3.75 9771 166 58 5 0
3.875 9753 175 65 7 0
4 9728 188 77 7 0
4.125 9692 212 88 8 0
4.25 9651 242 97 10 0
4.375 9599 275 115 11 0
4.5 9543 313 131 13 0
4.625 9486 349 147 18 0
4.75 9440 378 160 22 0
4.875 9384 403 186 27 0
5 9328 429 208 35 0
5.125 9267 469 223 41 0
5.25 9205 493 252 49 1
5.375 9137 529 279 54 1
5.5 9087 548 304 60 1
5.625 9004 611 318 66 1
5.75 8940 638 350 71 1
5.875 8877 654 388 80 1
6 8812 682 410 95 1
6.125 8744 699 450 106 1
6.25 8654 736 493 116 1
6.375 8576 776 525 122 1
6.5 8492 810 565 132 1
6.625 8412 837 605 144 2
6.75 8332 854 654 158 2
6.875 8247 884 702 165 2
7 8144 928 744 182 2
7.125 8064 946 788 200 2
7.25 7960 974 853 211 2
7.375 7870 997 900 231 2
7.5 7772 1034 942 250 2
7.625 7679 1070 978 271 2
7.75 7569 1110 1024 295 2
7.875 7470 1150 1064 314 2
8 7379 1184 1097 338 2
8.125 7284 1221 1132 361 2
8.25 7190 1241 1183 384 2
8.375 7090 1260 1238 410 2
8.5 7013 1277 1264 444 2
8.625 6919 1295 1308 476 2
8.75 6838 1290 1362 508 2
8.875 6742 1304 1409 543 2
9 6652 1311 1458 577 2
9.125 6564 1319 1498 617 2
9.25 6465 1339 1554 640 2
9.375 6361 1364 1601 672 2
9.5 6277 1370 1643 708 2
9.625 6176 1390 1690 742 2
9.75 6095 1391 1733 779 2
9.875 6015 1386 1779 818 2
10 5904 1404 1833 857 2
10.125 5831 1393 1878 896 2
10.25 5740 1401 1920 937 2
10.375 5639 1417 1973 969 2
10.5 5552 1424 2016 1006 2
10.625 5472 1411 2073 1042 2
10.75 5393 1419 2093 1093 2
10.875 5312 1434 2111 1141 2
11 5238 1410 2163 1187 2
11.125 5166 1398 2201 1231 4
11.25 5093 1388 2221 1294 4
11.375 5022 1365 2283 1326 4
11.5 4947 1361 2320 1368 4
11.625 4880 1342 2362 1412 4
11.75 4795 1353 2385 1463 4
11.875 4717 1350 2407 1522 4
12 4652 1340 2430 1574 4
12.125 4586 1316 2467 1626 5
12.25 4519 1291 2513 1669 8
12.375 4472 1256 2530 1732 10
12.5 4415 1237 2559 1779 10
12.625 4353 1212 2594 1830 11
12.75 4291 1183 2636 1879 11
12.875 4235 1162 2653 1939 11
13 4192 1134 2665 1997 12
13.125 4132 1126 2682 2048 12
13.25 4087 1101 2697 2102 13
13.375 4050 1071 2693 2173 13
13.5 4001 1054 2708 2224 13
13.625 3969 1020 2721 2277 13
13.75 3926 990 2743 2328 13
13.875 3883 971 2750 2383 13
14 3850 938 2756 2442 14
14.125 3804 932 2748 2501 15
14.25 3769 900 2760 2556 15
14.375 3731 875 2780 2599 15
14.5 3696 862 2774 2653 15
14.625 3664 838 2772 2709 17
14.75 3632 826 2774 2750 18
14.875 3606 801 2753 2820 20
15 3570 782 2752 2876 20
15.125 3545 757 2752 2925 21
15.25 3517 749 2739 2974 21
15.375 3499 727 2725 3028 21
15.5 3469 722 2710 3077 22
15.625 3449 696 2692 3141 22
15.75 3425 686 2674 3192 23
15.875 3398 665 2666 3245 26
16 3377 647 2652 3298 26
16.125 3356 612 2652 3351 29
16.25 3329 608 2624 3408 31
16.375 3303 591 2605 3468 33
16.5 3289 569 2585 3524 33
16.625 3267 554 2561 3585 33
16.75 3245 538 2536 3647 34
16.875 3233 513 2539 3680 35
17 3220 496 2511 3737 36
17.125 3206 479 2485 3792 38
17.25 3189 462 2458 3852 39
17.375 3175 454 2430 3902 39
17.5 3159 434 2429 3939 39
17.625 3146 428 2391 3996 39
17.75 3138 408 2360 4055 39
17.875 3126 398 2329 4108 39
18 3114 375 2312 4160 39
18.125 3101 362 2299 4198 40
18.25 3081 364 2279 4236 40
18.375 3071 345 2255 4287 42
18.5 3061 332 2226 4339 42
18.625 3051 327 2201 4378 43
18.75 3038 318 2175 4426 43
18.875 3029 309 2138 4480 44
19 3013 310 2115 4518 44
19.125 3006 288 2102 4560 44
19.25 2998 269 2090 4599 44
19.375 2985 262 2055 4653 45
19.5 2971 259 2030 4695 45
19.625 2963 257 2007 4728 45
19.75 2957 242 1977 4779 45
19.875 2950 226 1953 4826 45
20 2939 223 1932 4861 45
20.125 2929 223 1906 4896 46
20.25 2925 212 1892 4924 47
20.375 2915 214 1856 4968 47
20.5 2907 206 1827 5013 47
20.625 2902 197 1800 5054 47
20.75 2894 192 1786 5081 47
20.875 2889 186 1756 5122 47
21 2881 178 1737 5157 47
21.125 2879 164 1711 5199 47
21.25 2874 163 1681 5234 48
21.375 2860 167 1664 5261 48
21.5 2856 158 1645 5293 48
21.625 2848 155 1612 5337 48
21.75 2844 151 1590 5367 48
21.875 2838 147 1553 5414 48
22 2831 143 1535 5442 49
22.125 2817 150 1521 5463 49
22.25 2812 149 1484 5504 51
22.375 2808 141 1466 5534 51
22.5 2798 137 1446 5567 52
22.625 2793 133 1425 5597 52
22.75 2791 124 1404 5629 52
22.875 2784 126 1377 5660 53
23 2779 120 1368 5680 53
23.125 2779 112 1356 5700 53
23.25 2773 107 1329 5738 53
23.375 2772 98 1311 5765 54
23.5 2770 93 1284 5799 54
23.625 2766 90 1260 5829 55
23.75 2763 86 1242 5853 56
23.875 2762 84 1221 5876 57
24 2757 85 1193 5907 58
24.125 2754 80 1181 5925 60
24.25 2752 75 1154 5959 60
24.375 2750 73 1137 5979 61
24.5 2749 70 1115 6005 61
24.625 2749 65 1094 6031 61
24.75 2747 63 1071 6058 61
24.875 2743 66 1050 6080 61
25 2738 65 1033 6103 61
25.125 2738 63 1013 6125 61
25.25 2736 61 995 6147 61
25.375 2731 63 972 6172 62
25.5 2729 59 962 6188 62
25.625 2727 59 943 6209 62
25.75 2726 59 927 6226 62
25.875 2723 62 909 6244 62
26 2722 57 897 6262 62
26.125 2720 57 883 6278 62
26.25 2716 55 871 6296 62
26.375 2716 53 850 6318 63
26.5 2714 51 835 6337 63
26.625 2709 55 816 6357 63
26.75 2704 54 811 6368 63
26.875 2699 56 797 6385 63
27 2696 55 783 6403 63
27.125 2694 55 772 6416 63
27.25 2694 51 760 6432 63
27.375 2693 50 748 6446 63
27.5 2690 49 731 6467 63
27.625 2688 47 718 6484 63
27.75 2685 46 706 6500 63
27.875 2684 44 694 6515 63
28 2680 42 690 6525 63
28.125 2678 43 677 6539 63
28.25 2675 43 659 6559 64
28.375 2674 42 649 6570 65
28.5 2673 39 642 6581 65
28.625 2672 35 637 6591 65
28.75 2671 35 626 6603 65
28.875 2670 36 612 6617 65
29 2670 33 599 6633 65
29.125 2667 36 586 6646 65
29.25 2665 35 574 6660 66
29.375 2662 36 566 6670 66
29.5 2659 35 560 6680 66
29.625 2658 35 546 6695 66
29.75 2657 34 539 6704 66
29.875 2656 33 528 6717 66
30 2655 31 517 6730 67
30.125 2653 31 504 6745 67
30.25 2653 29 496 6755 67
30.375 2653 27 493 6760 67
30.5 2652 26 488 6767 67
30.625 2652 23 482 6776 67
30.75 2651 21 479 6782 67
30.875 2651 19 462 6801 67
31 2650 18 456 6809 67
31.125 2648 18 441 6826 67
31.25 2646 19 430 6837 68
31.375 2646 19 422 6845 68
31.5 2645 19 414 6854 68
31.625 2644 17 411 6860 68
31.75 2644 17 402 6869 68
31.875 2644 17 393 6878 68
32 2643 16 385 6888 68
32.125 2642 17 378 6895 68
32.25 2640 15 376 6901 68
32.375 2639 15 367 6910 69
32.5 2637 16 363 6915 69
32.625 2636 15 352 6928 69
32.75 2636 15 344 6936 69
32.875 2633 17 341 6940 69
33 2633 16 330 6952 69
33.125 2633 15 324 6959 69
33.25 2632 15 316 6968 69
33.375 2631 16 309 6975 69
33.5 2629 18 305 6979 69
33.625 2628 19 298 6986 69
33.75 2627 19 291 6994 69
33.875 2627 17 283 7004 69
34 2627 17 275 7012 69
34.125 2627 16 267 7021 69
34.25 2627 16 264 7024 69
34.375 2627 14 261 7029 69
34.5 2626 12 258 7035 69
34.625 2626 11 252 7042 69
34.75 2626 10 245 7050 69
34.875 2625 11 240 7055 69
35 2625 10 239 7057 69
35.125 2625 8 239 7059 69
35.25 2625 8 234 7064 69
35.375 2623 10 228 7070 69
35.5 2621 12 224 7074 69
35.625 2621 11 221 7078 69
35.75 2617 12 222 7080 69
35.875 2616 11 219 7085 69
36 2616 11 214 7089 70
36.125 2616 9 211 7094 70
36.25 2614 10 211 7095 70
36.375 2614 10 205 7101 70
36.5 2613 11 202 7104 70
36.625 2613 11 196 7110 70
36.75 2613 11 192 7114 70
36.875 2613 9 191 7117 70
37 2613 9 187 7121 70
37.125 2612 10 181 7127 70
37.25 2612 10 178 7130 70
37.375 2611 11 175 7133 70
37.5 2611 11 173 7135 70
37.625 2611 10 168 7141 70
37.75 2610 9 165 7146 70
37.875 2610 7 164 7149 70
38 2610 7 164 7149 70
38.125 2610 6 158 7155 71
38.25 2610 6 155 7158 71
38.375 2610 6 149 7163 72
38.5 2610 6 145 7167 72
38.625 2610 6 140 7172 72
38.75 2610 6 134 7178 72
38.875 2610 5 132 7181 72
39 2610 5 128 7185 72
39.125 2610 5 123 7190 72
39.25 2610 5 122 7191 72
39.375 2610 5 121 7192 72
39.5 2610 5 116 7197 72
39.625 2610 5 113 7200 72
39.75 2610 5 110 7202 73
39.875 2609 6 109 7203 73
40 2609 6 106 7206 73
40.125 2609 6 104 7208 73
40.25 2608 6 100 7213 73
40.375 2607 7 99 7214 73
40.5 2607 7 99 7214 73
40.625 2607 7 97 7216 73
40.75 2607 5 98 7217 73
40.875 2607 5 97 7218 73
41 2607 4 96 7220 73
41.125 2607 3 96 7221 73
41.25 2606 4 94 7223 73
41.375 2604 5 94 7224 73
41.5 2604 5 94 7224 73
41.625 2604 5 93 7225 73
41.75 2604 5 93 7225 73
41.875 2604 4 93 7226 73
42 2604 3 91 7229 73
42.125 2604 3 91 7229 73
42.25 2604 3 89 7231 73
42.375 2604 3 87 7233 73
42.5 2604 3 83 7237 73
42.625 2604 3 79 7241 73
42.75 2604 2 79 7242 73
42.875 2604 1 79 7243 73
43 2604 1 77 7245 73
43.125 2604 1 76 7246 73
43.25 2604 1 73 7249 73
43.375 2604 1 72 7250 73
43.5 2602 3 72 7250 73
43.625 2602 3 70 7252 73
43.75 2602 3 70 7252 73
43.875 2602 3 70 7252 73
44 2602 3 69 7253 73
44.125 2602 3 65 7257 73
44.25 2602 3 64 7258 73
44.375 2602 3 63 7259 73
44.5 2602 3 62 7260 73
44.625 2602 3 61 7261 73
44.75 2602 3 60 7262 73
44.875 2602 3 60 7262 73
45 2601 2 60 7264 73
45.125 2601 2 59 7265 73
45.25 2601 2 57 7267 73
45.375 2601 2 57 7267 73
45.5 2601 2 55 7269 73
45.625 2601 2 51 7273 73
45.75 2601 2 51 7273 73
45.875 2601 2 51 7273 73
46 2601 2 50 7274 73
46.125 2600 3 49 7275 73
46.25 2600 3 49 7275 73
46.375 2600 3 49 7275 73
46.5 2599 4 48 7276 73
46.625 2599 4 45 7279 73
46.75 2599 4 43 7281 73
46.875 2599 4 42 7282 73
47 2599 4 42 7282 73
47.125 2599 3 43 7282 73
47.25 2599 2 44 7282 73
47.375 2599 2 43 7283 73
47.5 2599 1 41 7286 73
47.625 2599 1 41 7286 73
47.75 2599 1 41 7286 73
47.875 2599 1 40 7287 73
48 2599 1 40 7287 73
48.125 2599 1 39 7288 73
48.25 2599 0 39 7289 73
48.375 2599 0 39 7289 73
48.5 2599 0 39 7289 73
48.625 2599 0 37 7291 73
48.75 2599 0 36 7292 73
48.875 2599 0 35 7293 73
49 2599 0 33 7295 73
49.125 2599 0 32 7296 73
49.25 2599 0 32 7296 73
49.375 2599 0 32 7296 73
49.5 2599 0 32 7296 73
49.625 2599 0 31 7297 73
49.75 2599 0 31 7297 73
49.875 2599 0 31 7297 73
50 2599 0 31 7297 73
50.125 2599 0 30 7298 73
50.25 2599 0 29 7299 73
50.375 2599 0 29 7299 73
50.5 2599 0 29 7299 73
50.625 2599 0 27 7301 73
50.75 2598 1 27 7301 73
50.875 2598 1 27 7301 73
51 2598 1 26 7302 73
51.125 2598 1 26 7302 73
51.25 2598 1 25 7303 73
51.375 2598 1 25 7303 73
51.5 2598 1 25 7303 73
51.625 2598 0 23 7306 73
51.75 2598 0 23 7306 73
51.875 2598 0 23 7306 73
52 2598 0 23 7306 73
52.125 2598 0 23 7306 73
52.25 2598 0 21 7308 73
52.375 2598 0 21 7308 73
52.5 2598 0 21 7308 73
52.625 2598 0 19 7310 73
52.75 2598 0 17 7312 73
52.875 2598 0 17 7312 73
53 2598 0 16 7313 73
53.125 2598 0 16 7313 73
53.25 2597 1 15 7314 73
53.375 2597 1 15 7314 73
53.5 2597 1 14 7315 73
53.625 2597 0 15 7315 73
53.75 2597 0 15 7315 73
53.875 2597 0 14 7316 73
54 2596 1 14 7316 73
54.125 2596 1 14 7316 73
54.25 2596 1 13 7317 73
54.375 2596 1 13 7317 73
54.5 2596 1 13 7317 73
54.625 2596 1 12 7318 73
54.75 2596 1 12 7318 73
54.875 2596 1 12 7318 73
55 2596 1 12 7318 73
55.125 2596 1 12 7318 73
55.25 2596 1 12 7318 73
55.375 2596 1 12 7318 73
55.5 2596 1 12 7318 73
55.625 2596 0 13 7318 73
55.75 2596 0 13 7318 73
55.875 2596 0 12 7319 73
56 2596 0 12 7319 73
56.125 2596 0 12 7319 73
56.25 2596 0 12 7319 73
56.375 2596 0 11 7320 73
56.5 2596 0 11 7320 73
56.625 2595 1 11 7320 73
56.75 2595 1 11 7320 73
56.875 2595 1 10 7321 73
57 2595 0 11 7321 73
57.125 2595 0 11 7321 73
57.25 2595 0 11 7321 73
57.375 2595 0 11 7321 73
57.5 2595 0 11 7321 73
57.625 2595 0 11 7321 73
57.75 2595 0 11 7321 73
57.875 2595 0 11 7321 73
58 2594 1 11 7321 73
58.125 2594 1 11 7321 73
58.25 2594 1 9 7323 73
58.375 2594 1 9 7323 73
58.5 2594 1 9 7323 73
58.625 2594 1 9 7323 73
58.75 2594 1 8 7324 73
58.875 2594 1 8 7324 73
59 2594 1 8 7324 73
59.125 2594 1 8 7324 73
59.25 2594 1 7 7325 73
59.375 2594 1 6 7326 73
59.5 2594 1 6 7326 73
59.625 2594 1 6 7326 73
59.75 2594 1 6 7326 73
59.875 2594 1 6 7326 73
60 2594 1 6 7326 73
60.125 2594 1 5 7327 73
60.25 2594 1 5 7327 73
60.375 2594 1 5 7327 73
60.5 2594 1 5 7327 73
60.625 2594 1 5 7327 73
60.75 2594 1 5 7327 73
60.875 2594 1 5 7327 73
61 2594 1 5 7327 73
61.125 2594 1 5 7327 73
61.25 2594 1 5 7327 73
61.375 2594 1 5 7327 73
61.5 2594 1 5 7327 73
61.625 2594 0 6 7327 73
61.75 2594 0 6 7327 73
61.875 2594 0 6 7327 73
62 2594 0 6 7327 73
62.125 2594 0 6 7327 73
62.25 2594 0 6 7327 73
62.375 2594 0 6 7327 73
62.5 2594 0 6 7327 73
62.625 2594 0 6 7327 73
62.75 2594 0 6 7327 73
62.875 2594 0 6 7327 73
63 2594 0 6 7327 73
63.125 2594 0 6 7327 73
63.25 2594 0 6 7327 73
63.375 2594 0 5 7328 73
63.5 2594 0 5 7328 73
63.625 2594 0 5 7328 73
63.75 2594 0 5 7328 73
63.875 2594 0 5 7328 73
64 2594 0 5 7328 73
64.125 2594 0 5 7328 73
64.25 2594 0 5 7328 73
64.375 2594 0 5 7328 73
64.5 2594 0 5 7328 73
64.625 2594 0 5 7328 73
64.75 2594 0 5 7328 73
64.875 2594 0 5 7328 73
65 2594 0 5 7328 73
65.125 2594 0 5 7328 73
65.25 2594 0 5 7328 73
65.375 2594 0 5 7328 73
65.5 2594 0 5 7328 73
65.625 2594 0 5 7328 73
65.75 2594 0 5 7328 73
65.875 2594 0 5 7328 73
66 2594 0 4 7329 73
66.125 2594 0 3 7330 73
66.25 2594 0 3 7330 73
66.375 2594 0 3 7330 73
66.5 2594 0 3 7330 73
66.625 2594 0 3 7330 73
66.75 2594 0 3 7330 73
66.875 2594 0 3 7330 73
67 2594 0 3 7330 73
67.125 2594 0 3 7330 73
67.25 2594 0 3 7330 73
67.375 2594 0 3 7330 73
67.5 2594 0 3 7330 73
67.625 2594 0 3 7330 73
67.75 2594 0 3 7330 73
67.875 2594 0 3 7330 73
68 2594 0 3 7330 73
68.125 2594 0 3 7330 73
68.25 2594 0 3 7330 73
68.375 2594 0 3 7330 73
68.5 2594 0 3 7330 73
68.625 2594 0 3 7330 73
68.75 2594 0 3 7330 73
68.875 2594 0 3 7330 73
69 2594 0 3 7330 73
69.125 2594 0 3 7330 73
69.25 2594 0 3 7330 73
69.375 2594 0 3 7330 73
69.5 2594 0 3 7330 73
69.625 2594 0 3 7330 73
69.75 2594 0 3 7330 73
69.875 2594 0 3 7330 73
70 2594 0 3 7330 73
70.125 2594 0 3 7330 73
70.25 2594 0 3 7330 73
70.375 2594 0 3 7330 73
70.5 2594 0 3 7330 73
70.625 2594 0 3 7330 73
70.75 2594 0 3 7330 73
70.875 2594 0 3 7330 73
71 2594 0 3 7330 73
71.125 2594 0 3 7330 73
71.25 2594 0 3 7330 73
71.375 2594 0 3 7330 73
71.5 2594 0 3 7330 73
71.625 2594 0 3 7330 73
71.75 2594 0 3 7330 73
71.875 2594 0 3 7330 73
72 2594 0 3 7330 73
72.125 2594 0 3 7330 73
72.25 2594 0 3 7330 73
72.375 2594 0 3 7330 73
72.5 2594 0 3 7330 73
72.625 2594 0 3 7330 73
72.75 2594 0 3 7330 73
72.875 2594 0 3 7330 73
73 2594 0 3 7330 73
73.125 2594 0 3 7330 73
73.25 2594 0 2 7331 73
73.375 2594 0 2 7331 73
73.5 2594 0 2 7331 73
73.625 2594 0 1 7332 73
73.75 2594 0 1 7332 73
73.875 2594 0 1 7332 73
74 2594 0 1 7332 73
74.125 2594 0 1 7332 73
74.25 2594 0 1 7332 73
74.375 2594 0 1 7332 73
74.5 2594 0 1 7332 73
74.625 2594 0 1 7332 73
74.75 2594 0 1 7332 73
74.875 2594 0 1 7332 73
75 2594 0 1 7332 73
75.125 2594 0 1 7332 73
75.25 2594 0 1 7332 73
75.375 2594 0 1 7332 73
75.5 2594 0 1 7332 73
75.625 2594 0 1 7332 73
75.75 2594 0 1 7332 73
75.875 2594 0 1 7332 73
76 2594 0 1 7332 73
76.125 2594 0 1 7332 73
76.25 2594 0 1 7332 73
76.375 2594 0 1 7332 73
76.5 2594 0 1 7332 73
76.625 2594 0 1 7332 73
76.75 2594 0 1 7332 73
76.875 2594 0 1 7332 73
77 2594 0 1 7332 73
77.125 2594 0 1 7332 73
77.25 2594 0 1 7332 73
77.375 2594 0 1 7332 73
77.5 2594 0 1 7332 73
77.625 2594 0 1 7332 73
77.75 2594 0 1 7332 73
77.875 2594 0 1 7332 73
78 2594 0 1 7332 73
78.125 2594 0 1 7332 73
78.25 2594 0 1 7332 73
78.375 2594 0 1 7332 73
78.5 2594 0 1 7332 73
78.625 2594 0 1 7332 73
78.75 2594 0 1 7332 73
78.875 2594 0 1 7332 73
79 2594 0 1 7332 73
79.125 2594 0 1 7332 73
79.25 2594 0 1 7332 73
79.375 2594 0 1 7332 73
79.5 2594 0 1 7332 73
79.625 2594 0 1 7332 73
79.75 2594 0 1 7332 73
79.875 2594 0 1 7332 73
80 2594 0 1 7332 73
80.125 2594 0 1 7332 73
80.25 2594 0 1 7332 73
80.375 2594 0 1 7332 73
80.5 2594 0 1 7332 73
80.625 2594 0 1 7332 73
80.75 2594 0 1 7332 73
80.875 2594 0 1 7332 73
81 2594 0 1 7332 73
81.125 2594 0 1 7332 73
81.25 2594 0 1 7332 73
81.375 2594 0 0 7333 73
