t S E I R D
0 9998 0 2 0 0
0.125 9997 1 2 0 0
0.25 9997 0 3 0 0
0.375 9997 0 3 0 0
0.5 9995 2 3 0 0
0.625 9995 2 2 1 0
0.75 9995 2 2 1 0
0.875 9995 2 2 1 0
1 9994 3 2 1 0
1.125 9994 3 2 1 0
1.25 9994 3 2 1 0
1.375 9994 3 2 1 0
1.5 9994 3 2 1 0
1.625 9994 3 2 1 0
1.75 9994 3 2 1 0
1.875 9994 2 2 2 0
2 9993 3 2 2 0
2.125 9993 2 3 2 0
2.25 9993 2 2 3 0
2.375 9993 2 2 3 0
2.5 9991 4 2 3 0
2.625 9991 4 2 3 0
2.75 9991 4 2 3 0
2.875 9990 5 2 3 0
3 9990 4 3 3 0
3.125 9988 6 3 3 0
3.25 9988 6 3 3 0
3.375 9988 6 3 3 0
3.5 9988 6 3 3 0
3.625 9986 8 3 3 0
3.75 9986 8 3 3 0
3.875 9986 8 3 3 0
4 9986 7 4 3 0
4.125 9984 9 4 3 0
4.25 9984 9 4 3 0
4.375 9983 9 5 3 0
4.5 9981 10 6 3 0
4.625 9979 12 6 3 0
4.75 9978 13 6 3 0
4.875 9978 13 6 3 0
5 9978 13 5 4 0
5.125 9977 13 6 4 0
5.25 9977 10 9 4 0
5.375 9968 17 10 5 0
5.5 9956 28 11 5 0
5.625 9944 39 11 6 0
5.75 9933 49 12 6 0
5.875 9920 58 15 7 0
6 9915 60 18 7 0
6.125 9909 63 21 7 0
6.25 9902 69 22 7 0
6.375 9895 69 29 7 0
6.5 9883 77 33 7 0
6.625 9879 74 39 8 0
6.75 9865 84 42 9 0
6.875 9850 96 43 11 0
7 9838 100 48 14 0
7.125 9831 98 57 14 0
7.25 9815 104 64 17 0
7.375 9794 121 67 18 0
7.5 9767 143 72 18 0
7.625 9745 158 76 21 0
7.75 9723 173 81 23 0
7.875 9683 203 91 23 0
8 9650 225 101 24 0
8.125 9618 240 115 27 0
8.25 9575 268 127 30 0
8.375 9542 283 144 31 0
8.5 9493 317 156 34 0
8.625 9439 357 167 37 0
8.75 9383 396 177 44 0
8.875 9330 433 184 53 0
9 9289 446 208 57 0
9.125 9233 471 236 60 0
9.25 9149 518 273 60 0
9.375 9067 569 296 68 0
9.5 8974 628 325 73 0
9.625 8878 695 344 83 0
9.75 8790 753 367 90 0
9.875 8701 811 392 96 0
10 8608 862 426 104 0
10.125 8499 914 476 111 0
10.25 8394 966 523 117 0
10.375 8303 995 573 129 0
10.5 8219 1026 615 140 0
10.625 8129 1052 672 147 0
10.75 8035 1078 730 156 1
10.875 7992 1056 783 168 1
11 7951 1039 825 184 1
11.125 7904 1021 874 200 1
11.25 7869 992 921 217 1
11.375 7811 982 969 237 1
11.5 7758 972 1014 255 1
11.625 7695 979 1045 280 1
11.75 7634 972 1096 297 1
11.875 7565 979 1140 315 1
12 7508 964 1192 335 1
12.125 7448 959 1227 365 1
12.25 7379 973 1256 390 2
12.375 7334 955 1294 415 2
12.5 7287 924 1353 434 2
12.625 7231 932 1369 466 2
12.75 7168 938 1393 499 2
12.875 7113 936 1422 527 2
13 7055 941 1448 554 2
13.125 6995 937 1481 585 2
13.25 6945 929 1508 615 3
13.375 6897 913 1547 640 3
13.5 6850 898 1588 661 3
13.625 6799 889 1617 691 4
13.75 6752 877 1637 730 4
13.875 6715 862 1647 769 7
14 6668 845 1684 796 7
14.125 6635 829 1694 834 8
14.25 6595 815 1720 862 8
14.375 6552 817 1725 898 8
14.5 6524 789 1746 932 9
14.625 6479 782 1751 978 10
14.75 6450 765 1760 1014 11
14.875 6416 752 1776 1044 12
15 6386 719 1785 1097 13
15.125 6348 708 1795 1136 13
15.25 6318 688 1804 1177 13
15.375 6283 683 1811 1209 14
15.5 6251 680 1807 1248 14
15.625 6215 670 1817 1283 15
15.75 6182 669 1820 1314 15
15.875 6153 660 1819 1353 15
16 6125 663 1808 1389 15
16.125 6099 648 1811 1427 15
16.25 6080 617 1824 1464 15
16.375 6052 607 1832 1494 15
16.5 6027 586 1843 1529 15
16.625 5983 596 1833 1573 15
16.75 5951 601 1815 1618 15
16.875 5920 589 1812 1664 15
17 5895 581 1799 1710 15
17.125 5866 566 1810 1743 15
17.25 5844 547 1819 1775 15
17.375 5829 527 1814 1815 15
17.5 5811 513 1799 1862 15
17.625 5786 499 1802 1898 15
17.75 5756 506 1779 1942 17
17.875 5739 479 1790 1975 17
18 5706 482 1788 2007 17
18.125 5677 478 1791 2037 17
18.25 5655 473 1788 2067 17
18.375 5636 466 1781 2099 18
18.5 5608 461 1770 2142 19
18.625 5590 452 1763 2175 20
18.75 5571 438 1764 2206 21
18.875 5556 418 1753 2252 21
19 5535 420 1726 2298 21
19.125 5518 413 1721 2327 21
19.25 5497 412 1713 2357 21
19.375 5474 418 1696 2391 21
19.5 5460 401 1688 2430 21
19.625 5441 391 1685 2462 21
19.75 5418 396 1669 2495 22
19.875 5399 395 1645 2539 22
20 5383 386 1635 2574 22
20.125 5374 366 1637 2601 22
20.25 5359 359 1634 2626 22
20.375 5344 353 1625 2656 22
20.5 5335 343 1612 2688 22
20.625 5326 320 1616 2716 22
20.75 5312 319 1599 2747 23
20.875 5297 315 1584 2780 24
21 5286 308 1564 2818 24
21.125 5270 300 1555 2849 26
21.25 5260 295 1539 2880 26
21.375 5245 291 1529 2909 26
21.5 5231 293 1499 2950 27
21.625 5208 296 1488 2981 27
21.75 5189 298 1483 3003 27
21.875 5176 295 1479 3023 27
22 5166 284 1466 3057 27
22.125 5150 272 1476 3075 27
22.25 5137 261 1479 3096 27
22.375 5126 254 1457 3135 28
22.5 5114 253 1446 3159 28
22.625 5100 253 1433 3186 28
22.75 5082 254 1427 3209 28
22.875 5071 247 1410 3244 28
23 5063 246 1386 3276 29
23.125 5053 235 1381 3302 29
23.25 5048 228 1369 3325 30
23.375 5037 229 1343 3360 31
23.5 5025 226 1336 3382 31
23.625 5017 222 1312 3418 31
23.75 5011 213 1302 3443 31
23.875 5004 205 1278 3482 31
24 4992 203 1260 3514 31
24.125 4988 197 1241 3542 32
24.25 4979 189 1233 3567 32
24.375 4971 185 1223 3589 32
24.5 4961 185 1205 3617 32
24.625 4952 178 1193 3645 32
24.75 4942 175 1188 3663 32
24.875 4938 162 1182 3685 33
25 4928 160 1164 3715 33
25.125 4918 161 1151 3737 33
25.25 4904 159 1148 3756 33
25.375 4895 159 1133 3780 33
25.5 4887 159 1111 3810 33
25.625 4883 154 1095 3834 34
25.75 4876 149 1081 3860 34
25.875 4872 143 1062 3889 34
26 4869 135 1051 3911 34
26.125 4862 136 1038 3930 34
26.25 4860 132 1023 3950 35
26.375 4852 129 1014 3970 35
26.5 4849 123 1011 3982 35
26.625 4845 122 998 4000 35
26.75 4837 120 979 4028 36
26.875 4827 122 959 4056 36
27 4821 121 953 4069 36
27.125 4816 118 941 4089 36
27.25 4810 117 925 4111 37
27.375 4806 118 907 4132 37
27.5 4800 114 901 4148 37
27.625 4796 112 889 4166 37
27.75 4793 104 877 4189 37
27.875 4787 106 866 4203 38
28 4782 104 855 4220 39
28.125 4780 100 842 4239 39
28.25 4777 95 842 4246 40
28.375 4771 94 826 4269 40
28.5 4763 96 823 4278 40
28.625 4761 92 807 4300 40
28.75 4757 93 797 4313 40
28.875 4751 98 782 4328 41
29 4747 95 777 4340 41
29.125 4745 89 764 4361 41
29.25 4736 91 756 4376 41
29.375 4732 91 746 4389 42
29.5 4729 92 734 4403 42
29.625 4727 88 725 4418 42
29.75 4722 89 714 4433 42
29.875 4718 84 708 4448 42
30 4714 84 689 4470 43
30.125 4713 81 681 4482 43
30.25 4711 74 673 4499 43
30.375 4707 75 664 4511 43
30.5 4704 75 649 4529 43
30.625 4702 74 642 4539 43
30.75 4700 71 638 4548 43
30.875 4697 70 632 4558 43
31 4697 65 622 4573 43
31.125 4696 62 615 4584 43
31.25 4694 62 603 4597 44
31.375 4691 63 592 4610 44
31.5 4690 61 574 4631 44
31.625 4688 59 572 4637 44
31.75 4687 56 561 4652 44
31.875 4685 55 556 4660 44
32 4684 53 548 4671 44
32.125 4682 51 538 4683 46
32.25 4680 48 532 4694 46
32.375 4675 49 520 4709 47
32.5 4673 49 512 4719 47
32.625 4671 49 509 4724 47
32.75 4668 46 501 4737 48
32.875 4664 47 489 4752 48
33 4663 47 477 4765 48
33.125 4660 48 474 4770 48
33.25 4659 46 463 4784 48
33.375 4658 41 462 4791 48
33.5 4657 37 462 4796 48
33.625 4656 37 454 4805 48
33.75 4656 34 449 4813 48
33.875 4655 33 445 4819 48
34 4653 34 441 4824 48
34.125 4653 31 436 4832 48
34.25 4650 33 426 4842 49
34.375 4648 34 414 4855 49
34.5 4645 35 409 4862 49
34.625 4644 33 402 4872 49
34.75 4644 32 396 4879 49
34.875 4643 32 389 4887 49
35 4643 29 382 4897 49
35.125 4643 24 377 4907 49
35.25 4641 26 371 4913 49
35.375 4639 24 364 4924 49
35.5 4639 21 354 4937 49
35.625 4638 20 347 4945 50
35.75 4637 20 343 4950 50
35.875 4637 19 339 4955 50
36 4636 20 330 4964 50
36.125 4635 20 323 4972 50
36.25 4634 21 319 4976 50
36.375 4634 20 312 4984 50
36.5 4633 18 310 4989 50
36.625 4632 18 309 4991 50
36.75 4632 16 304 4998 50
36.875 4631 16 297 5006 50
37 4628 17 293 5012 50
37.125 4627 17 290 5016 50
37.25 4626 17 284 5022 51
37.375 4625 18 277 5029 51
37.5 4623 19 273 5033 52
37.625 4622 19 266 5041 52
37.75 4622 18 264 5044 52
37.875 4621 18 258 5051 52
38 4620 15 252 5061 52
38.125 4620 14 250 5064 52
38.25 4619 12 249 5068 52
38.375 4619 11 249 5069 52
38.5 4619 11 246 5072 52
38.625 4618 11 242 5077 52
38.75 4618 10 238 5082 52
38.875 4617 10 233 5088 52
39 4617 10 230 5091 52
39.125 4616 11 228 5093 52
39.25 4616 11 220 5101 52
39.375 4614 12 217 5105 52
39.5 4613 13 215 5107 52
39.625 4611 14 211 5112 52
39.75 4611 14 207 5116 52
39.875 4611 12 203 5122 52
40 4610 9 200 5129 52
40.125 4609 10 195 5134 52
40.25 4608 10 193 5137 52
40.375 4607 11 190 5140 52
40.5 4607 9 189 5143 52
40.625 4605 11 183 5149 52
40.75 4602 13 183 5150 52
40.875 4602 10 182 5154 52
41 4602 9 176 5161 52
41.125 4602 9 173 5164 52
41.25 4602 9 168 5169 52
41.375 4602 9 163 5174 52
41.5 4602 9 160 5177 52
41.625 4600 11 157 5180 52
41.75 4600 10 156 5182 52
41.875 4600 10 153 5185 52
42 4600 9 154 5185 52
42.125 4600 9 153 5186 52
42.25 4600 8 148 5192 52
42.375 4599 9 143 5197 52
42.5 4599 8 140 5201 52
42.625 4599 7 139 5203 52
42.75 4599 7 137 5205 52
42.875 4599 7 136 5206 52
43 4598 7 134 5209 52
43.125 4598 7 131 5212 52
43.25 4598 7 128 5215 52
43.375 4597 8 126 5217 52
43.5 4597 8 124 5219 52
43.625 4597 7 125 5219 52
43.75 4597 7 124 5220 52
43.875 4597 6 120 5225 52
44 4596 7 118 5227 52
44.125 4595 8 115 5230 52
44.25 4595 7 115 5231 52
44.375 4595 7 114 5232 52
44.5 4595 6 112 5235 52
44.625 4594 7 109 5238 52
44.75 4594 6 108 5239 53
44.875 4594 6 104 5243 53
45 4592 8 102 5245 53
45.125 4592 8 100 5247 53
45.25 4592 8 98 5249 53
45.375 4592 8 94 5253 53
45.5 4592 8 94 5253 53
45.625 4592 8 93 5254 53
45.75 4592 8 92 5255 53
45.875 4592 8 89 5258 53
46 4592 6 88 5261 53
46.125 4592 6 87 5262 53
46.25 4592 6 86 5263 53
46.375 4592 6 84 5265 53
46.5 4592 6 80 5269 53
46.625 4592 5 77 5273 53
46.75 4592 3 79 5273 53
46.875 4592 3 77 5275 53
47 4592 2 77 5276 53
47.125 4592 2 74 5279 53
47.25 4592 2 74 5279 53
47.375 4592 2 73 5280 53
47.5 4592 2 73 5280 53
47.625 4592 2 72 5281 53
47.75 4592 2 70 5283 53
47.875 4592 2 67 5286 53
48 4592 1 66 5288 53
48.125 4592 1 66 5288 53
48.25 4592 1 64 5290 53
48.375 4591 2 61 5293 53
48.5 4591 2 60 5294 53
48.625 4591 2 59 5295 53
48.75 4591 1 56 5299 53
48.875 4591 1 56 5299 53
49 4591 1 53 5302 53
49.125 4590 2 53 5302 53
49.25 4588 4 53 5302 53
49.375 4588 4 53 5302 53
49.5 4587 4 54 5302 53
49.625 4587 4 52 5304 53
49.75 4587 3 51 5306 53
49.875 4587 3 50 5307 53
50 4587 3 49 5308 53
50.125 4587 3 48 5309 53
50.25 4587 3 48 5309 53
50.375 4587 3 46 5311 53
50.5 4587 3 46 5311 53
50.625 4587 3 46 5311 53
50.75 4587 3 46 5311 53
50.875 4587 1 48 5311 53
51 4587 1 47 5312 53
51.125 4587 1 47 5312 53
51.25 4587 1 45 5314 53
51.375 4587 1 42 5317 53
51.5 4587 1 42 5317 53
51.625 4587 1 42 5317 53
51.75 4586 2 42 5317 53
51.875 4586 2 41 5318 53
52 4586 2 40 5319 53
52.125 4586 1 40 5320 53
52.25 4586 1 40 5320 53
52.375 4586 1 40 5320 53
52.5 4586 1 40 5320 53
52.625 4585 2 40 5320 53
52.75 4585 2 38 5322 53
52.875 4585 2 36 5324 53
53 4585 2 35 5325 53
53.125 4585 2 34 5326 53
53.25 4585 2 33 5327 53
53.375 4585 2 33 5327 53
53.5 4585 2 31 5329 53
53.625 4585 2 31 5329 53
53.75 4585 2 28 5332 53
53.875 4585 2 28 5332 53
54 4585 2 27 5333 53
54.125 4585 2 27 5333 53
54.25 4585 2 26 5334 53
54.375 4585 2 26 5334 53
54.5 4585 2 26 5334 53
54.625 4585 2 26 5334 53
54.75 4585 2 26 5334 53
54.875 4585 2 26 5334 53
55 4585 2 26 5334 53
55.125 4585 2 24 5336 53
55.25 4585 1 25 5336 53
55.375 4585 1 25 5336 53
55.5 4585 1 24 5337 53
55.625 4585 1 22 5339 53
55.75 4585 1 22 5339 53
55.875 4585 1 20 5341 53
56 4585 1 19 5342 53
56.125 4585 1 18 5343 53
56.25 4584 2 18 5343 53
56.375 4584 2 18 5343 53
56.5 4584 2 17 5344 53
56.625 4584 2 17 5344 53
56.75 4584 1 18 5344 53
56.875 4584 1 18 5344 53
57 4584 1 18 5344 53
57.125 4584 1 18 5344 53
57.25 4584 1 18 5344 53
57.375 4584 1 18 5344 53
57.5 4584 1 18 5344 53
57.625 4584 1 18 5344 53
57.75 4584 1 18 5344 53
57.875 4584 1 18 5344 53
58 4584 1 17 5345 53
58.125 4584 1 16 5346 53
58.25 4584 1 16 5346 53
58.375 4584 1 16 5346 53
58.5 4584 1 16 5346 53
58.625 4584 1 16 5346 53
58.75 4584 1 16 5346 53
58.875 4584 0 17 5346 53
59 4584 0 17 5346 53
59.125 4584 0 17 5346 53
59.25 4584 0 17 5346 53
59.375 4584 0 17 5346 53
59.5 4584 0 17 5346 53
59.625 4584 0 17 5346 53
59.75 4584 0 17 5346 53
59.875 4584 0 16 5347 53
60 4584 0 16 5347 53
60.125 4584 0 15 5348 53
60.25 4584 0 15 5348 53
60.375 4584 0 15 5348 53
60.5 4584 0 15 5348 53
60.625 4584 0 14 5349 53
60.75 4584 0 14 5349 53
60.875 4584 0 14 5349 53
61 4584 0 13 5350 53
61.125 4584 0 12 5351 53
61.25 4584 0 11 5352 53
61.375 4584 0 11 5352 53
61.5 4584 0 10 5353 53
61.625 4584 0 9 5354 53
61.75 4584 0 9 5354 53
61.875 4584 0 8 5355 53
62 4584 0 7 5356 53
62.125 4584 0 7 5356 53
62.25 4584 0 7 5356 53
62.375 4584 0 6 5357 53
62.5 4584 0 6 5357 53
62.625 4584 0 6 5357 53
62.75 4584 0 6 5357 53
62.875 4584 0 6 5357 53
63 4584 0 6 5357 53
63.125 4584 0 6 5357 53
63.25 4584 0 6 5357 53
63.375 4584 0 6 5357 53
63.5 4584 0 6 5357 53
63.625 4584 0 6 5357 53
63.75 4584 0 6 5357 53
63.875 4584 0 6 5357 53
64 4584 0 6 5357 53
64.125 4584 0 6 5357 53
64.25 4584 0 6 5357 53
64.375 4584 0 6 5357 53
64.5 4584 0 6 5357 53
64.625 4584 0 6 5357 53
64.75 4584 0 6 5357 53
64.875 4584 0 6 5357 53
65 4584 0 5 5358 53
65.125 4584 0 5 5358 53
65.25 4584 0 5 5358 53
65.375 4584 0 5 5358 53
65.5 4584 0 5 5358 53
65.625 4584 0 5 5358 53
65.75 4584 0 5 5358 53
65.875 4584 0 5 5358 53
66 4584 0 5 5358 53
66.125 4584 0 5 5358 53
66.25 4584 0 5 5358 53
66.375 4584 0 4 5359 53
66.5 4584 0 4 5359 53
66.625 4584 0 4 5359 53
66.75 4584 0 4 5359 53
66.875 4584 0 4 5359 53
67 4584 0 4 5359 53
67.125 4584 0 4 5359 53
67.25 4584 0 4 5359 53
67.375 4584 0 4 5359 53
67.5 4584 0 4 5359 53
67.625 4584 0 4 5359 53
67.75 4584 0 4 5359 53
67.875 4584 0 4 5359 53
68 4584 0 4 5359 53
68.125 4584 0 4 5359 53
68.25 4584 0 4 5359 53
68.375 4584 0 4 5359 53
68.5 4584 0 3 5360 53
68.625 4584 0 3 5360 53
68.75 4584 0 3 5360 53
68.875 4584 0 3 5360 53
69 4584 0 3 5360 53
69.125 4584 0 3 5360 53
69.25 4584 0 3 5360 53
69.375 4584 0 2 5361 53
69.5 4584 0 2 5361 53
69.625 4584 0 2 5361 53
69.75 4584 0 2 5361 53
69.875 4584 0 2 5361 53
70 4584 0 2 5361 53
70.125 4584 0 2 5361 53
70.25 4584 0 2 5361 53
70.375 4584 0 2 5361 53
70.5 4584 0 2 5361 53
70.625 4584 0 2 5361 53
70.75 4584 0 2 5361 53
70.875 4584 0 2 5361 53
71 4584 0 2 5361 53
71.125 4584 0 2 5361 53
71.25 4584 0 2 5361 53
71.375 4584 0 2 5361 53
71.5 4584 0 2 5361 53
71.625 4584 0 2 5361 53
71.75 4584 0 2 5361 53
71.875 4584 0 2 5361 53
72 4584 0 2 5361 53
72.125 4584 0 2 5361 53
72.25 4584 0 2 5361 53
72.375 4584 0 2 5361 53
72.5 4584 0 2 5361 53
72.625 4584 0 2 5361 53
72.75 4584 0 2 5361 53
72.875 4584 0 2 5361 53
73 4584 0 2 5361 53
73.125 4584 0 2 5361 53
73.25 4584 0 2 5361 53
73.375 4584 0 1 5362 53
73.5 4584 0 1 5362 53
73.625 4584 0 1 5362 53
73.75 4584 0 1 5362 53
73.875 4584 0 1 5362 53
74 4584 0 1 5362 53
74.125 4584 0 1 5362 53
74.25 4584 0 1 5362 53
74.375 4584 0 1 5362 53
74.5 4584 0 1 5362 53
74.625 4584 0 1 5362 53
74.75 4584 0 1 5362 53
74.875 4584 0 1 5362 53
75 4584 0 1 5362 53
75.125 4584 0 1 5362 53
75.25 4584 0 1 5362 53
75.375 4584 0 1 5362 53
75.5 4584 0 1 5362 53
75.625 4584 0 1 5362 53
75.75 4584 0 1 5362 53
75.875 4584 0 1 5362 53
76 4584 0 1 5362 53
76.125 4584 0 1 5362 53
76.25 4584 0 1 5362 53
76.375 4584 0 1 5362 53
76.5 4584 0 1 5362 53
76.625 4584 0 1 5362 53
76.75 4584 0 1 5362 53
76.875 4584 0 1 5362 53
77 4584 0 1 5362 53
77.125 4584 0 1 5362 53
77.25 4584 0 1 5362 53
77.375 4584 0 1 5362 53
77.5 4584 0 1 5362 53
77.625 4584 0 1 5362 53
77.75 4584 0 1 5362 53
77.875 4584 0 1 5362 53
78 4584 0 1 5362 53
78.125 4584 0 1 5362 53
78.25 4584 0 0 5363 53
