t S E I R D
0 98 0 2 0 0
0.125 98 0 2 0 0
0.25 98 0 2 0 0
0.375 98 0 2 0 0
0.5 98 0 2 0 0
0.625 98 0 2 0 0
0.75 98 0 2 0 0
0.875 97 1 2 0 0
1 97 1 2 0 0
1.125 97 1 2 0 0
1.25 97 1 2 0 0
1.375 97 1 2 0 0
1.5 97 1 2 0 0
1.625 97 1 2 0 0
1.75 97 1 2 0 0
1.875 95 3 2 0 0
2 95 3 2 0 0
2.125 95 3 2 0 0
2.25 95 3 2 0 0
2.375 95 3 2 0 0
2.5 95 3 1 1 0
2.625 95 3 1 1 0
2.75 95 3 0 2 0
2.875 95 2 1 2 0
3 94 3 1 2 0
3.125 93 4 1 2 0
3.25 93 4 1 2 0
3.375 91 6 1 2 0
3.5 91 4 3 2 0
3.625 90 5 3 2 0
3.75 89 6 3 2 0
3.875 88 6 4 2 0
4 87 7 4 2 0
4.125 86 6 6 2 0
4.25 86 6 6 2 0
4.375 85 7 6 2 0
4.5 84 6 8 2 0
4.625 83 7 7 3 0
4.75 82 8 7 3 0
4.875 82 8 7 3 0
5 81 9 7 3 0
5.125 80 9 8 3 0
5.25 80 8 8 4 0
5.375 80 8 8 4 0
5.5 80 7 9 4 0
5.625 78 9 9 4 0
5.75 78 9 9 4 0
5.875 77 10 9 4 0
6 75 12 9 4 0
6.125 75 12 9 4 0
6.25 75 12 9 4 0
6.375 74 13 9 4 0
6.5 74 12 9 5 0
6.625 73 9 13 5 0
6.75 73 9 13 5 0
6.875 72 10 11 7 0
7 72 10 10 8 0
7.125 72 10 10 8 0
7.25 71 10 11 8 0
7.375 71 9 12 8 0
7.5 70 10 12 8 0
7.625 69 11 12 8 0
7.75 69 9 14 8 0
7.875 69 9 14 8 0
8 69 9 14 8 0
8.125 68 10 14 8 0
8.25 68 10 14 8 0
8.375 68 10 14 8 0
8.5 68 10 14 8 0
8.625 67 11 14 8 0
8.75 67 10 15 8 0
8.875 67 10 15 8 0
9 66 10 16 8 0
9.125 64 12 16 8 0
9.25 63 13 16 8 0
9.375 63 12 17 8 0
9.5 63 12 17 8 0
9.625 62 13 16 9 0
9.75 62 12 17 9 0
9.875 61 13 17 9 0
10 61 13 17 9 0
10.125 61 12 18 9 0
10.25 61 12 18 9 0
10.375 60 13 18 9 0
10.5 60 12 19 9 0
10.625 59 12 20 9 0
10.75 59 10 21 10 0
10.875 59 8 23 10 0
11 59 8 23 10 0
11.125 58 9 23 10 0
11.25 57 9 24 10 0
11.375 56 9 25 10 0
11.5 56 9 24 11 0
11.625 55 10 24 11 0
11.75 54 11 23 12 0
11.875 53 12 23 12 0
12 53 12 22 13 0
12.125 52 10 24 14 0
12.25 52 9 24 15 0
12.375 51 10 24 15 0
12.5 51 7 27 15 0
12.625 50 8 27 15 0
12.75 50 8 26 16 0
12.875 49 9 26 16 0
13 49 8 25 18 0
13.125 47 9 25 19 0
13.25 46 10 24 20 0
13.375 46 9 25 20 0
13.5 46 8 25 21 0
13.625 46 7 24 23 0
13.75 46 7 22 25 0
13.875 46 7 20 27 0
14 45 6 22 27 0
14.125 45 6 22 27 0
14.25 44 7 21 28 0
14.375 43 7 21 29 0
14.5 43 7 21 29 0
14.625 43 6 22 29 0
14.75 40 9 22 29 0
14.875 40 8 22 30 0
15 40 6 24 30 0
15.125 39 7 24 30 0
15.25 39 7 24 30 0
15.375 38 7 25 30 0
15.5 38 7 24 31 0
15.625 38 6 24 32 0
15.75 38 6 24 32 0
15.875 38 6 24 32 0
16 38 6 23 33 0
16.125 38 6 22 34 0
16.25 37 7 21 35 0
16.375 37 6 22 35 0
16.5 36 6 23 35 0
16.625 36 6 23 35 0
16.75 35 6 24 35 0
16.875 35 5 24 36 0
17 35 4 25 36 0
17.125 34 5 25 36 0
17.25 33 6 24 37 0
17.375 33 6 24 37 0
17.5 32 7 23 38 0
17.625 32 7 23 38 0
17.75 32 5 23 40 0
17.875 32 5 23 40 0
18 32 5 21 42 0
18.125 31 6 21 42 0
18.25 31 6 20 43 0
18.375 31 6 18 45 0
18.5 31 6 18 45 0
18.625 29 8 18 45 0
18.75 29 7 19 45 0
18.875 28 8 19 45 0
19 28 8 19 45 0
19.125 28 8 19 45 0
19.25 28 6 21 45 0
19.375 27 7 21 45 0
19.5 26 8 21 45 0
19.625 26 8 21 45 0
19.75 26 7 20 47 0
19.875 26 7 19 48 0
20 26 7 17 50 0
20.125 26 7 17 50 0
20.25 26 7 17 50 0
20.375 26 7 16 51 0
20.5 26 7 16 51 0
20.625 26 7 16 51 0
20.75 26 6 17 51 0
20.875 24 8 17 51 0
21 24 8 17 51 0
21.125 24 8 17 51 0
21.25 24 8 16 52 0
21.375 24 7 16 53 0
21.5 23 8 16 53 0
21.625 23 6 18 53 0
21.75 22 7 18 53 0
21.875 22 6 19 53 0
22 22 5 20 53 0
22.125 22 5 20 53 0
22.25 22 4 21 53 0
22.375 22 3 21 54 0
22.5 22 3 21 54 0
22.625 22 3 21 54 0
22.75 22 3 21 54 0
22.875 22 3 20 55 0
23 22 3 20 55 0
23.125 22 2 21 55 0
23.25 22 2 20 56 0
23.375 22 2 19 57 0
23.5 22 2 19 57 0
23.625 22 2 19 57 0
23.75 22 2 17 59 0
23.875 22 2 17 59 0
24 22 2 17 59 0
24.125 22 2 16 60 0
24.25 22 2 16 60 0
24.375 22 2 16 60 0
24.5 22 2 16 60 0
24.625 22 2 16 60 0
24.75 22 2 16 60 0
24.875 22 2 16 60 0
25 22 2 16 60 0
25.125 21 3 16 60 0
25.25 21 3 16 60 0
25.375 21 2 17 60 0
25.5 21 2 17 60 0
25.625 21 2 17 60 0
25.75 21 2 16 61 0
25.875 21 2 16 61 0
26 21 2 14 63 0
26.125 21 2 14 63 0
26.25 21 2 14 63 0
26.375 21 2 14 63 0
26.5 21 2 14 63 0
26.625 21 2 13 64 0
26.75 21 1 14 64 0
26.875 21 1 14 64 0
27 21 1 14 64 0
27.125 21 1 14 64 0
27.25 21 1 14 64 0
27.375 21 1 14 64 0
27.5 21 1 14 64 0
27.625 21 1 13 65 0
27.75 21 0 13 66 0
27.875 21 0 13 66 0
28 21 0 13 66 0
28.125 21 0 13 66 0
28.25 21 0 13 66 0
28.375 21 0 13 66 0
28.5 21 0 13 66 0
28.625 21 0 12 67 0
28.75 21 0 12 67 0
28.875 21 0 12 67 0
29 21 0 12 67 0
29.125 21 0 12 67 0
29.25 21 0 12 67 0
29.375 21 0 12 67 0
29.5 21 0 12 67 0
29.625 21 0 12 67 0
29.75 21 0 11 68 0
29.875 20 1 11 68 0
30 20 1 11 68 0
30.125 20 1 11 68 0
30.25 20 1 10 69 0
30.375 20 1 10 69 0
30.5 20 1 10 69 0
30.625 20 1 10 69 0
30.75 20 1 10 69 0
30.875 20 1 10 69 0
31 20 1 10 69 0
31.125 20 1 10 69 0
31.25 20 1 10 69 0
31.375 20 1 10 69 0
31.5 20 1 10 69 0
31.625 20 1 8 71 0
31.75 20 1 7 72 0
31.875 20 1 7 72 0
32 20 1 7 72 0
32.125 20 1 7 72 0
32.25 20 1 7 72 0
32.375 20 1 7 72 0
32.5 20 1 7 72 0
32.625 20 1 7 72 0
32.75 20 1 7 72 0
32.875 20 1 7 72 0
33 20 1 6 73 0
33.125 20 1 6 73 0
33.25 20 1 6 73 0
33.375 20 1 5 74 0
33.5 20 1 5 74 0
33.625 20 1 5 74 0
33.75 20 1 5 74 0
33.875 20 1 5 74 0
34 20 1 5 74 0
34.125 20 1 5 74 0
34.25 18 3 5 74 0
34.375 18 3 5 74 0
34.5 18 3 4 75 0
34.625 18 3 4 75 0
34.75 18 3 4 75 0
34.875 18 3 4 75 0
35 18 3 4 75 0
35.125 18 3 4 75 0
35.25 18 3 4 75 0
35.375 18 3 4 75 0
35.5 17 4 4 75 0
35.625 17 4 4 75 0
35.75 17 4 4 75 0
35.875 17 3 5 75 0
36 17 3 4 76 0
36.125 17 2 5 76 0
36.25 17 2 5 76 0
36.375 17 2 5 76 0
36.5 17 2 5 76 0
36.625 17 2 5 76 0
36.75 17 2 5 76 0
36.875 16 3 5 76 0
37 16 2 6 76 0
37.125 16 2 6 76 0
37.25 16 2 6 76 0
37.375 16 2 6 76 0
37.5 16 2 6 76 0
37.625 16 2 6 76 0
37.75 16 2 6 76 0
37.875 16 2 6 76 0
38 16 2 6 76 0
38.125 16 2 6 76 0
38.25 16 2 6 76 0
38.375 16 2 6 76 0
38.5 16 2 6 76 0
38.625 16 2 6 76 0
38.75 16 2 6 76 0
38.875 16 2 6 76 0
39 16 2 6 76 0
39.125 16 2 5 77 0
39.25 16 2 5 77 0
39.375 16 2 4 78 0
39.5 16 1 5 78 0
39.625 16 1 5 78 0
39.75 16 1 5 78 0
39.875 16 1 5 78 0
40 16 0 6 78 0
40.125 16 0 6 78 0
40.25 16 0 6 78 0
40.375 16 0 6 78 0
40.5 16 0 6 78 0
40.625 16 0 6 78 0
40.75 16 0 6 78 0
40.875 16 0 6 78 0
41 16 0 6 78 0
41.125 16 0 6 78 0
41.25 16 0 5 79 0
41.375 16 0 5 79 0
41.5 16 0 5 79 0
41.625 16 0 5 79 0
41.75 16 0 5 79 0
41.875 16 0 5 79 0
42 16 0 5 79 0
42.125 16 0 5 79 0
42.25 16 0 5 79 0
42.375 16 0 5 79 0
42.5 16 0 5 79 0
42.625 16 0 5 79 0
42.75 16 0 4 80 0
42.875 16 0 4 80 0
43 16 0 4 80 0
43.125 16 0 2 82 0
43.25 16 0 2 82 0
43.375 16 0 2 82 0
43.5 16 0 2 82 0
43.625 16 0 2 82 0
43.75 16 0 2 82 0
43.875 16 0 2 82 0
44 16 0 2 82 0
44.125 16 0 2 82 0
44.25 16 0 2 82 0
44.375 16 0 1 83 0
44.5 16 0 1 83 0
44.625 16 0 1 83 0
44.75 16 0 1 83 0
44.875 16 0 1 83 0
45 16 0 1 83 0
45.125 16 0 1 83 0
45.25 16 0 1 83 0
45.375 16 0 1 83 0
45.5 16 0 1 83 0
45.625 16 0 1 83 0
45.75 16 0 1 83 0
45.875 16 0 1 83 0
46 15 1 1 83 0
46.125 15 1 1 83 0
46.25 15 1 1 83 0
46.375 15 1 1 83 0
46.5 15 1 1 83 0
46.625 15 1 1 83 0
46.75 15 1 1 83 0
46.875 15 1 1 83 0
47 15 1 1 83 0
47.125 15 1 1 83 0
47.25 15 1 1 83 0
47.375 15 0 2 83 0
47.5 15 0 2 83 0
47.625 15 0 1 84 0
47.75 15 0 1 84 0
47.875 15 0 1 84 0
48 15 0 1 84 0
48.125 15 0 1 84 0
48.25 15 0 1 84 0
48.375 15 0 1 84 0
48.5 15 0 1 84 0
48.625 15 0 1 84 0
48.75 15 0 1 84 0
48.875 15 0 1 84 0
49 15 0 1 84 0
49.125 15 0 1 84 0
49.25 15 0 1 84 0
49.375 15 0 1 84 0
49.5 15 0 1 84 0
49.625 15 0 1 84 0
49.75 15 0 1 84 0
49.875 15 0 1 84 0
50 15 0 1 84 0
50.125 15 0 1 84 0
50.25 15 0 1 84 0
50.375 15 0 1 84 0
50.5 15 0 1 84 0
50.625 15 0 1 84 0
50.75 15 0 1 84 0
50.875 15 0 1 84 0
51 15 0 1 84 0
51.125 15 0 1 84 0
51.25 15 0 1 84 0
51.375 15 0 1 84 0
51.5 15 0 1 84 0
51.625 15 0 1 84 0
51.75 15 0 1 84 0
51.875 15 0 1 84 0
52 15 0 1 84 0
52.125 15 0 1 84 0
52.25 15 0 1 84 0
52.375 15 0 1 84 0
52.5 15 0 1 84 0
52.625 15 0 1 84 0
52.75 15 0 1 84 0
52.875 15 0 1 84 0
53 15 0 1 84 0
53.125 15 0 1 84 0
53.25 15 0 1 84 0
53.375 15 0 1 84 0
53.5 15 0 1 84 0
53.625 15 0 1 84 0
53.75 15 0 1 84 0
53.875 15 0 1 84 0
54 15 0 1 84 0
54.125 15 0 1 84 0
54.25 15 0 1 84 0
54.375 15 0 1 84 0
54.5 15 0 1 84 0
54.625 15 0 1 84 0
54.75 15 0 1 84 0
54.875 15 0 1 84 0
55 15 0 1 84 0
55.125 15 0 1 84 0
55.25 15 0 1 84 0
55.375 15 0 1 84 0
55.5 15 0 1 84 0
55.625 15 0 1 84 0
55.75 15 0 1 84 0
55.875 15 0 1 84 0
56 15 0 1 84 0
56.125 15 0 1 84 0
56.25 15 0 1 84 0
56.375 15 0 1 84 0
56.5 15 0 1 84 0
56.625 15 0 1 84 0
56.75 15 0 1 84 0
56.875 15 0 1 84 0
57 15 0 1 84 0
57.125 15 0 1 84 0
57.25 15 0 1 84 0
57.375 15 0 1 84 0
57.5 15 0 1 84 0
57.625 15 0 1 84 0
57.75 15 0 1 84 0
57.875 15 0 1 84 0
58 15 0 1 84 0
58.125 15 0 1 84 0
58.25 15 0 1 84 0
58.375 15 0 1 84 0
58.5 15 0 1 84 0
58.625 15 0 1 84 0
58.75 15 0 1 84 0
58.875 15 0 1 84 0
59 15 0 1 84 0
59.125 15 0 1 84 0
59.25 15 0 1 84 0
59.375 15 0 1 84 0
59.5 15 0 1 84 0
59.625 15 0 1 84 0
59.75 15 0 1 84 0
59.875 15 0 1 84 0
60 15 0 1 84 0
60.125 15 0 1 84 0
60.25 15 0 1 84 0
60.375 15 0 1 84 0
60.5 15 0 1 84 0
60.625 15 0 1 84 0
60.75 15 0 1 84 0
60.875 15 0 1 84 0
61 15 0 1 84 0
61.125 15 0 1 84 0
61.25 15 0 1 84 0
61.375 15 0 1 84 0
61.5 15 0 1 84 0
61.625 15 0 1 84 0
61.75 15 0 1 84 0
61.875 15 0 1 84 0
62 15 0 1 84 0
62.125 15 0 1 84 0
62.25 15 0 1 84 0
62.375 15 0 1 84 0
62.5 15 0 1 84 0
62.625 15 0 1 84 0
62.75 15 0 1 84 0
62.875 15 0 1 84 0
63 15 0 1 84 0
63.125 15 0 1 84 0
63.25 15 0 1 84 0
63.375 15 0 1 84 0
63.5 15 0 1 84 0
63.625 15 0 1 84 0
63.75 15 0 1 84 0
63.875 15 0 1 84 0
64 15 0 1 84 0
64.125 15 0 1 84 0
64.25 15 0 1 84 0
64.375 15 0 1 84 0
64.5 15 0 1 84 0
64.625 15 0 1 84 0
64.75 15 0 1 84 0
64.875 15 0 1 84 0
65 15 0 1 84 0
65.125 15 0 1 84 0
65.25 15 0 1 84 0
65.375 15 0 1 84 0
65.5 15 0 1 84 0
65.625 15 0 1 84 0
65.75 15 0 1 84 0
65.875 15 0 1 84 0
66 15 0 1 84 0
66.125 15 0 1 84 0
66.25 15 0 1 84 0
66.375 15 0 1 84 0
66.5 15 0 1 84 0
66.625 15 0 1 84 0
66.75 15 0 1 84 0
66.875 15 0 1 84 0
67 15 0 1 84 0
67.125 15 0 1 84 0
67.25 15 0 1 84 0
67.375 15 0 1 84 0
67.5 15 0 1 84 0
67.625 14 1 1 84 0
67.75 14 1 1 84 0
67.875 14 1 1 84 0
68 14 1 1 84 0
68.125 14 1 1 84 0
68.25 14 1 1 84 0
68.375 14 1 1 84 0
68.5 14 1 1 84 0
68.625 14 1 1 84 0
68.75 14 1 1 84 0
68.875 14 1 1 84 0
69 14 1 1 84 0
69.125 14 1 1 84 0
69.25 14 1 1 84 0
69.375 14 1 1 84 0
69.5 14 1 1 84 0
69.625 14 1 1 84 0
69.75 14 1 1 84 0
69.875 14 1 1 84 0
70 14 0 2 84 0
70.125 14 0 2 84 0
70.25 14 0 2 84 0
70.375 14 0 2 84 0
70.5 14 0 2 84 0
70.625 14 0 2 84 0
70.75 14 0 2 84 0
70.875 14 0 2 84 0
71 14 0 2 84 0
71.125 14 0 2 84 0
71.25 14 0 2 84 0
71.375 14 0 2 84 0
71.5 14 0 2 84 0
71.625 14 0 2 84 0
71.75 14 0 2 84 0
71.875 14 0 2 84 0
72 14 0 2 84 0
72.125 14 0 2 84 0
72.25 14 0 2 84 0
72.375 14 0 2 84 0
72.5 14 0 2 84 0
72.625 14 0 2 84 0
72.75 14 0 2 84 0
72.875 14 0 2 84 0
73 14 0 2 84 0
73.125 14 0 2 84 0
73.25 14 0 2 84 0
73.375 14 0 2 84 0
73.5 14 0 2 84 0
73.625 14 0 2 84 0
73.75 14 0 2 84 0
73.875 14 0 2 84 0
74 14 0 2 84 0
74.125 14 0 2 84 0
74.25 14 0 2 84 0
74.375 14 0 2 84 0
74.5 14 0 2 84 0
74.625 14 0 2 84 0
74.75 14 0 1 85 0
74.875 14 0 1 85 0
75 14 0 1 85 0
75.125 14 0 1 85 0
75.25 14 0 1 85 0
75.375 14 0 1 85 0
75.5 14 0 1 85 0
75.625 14 0 1 85 0
75.75 14 0 1 85 0
75.875 14 0 1 85 0
76 14 0 1 85 0
76.125 14 0 1 85 0
76.25 14 0 1 85 0
76.375 14 0 1 85 0
76.5 14 0 1 85 0
76.625 14 0 1 85 0
76.75 14 0 1 85 0
76.875 14 0 1 85 0
77 14 0 1 85 0
77.125 14 0 1 85 0
77.25 14 0 1 85 0
77.375 14 0 1 85 0
77.5 14 0 1 85 0
77.625 14 0 1 85 0
77.75 14 0 1 85 0
77.875 14 0 1 85 0
78 14 0 1 85 0
78.125 14 0 1 85 0
78.25 14 0 1 85 0
78.375 14 0 1 85 0
78.5 14 0 1 85 0
78.625 14 0 1 85 0
78.75 14 0 1 85 0
78.875 14 0 1 85 0
79 14 0 1 85 0
79.125 14 0 1 85 0
79.25 14 0 1 85 0
79.375 14 0 1 85 0
79.5 14 0 1 85 0
79.625 14 0 1 85 0
79.75 14 0 1 85 0
79.875 14 0 1 85 0
80 14 0 1 85 0
80.125 14 0 1 85 0
80.25 14 0 1 85 0
80.375 13 1 1 85 0
80.5 13 1 1 85 0
80.625 13 1 1 85 0
80.75 13 1 1 85 0
80.875 13 1 1 85 0
81 13 1 1 85 0
81.125 13 1 1 85 0
81.25 13 1 1 85 0
81.375 13 0 2 85 0
81.5 13 0 2 85 0
81.625 13 0 2 85 0
81.75 13 0 2 85 0
81.875 13 0 2 85 0
82 13 0 2 85 0
82.125 13 0 2 85 0
82.25 13 0 2 85 0
82.375 13 0 2 85 0
82.5 13 0 2 85 0
82.625 13 0 2 85 0
82.75 13 0 2 85 0
82.875 13 0 2 85 0
83 13 0 2 85 0
83.125 13 0 2 85 0
83.25 13 0 2 85 0
83.375 13 0 2 85 0
83.5 13 0 2 85 0
83.625 13 0 2 85 0
83.75 13 0 2 85 0
83.875 13 0 2 85 0
84 13 0 2 85 0
84.125 13 0 2 85 0
84.25 13 0 2 85 0
84.375 13 0 2 85 0
84.5 13 0 2 85 0
84.625 13 0 2 85 0
84.75 13 0 2 85 0
84.875 13 0 2 85 0
85 13 0 2 85 0
85.125 13 0 2 85 0
85.25 13 0 2 85 0
85.375 13 0 2 85 0
85.5 13 0 2 85 0
85.625 13 0 2 85 0
85.75 13 0 1 86 0
85.875 13 0 1 86 0
86 13 0 1 86 0
86.125 13 0 1 86 0
86.25 13 0 1 86 0
86.375 13 0 1 86 0
86.5 13 0 1 86 0
86.625 13 0 1 86 0
86.75 13 0 1 86 0
86.875 13 0 1 86 0
87 13 0 1 86 0
87.125 13 0 1 86 0
87.25 13 0 1 86 0
87.375 13 0 1 86 0
87.5 13 0 1 86 0
87.625 13 0 1 86 0
87.75 13 0 1 86 0
87.875 13 0 1 86 0
88 13 0 1 86 0
88.125 13 0 1 86 0
88.25 13 0 1 86 0
88.375 13 0 1 86 0
88.5 13 0 1 86 0
88.625 13 0 1 86 0
88.75 13 0 1 86 0
88.875 13 0 1 86 0
89 13 0 1 86 0
89.125 13 0 1 86 0
89.25 13 0 1 86 0
89.375 13 0 1 86 0
89.5 13 0 1 86 0
89.625 13 0 1 86 0
89.75 13 0 1 86 0
89.875 13 0 1 86 0
90 13 0 1 86 0
90.125 13 0 1 86 0
90.25 12 1 1 86 0
90.375 12 1 1 86 0
90.5 12 1 1 86 0
90.625 12 1 1 86 0
90.75 12 1 1 86 0
90.875 12 1 1 86 0
91 12 1 1 86 0
91.125 12 1 1 86 0
91.25 12 1 1 86 0
91.375 12 1 1 86 0
91.5 12 1 1 86 0
91.625 12 1 1 86 0
91.75 12 1 1 86 0
91.875 12 1 1 86 0
92 12 1 1 86 0
92.125 12 0 2 86 0
92.25 12 0 2 86 0
92.375 12 0 2 86 0
92.5 11 1 2 86 0
92.625 11 1 2 86 0
92.75 11 1 2 86 0
92.875 11 1 2 86 0
93 11 1 2 86 0
93.125 11 1 2 86 0
93.25 11 1 2 86 0
93.375 11 0 3 86 0
93.5 11 0 3 86 0
93.625 11 0 3 86 0
93.75 11 0 3 86 0
93.875 11 0 3 86 0
94 11 0 3 86 0
94.125 11 0 3 86 0
94.25 11 0 3 86 0
94.375 11 0 3 86 0
94.5 11 0 3 86 0
94.625 11 0 3 86 0
94.75 10 1 3 86 0
94.875 10 1 3 86 0
95 10 1 3 86 0
95.125 10 1 3 86 0
95.25 10 1 3 86 0
95.375 10 1 3 86 0
95.5 10 1 3 86 0
95.625 10 0 4 86 0
95.75 10 0 4 86 0
95.875 10 0 4 86 0
96 10 0 4 86 0
96.125 10 0 4 86 0
96.25 10 0 4 86 0
96.375 10 0 4 86 0
96.5 10 0 4 86 0
96.625 10 0 4 86 0
96.75 10 0 4 86 0
96.875 10 0 4 86 0
97 10 0 4 86 0
97.125 10 0 4 86 0
97.25 10 0 4 86 0
97.375 10 0 3 87 0
97.5 10 0 3 87 0
97.625 10 0 3 87 0
97.75 10 0 2 88 0
97.875 10 0 2 88 0
98 10 0 2 88 0
98.125 10 0 2 88 0
98.25 10 0 2 88 0
98.375 10 0 2 88 0
98.5 10 0 2 88 0
98.625 10 0 2 88 0
98.75 10 0 2 88 0
98.875 10 0 2 88 0
99 10 0 2 88 0
99.125 10 0 2 88 0
99.25 10 0 2 88 0
99.375 10 0 2 88 0
99.5 10 0 2 88 0
99.625 10 0 2 88 0
99.75 10 0 2 88 0
99.875 10 0 2 88 0
100 10 0 2 88 0
100.125 10 0 2 88 0
100.25 10 0 2 88 0
100.375 10 0 2 88 0
100.5 10 0 2 88 0
100.625 10 0 2 88 0
100.75 10 0 2 88 0
100.875 10 0 2 88 0
101 10 0 1 89 0
101.125 10 0 1 89 0
101.25 10 0 1 89 0
101.375 10 0 1 89 0
101.5 10 0 1 89 0
101.625 10 0 1 89 0
101.75 10 0 1 89 0
101.875 10 0 1 89 0
102 10 0 1 89 0
102.125 10 0 1 89 0
102.25 10 0 1 89 0
102.375 10 0 1 89 0
102.5 10 0 1 89 0
102.625 10 0 0 90 0
