t S E I R D
0 9998 0 2 0 0
0.125 9997 1 2 0 0
0.25 9997 1 2 0 0
0.375 9997 1 2 0 0
0.5 9997 1 2 0 0
0.625 9997 1 2 0 0
0.75 9996 2 2 0 0
0.875 9996 1 3 0 0
1 9996 1 3 0 0
1.125 9995 2 3 0 0
1.25 9994 2 4 0 0
1.375 9992 3 5 0 0
1.5 9992 3 4 1 0
1.625 9990 5 4 1 0
1.75 9989 6 4 1 0
1.875 9988 5 6 1 0
2 9988 5 6 1 0
2.125 9985 8 6 1 0
2.25 9985 8 6 1 0
2.375 9980 10 9 1 0
2.5 9979 11 8 2 0
2.625 9978 10 10 2 0
2.75 9978 10 10 2 0
2.875 9976 10 12 2 0
3 9971 13 13 3 0
3.125 9969 14 14 3 0
3.25 9968 15 13 4 0
3.375 9963 20 12 5 0
3.5 9958 23 14 5 0
3.625 9958 21 16 5 0
3.75 9955 22 17 6 0
3.875 9948 28 18 6 0
4 9943 29 21 7 0
4.125 9941 30 21 8 0
4.25 9940 30 22 8 0
4.375 9938 30 23 9 0
4.5 9937 31 22 10 0
4.625 9935 30 25 10 0
4.75 9934 28 28 10 0
4.875 9931 29 29 11 0
5 9922 36 30 12 0
5.125 9915 43 27 15 0
5.25 9913 42 30 15 0
5.375 9907 44 32 17 0
5.5 9887 62 33 18 0
5.625 9873 72 36 19 0
5.75 9863 75 41 21 0
5.875 9853 82 42 23 0
6 9841 88 48 23 0
6.125 9830 96 49 25 0
6.25 9813 106 56 25 0
6.375 9798 116 61 25 0
6.5 9779 126 70 25 0
6.625 9758 139 75 28 0
6.75 9738 150 81 31 0
6.875 9714 168 87 31 0
7 9694 179 94 33 0
7.125 9664 194 109 33 0
7.25 9645 201 120 34 0
7.375 9605 227 134 34 0
7.5 9582 236 142 40 0
7.625 9556 253 147 44 0
7.75 9525 265 165 45 0
7.875 9487 287 177 49 0
8 9457 302 189 52 0
8.125 9419 311 213 57 0
8.25 9380 331 226 63 0
8.375 9337 356 236 71 0
8.5 9301 372 246 81 0
8.625 9262 387 267 84 0
8.75 9210 412 285 93 0
8.875 9157 440 303 100 0
9 9106 470 319 105 0
9.125 9044 505 341 110 0
9.25 8996 518 366 119 1
9.375 8988 495 382 134 1
9.5 8980 469 411 139 1
9.625 8969 455 429 146 1
9.75 8963 428 457 151 1
9.875 8959 404 469 167 1
10 8953 386 485 175 1
10.125 8944 372 497 186 1
10.25 8935 360 510 194 1
10.375 8928 344 528 199 1
10.5 8925 325 540 209 1
10.625 8915 315 549 219 2
10.75 8908 310 556 224 2
10.875 8901 301 561 235 2
11 8894 292 569 243 2
11.125 8889 283 568 258 2
11.25 8879 283 570 266 2
11.375 8873 273 569 283 2
11.5 8867 265 567 299 2
11.625 8862 256 571 309 2
11.75 8859 242 572 325 2
11.875 8858 228 582 330 2
12 8852 216 590 340 2
12.125 8843 209 594 352 2
12.25 8838 203 591 366 2
12.375 8829 202 594 373 2
12.5 8824 198 587 388 3
12.625 8819 191 584 403 3
12.75 8813 182 590 412 3
12.875 8809 176 584 428 3
13 8805 168 588 435 4
13.125 8801 157 592 446 4
13.25 8798 154 584 460 4
13.375 8795 147 588 466 4
13.5 8794 143 577 482 4
13.625 8792 138 579 487 4
13.75 8789 133 578 496 4
13.875 8786 131 569 509 5
14 8786 126 561 522 5
14.125 8781 124 555 535 5
14.25 8780 116 554 545 5
14.375 8778 114 553 550 5
14.5 8776 105 547 566 6
14.625 8775 102 538 579 6
14.75 8772 100 536 586 6
14.875 8771 94 532 597 6
15 8768 89 530 607 6
15.125 8768 89 522 615 6
15.25 8768 84 516 626 6
15.375 8761 82 516 635 6
15.5 8758 81 506 649 6
15.625 8757 76 504 657 6
15.75 8756 72 501 665 6
15.875 8756 67 499 672 6
16 8755 64 497 678 6
16.125 8753 63 491 687 6
16.25 8751 62 478 703 6
16.375 8751 60 470 713 6
16.5 8749 56 472 717 6
16.625 8746 54 467 727 6
16.75 8745 50 462 737 6
16.875 8739 53 456 746 6
17 8737 53 446 758 6
17.125 8734 54 442 764 6
17.25 8734 49 439 772 6
17.375 8734 44 438 778 6
17.5 8733 45 432 784 6
17.625 8732 45 425 792 6
17.75 8731 43 422 798 6
17.875 8731 43 415 805 6
18 8728 41 410 815 6
18.125 8728 39 405 822 6
18.25 8727 36 394 836 7
18.375 8726 32 392 843 7
18.5 8726 30 382 854 8
18.625 8723 32 374 863 8
18.75 8722 31 366 873 8
18.875 8720 29 363 880 8
19 8720 28 359 885 8
19.125 8719 28 355 890 8
19.25 8718 26 352 896 8
19.375 8718 23 347 904 8
19.5 8716 22 341 913 8
19.625 8715 23 338 916 8
19.75 8714 23 327 928 8
19.875 8713 24 320 935 8
20 8713 23 317 939 8
20.125 8713 21 312 945 9
20.25 8712 21 307 951 9
20.375 8712 21 303 955 9
20.5 8712 19 298 962 9
20.625 8710 21 292 968 9
20.75 8709 19 287 976 9
20.875 8709 17 282 983 9
21 8709 17 279 985 10
21.125 8708 17 276 989 10
21.25 8707 17 268 998 10
21.375 8707 17 259 1007 10
21.5 8706 17 256 1010 11
21.625 8706 17 255 1011 11
21.75 8705 16 250 1018 11
21.875 8705 15 245 1024 11
22 8705 14 243 1027 11
22.125 8705 13 241 1030 11
22.25 8705 11 237 1036 11
22.375 8705 10 235 1039 11
22.5 8705 10 231 1043 11
22.625 8704 11 226 1048 11
22.75 8701 14 223 1051 11
22.875 8701 14 220 1054 11
23 8701 14 216 1058 11
23.125 8701 14 214 1060 11
23.25 8700 15 208 1066 11
23.375 8700 13 206 1070 11
23.5 8700 12 200 1077 11
23.625 8698 14 195 1082 11
23.75 8697 12 193 1087 11
23.875 8696 12 186 1094 12
24 8696 12 181 1098 13
24.125 8696 12 175 1104 13
24.25 8695 13 167 1112 13
24.375 8695 13 164 1115 13
24.5 8694 14 161 1118 13
24.625 8694 12 161 1120 13
24.75 8693 13 152 1129 13
24.875 8693 12 149 1132 14
25 8693 11 144 1138 14
25.125 8692 11 141 1142 14
25.25 8691 11 139 1145 14
25.375 8691 10 134 1151 14
25.5 8691 8 134 1153 14
25.625 8690 8 132 1156 14
25.75 8690 8 127 1161 14
25.875 8690 8 125 1163 14
26 8690 5 128 1163 14
26.125 8689 6 127 1164 14
26.25 8688 7 124 1167 14
26.375 8688 4 122 1172 14
26.5 8688 3 118 1177 14
26.625 8688 3 115 1180 14
26.75 8687 4 114 1181 14
26.875 8687 4 110 1185 14
27 8687 4 109 1186 14
27.125 8687 4 109 1186 14
27.25 8687 3 110 1186 14
27.375 8687 3 108 1188 14
27.5 8687 3 107 1189 14
27.625 8687 2 104 1193 14
27.75 8687 2 102 1195 14
27.875 8687 2 98 1199 14
28 8687 2 94 1203 14
28.125 8686 3 91 1206 14
28.25 8686 3 89 1208 14
28.375 8686 3 88 1209 14
28.5 8686 3 86 1211 14
28.625 8686 3 84 1213 14
28.75 8686 3 82 1215 14
28.875 8686 3 80 1217 14
29 8686 3 80 1217 14
29.125 8686 3 78 1219 14
29.25 8685 4 77 1220 14
29.375 8685 4 75 1222 14
29.5 8685 4 74 1223 14
29.625 8685 4 72 1225 14
29.75 8685 3 72 1226 14
29.875 8685 3 70 1228 14
30 8685 3 69 1229 14
30.125 8685 3 67 1231 14
30.25 8685 2 65 1234 14
30.375 8685 2 65 1234 14
30.5 8685 2 65 1234 14
30.625 8685 2 64 1235 14
30.75 8685 2 63 1236 14
30.875 8685 2 62 1237 14
31 8685 1 62 1238 14
31.125 8685 1 61 1239 14
31.25 8684 1 62 1239 14
31.375 8684 1 61 1240 14
31.5 8684 1 58 1243 14
31.625 8684 1 57 1243 15
31.75 8684 0 57 1244 15
31.875 8684 0 55 1246 15
32 8684 0 53 1248 15
32.125 8684 0 52 1249 15
32.25 8684 0 51 1250 15
32.375 8684 0 48 1253 15
32.5 8684 0 48 1253 15
32.625 8684 0 48 1253 15
32.75 8684 0 48 1253 15
32.875 8684 0 47 1254 15
33 8682 2 46 1255 15
33.125 8682 2 44 1257 15
33.25 8682 2 44 1257 15
33.375 8682 2 43 1258 15
33.5 8682 2 43 1258 15
33.625 8681 3 42 1258 16
33.75 8681 3 41 1259 16
33.875 8681 2 42 1259 16
34 8681 2 40 1261 16
34.125 8681 1 40 1262 16
34.25 8681 1 40 1262 16
34.375 8681 1 40 1262 16
34.5 8681 1 40 1262 16
34.625 8681 1 39 1263 16
34.75 8681 1 37 1265 16
34.875 8681 1 37 1265 16
35 8681 1 37 1265 16
35.125 8681 1 36 1266 16
35.25 8681 1 35 1267 16
35.375 8681 1 35 1267 16
35.5 8681 1 35 1267 16
35.625 8681 1 35 1267 16
35.75 8681 1 35 1267 16
35.875 8681 1 34 1268 16
36 8681 1 33 1269 16
36.125 8681 1 32 1270 16
36.25 8681 1 31 1271 16
36.375 8681 1 31 1271 16
36.5 8681 1 31 1271 16
36.625 8681 1 30 1272 16
36.75 8681 1 30 1272 16
36.875 8681 1 30 1272 16
37 8681 1 29 1273 16
37.125 8681 1 29 1273 16
37.25 8681 1 29 1273 16
37.375 8681 1 29 1273 16
37.5 8681 1 29 1273 16
37.625 8681 0 29 1274 16
37.75 8681 0 29 1274 16
37.875 8681 0 29 1274 16
38 8681 0 29 1274 16
38.125 8681 0 29 1274 16
38.25 8681 0 29 1274 16
38.375 8681 0 29 1274 16
38.5 8681 0 29 1274 16
38.625 8681 0 29 1274 16
38.75 8681 0 29 1274 16
38.875 8681 0 29 1274 16
39 8681 0 29 1274 16
39.125 8681 0 29 1274 16
39.25 8681 0 29 1274 16
39.375 8681 0 29 1274 16
39.5 8681 0 28 1275 16
39.625 8681 0 28 1275 16
39.75 8681 0 28 1275 16
39.875 8681 0 28 1275 16
40 8681 0 28 1275 16
40.125 8681 0 27 1276 16
40.25 8681 0 26 1277 16
40.375 8681 0 26 1277 16
40.5 8681 0 25 1278 16
40.625 8681 0 25 1278 16
40.75 8681 0 24 1279 16
40.875 8680 1 24 1279 16
41 8680 1 24 1279 16
41.125 8680 1 24 1279 16
41.25 8680 1 23 1280 16
41.375 8680 1 23 1280 16
41.5 8680 1 23 1280 16
41.625 8680 1 23 1280 16
41.75 8680 1 23 1280 16
41.875 8680 1 22 1281 16
42 8680 1 20 1283 16
42.125 8680 1 20 1283 16
42.25 8680 1 19 1284 16
42.375 8680 1 19 1284 16
42.5 8680 1 18 1285 16
42.625 8680 1 18 1285 16
42.75 8680 1 18 1285 16
42.875 8680 1 18 1285 16
43 8680 1 17 1286 16
43.125 8680 0 18 1286 16
43.25 8680 0 18 1286 16
43.375 8680 0 18 1286 16
43.5 8680 0 18 1286 16
43.625 8680 0 18 1286 16
43.75 8680 0 18 1286 16
43.875 8680 0 18 1286 16
44 8680 0 18 1286 16
44.125 8680 0 18 1286 16
44.25 8680 0 18 1286 16
44.375 8680 0 17 1287 16
44.5 8680 0 17 1287 16
44.625 8680 0 17 1287 16
44.75 8680 0 17 1287 16
44.875 8680 0 17 1287 16
45 8680 0 16 1288 16
45.125 8680 0 16 1288 16
45.25 8680 0 16 1288 16
45.375 8680 0 15 1289 16
45.5 8680 0 14 1290 16
45.625 8680 0 14 1290 16
45.75 8680 0 14 1290 16
45.875 8680 0 13 1291 16
46 8680 0 13 1291 16
46.125 8680 0 12 1292 16
46.25 8680 0 12 1292 16
46.375 8680 0 12 1292 16
46.5 8680 0 11 1293 16
46.625 8680 0 11 1293 16
46.75 8680 0 11 1293 16
46.875 8680 0 11 1293 16
47 8680 0 11 1293 16
47.125 8680 0 11 1293 16
47.25 8680 0 10 1294 16
47.375 8680 0 10 1294 16
47.5 8680 0 10 1294 16
47.625 8680 0 10 1294 16
47.75 8680 0 10 1294 16
47.875 8680 0 10 1294 16
48 8680 0 10 1294 16
48.125 8680 0 9 1295 16
48.25 8680 0 8 1296 16
48.375 8680 0 8 1296 16
48.5 8680 0 7 1297 16
48.625 8680 0 6 1298 16
48.75 8680 0 6 1298 16
48.875 8680 0 6 1298 16
49 8680 0 6 1298 16
49.125 8680 0 6 1298 16
49.25 8680 0 6 1298 16
49.375 8680 0 6 1298 16
49.5 8680 0 6 1298 16
49.625 8680 0 6 1298 16
49.75 8680 0 6 1298 16
49.875 8680 0 6 1298 16
50 8680 0 5 1299 16
50.125 8680 0 5 1299 16
50.25 8680 0 5 1299 16
50.375 8680 0 5 1299 16
50.5 8680 0 5 1299 16
50.625 8680 0 5 1299 16
50.75 8680 0 5 1299 16
50.875 8680 0 5 1299 16
51 8680 0 5 1299 16
51.125 8680 0 5 1299 16
51.25 8680 0 5 1299 16
51.375 8680 0 4 1300 16
51.5 8680 0 4 1300 16
51.625 8680 0 4 1300 16
51.75 8680 0 4 1300 16
51.875 8680 0 4 1300 16
52 8680 0 4 1300 16
52.125 8680 0 4 1300 16
52.25 8680 0 4 1300 16
52.375 8680 0 4 1300 16
52.5 8680 0 4 1300 16
52.625 8680 0 4 1300 16
52.75 8680 0 4 1300 16
52.875 8680 0 4 1300 16
53 8680 0 4 1300 16
53.125 8680 0 4 1300 16
53.25 8680 0 4 1300 16
53.375 8680 0 4 1300 16
53.5 8680 0 4 1300 16
53.625 8680 0 4 1300 16
53.75 8680 0 3 1301 16
53.875 8680 0 3 1301 16
54 8680 0 3 1301 16
54.125 8680 0 3 1301 16
54.25 8680 0 2 1302 16
54.375 8680 0 2 1302 16
54.5 8680 0 2 1302 16
54.625 8680 0 2 1302 16
54.75 8680 0 2 1302 16
54.875 8680 0 2 1302 16
55 8680 0 2 1302 16
55.125 8680 0 2 1302 16
55.25 8680 0 2 1302 16
55.375 8680 0 2 1302 16
55.5 8680 0 2 1302 16
55.625 8680 0 2 1302 16
55.75 8680 0 2 1302 16
55.875 8680 0 2 1302 16
56 8680 0 2 1302 16
56.125 8680 0 2 1302 16
56.25 8680 0 2 1302 16
56.375 8680 0 2 1302 16
56.5 8680 0 1 1303 16
56.625 8680 0 1 1303 16
56.75 8680 0 1 1303 16
56.875 8680 0 1 1303 16
57 8680 0 1 1303 16
57.125 8680 0 1 1303 16
57.25 8680 0 1 1303 16
57.375 8680 0 1 1303 16
57.5 8680 0 1 1303 16
57.625 8680 0 1 1303 16
57.75 8680 0 1 1303 16
57.875 8680 0 1 1303 16
58 8680 0 1 1303 16
58.125 8680 0 1 1303 16
58.25 8680 0 1 1303 16
58.375 8680 0 1 1303 16
58.5 8680 0 1 1303 16
58.625 8680 0 1 1303 16
58.75 8680 0 1 1303 16
58.875 8680 0 1 1303 16
59 8680 0 1 1303 16
59.125 8680 0 1 1303 16
59.25 8680 0 1 1303 16
59.375 8680 0 1 1303 16
59.5 8680 0 1 1303 16
59.625 8680 0 1 1303 16
59.75 8680 0 1 1303 16
59.875 8680 0 1 1303 16
60 8680 0 1 1303 16
60.125 8680 0 1 1303 16
60.25 8680 0 1 1303 16
60.375 8680 0 1 1303 16
60.5 8680 0 1 1303 16
60.625 8680 0 1 1303 16
60.75 8680 0 1 1303 16
60.875 8680 0 1 1303 16
61 8680 0 1 1303 16
61.125 8680 0 1 1303 16
61.25 8680 0 1 1303 16
61.375 8680 0 1 1303 16
61.5 8680 0 1 1303 16
61.625 8680 0 1 1303 16
61.75 8680 0 1 1303 16
61.875 8680 0 1 1303 16
62 8680 0 1 1303 16
62.125 8680 0 1 1303 16
62.25 8680 0 1 1303 16
62.375 8680 0 1 1303 16
62.5 8680 0 1 1303 16
62.625 8680 0 1 1303 16
62.75 8680 0 1 1303 16
62.875 8680 0 1 1303 16
63 8680 0 1 1303 16
63.125 8680 0 1 1303 16
63.25 8680 0 1 1303 16
63.375 8680 0 1 1303 16
63.5 8680 0 1 1303 16
63.625 8680 0 1 1303 16
63.75 8680 0 1 1303 16
63.875 8680 0 1 1303 16
64 8680 0 1 1303 16
64.125 8680 0 1 1303 16
64.25 8680 0 1 1303 16
64.375 8680 0 1 1303 16
64.5 8680 0 1 1303 16
64.625 8680 0 1 1303 16
64.75 8680 0 1 1303 16
64.875 8680 0 1 1303 16
65 8680 0 1 1303 16
65.125 8680 0 1 1303 16
65.25 8680 0 1 1303 16
65.375 8680 0 1 1303 16
65.5 8680 0 1 1303 16
65.625 8680 0 1 1303 16
65.75 8680 0 1 1303 16
65.875 8680 0 1 1303 16
66 8680 0 1 1303 16
66.125 8680 0 1 1303 16
66.25 8680 0 1 1303 16
66.375 8680 0 1 1303 16
66.5 8680 0 1 1303 16
66.625 8680 0 1 1303 16
66.75 8680 0 1 1303 16
66.875 8680 0 1 1303 16
67 8680 0 1 1303 16
67.125 8680 0 1 1303 16
67.25 8680 0 1 1303 16
67.375 8680 0 1 1303 16
67.5 8680 0 1 1303 16
67.625 8680 0 1 1303 16
67.75 8680 0 1 1303 16
67.875 8680 0 1 1303 16
68 8680 0 1 1303 16
68.125 8680 0 1 1303 16
68.25 8680 0 1 1303 16
68.375 8680 0 1 1303 16
68.5 8680 0 1 1303 16
68.625 8680 0 1 1303 16
68.75 8680 0 1 1303 16
68.875 8680 0 1 1303 16
69 8680 0 1 1303 16
69.125 8680 0 1 1303 16
69.25 8680 0 1 1303 16
69.375 8680 0 1 1303 16
69.5 8680 0 1 1303 16
69.625 8680 0 1 1303 16
69.75 8680 0 1 1303 16
69.875 8680 0 1 1303 16
70 8680 0 1 1303 16
70.125 8680 0 1 1303 16
70.25 8680 0 1 1303 16
70.375 8680 0 1 1303 16
70.5 8680 0 1 1303 16
70.625 8680 0 1 1303 16
70.75 8680 0 1 1303 16
70.875 8680 0 1 1303 16
71 8680 0 1 1303 16
71.125 8680 0 1 1303 16
71.25 8680 0 1 1303 16
71.375 8680 0 1 1303 16
71.5 8680 0 1 1303 16
71.625 8680 0 1 1303 16
71.75 8680 0 1 1303 16
71.875 8680 0 1 1303 16
72 8680 0 1 1303 16
72.125 8680 0 1 1303 16
72.25 8680 0 1 1303 16
72.375 8680 0 1 1303 16
72.5 8680 0 1 1303 16
72.625 8680 0 1 1303 16
72.75 8680 0 1 1303 16
72.875 8680 0 1 1303 16
73 8680 0 1 1303 16
73.125 8680 0 1 1303 16
73.25 8680 0 1 1303 16
73.375 8680 0 1 1303 16
73.5 8680 0 1 1303 16
73.625 8680 0 1 1303 16
73.75 8680 0 1 1303 16
73.875 8680 0 1 1303 16
74 8680 0 1 1303 16
74.125 8680 0 1 1303 16
74.25 8680 0 1 1303 16
74.375 8680 0 1 1303 16
74.5 8680 0 1 1303 16
74.625 8680 0 1 1303 16
74.75 8680 0 1 1303 16
74.875 8680 0 1 1303 16
75 8680 0 1 1303 16
75.125 8680 0 1 1303 16
75.25 8680 0 1 1303 16
75.375 8680 0 1 1303 16
75.5 8680 0 1 1303 16
75.625 8680 0 1 1303 16
75.75 8680 0 1 1303 16
75.875 8680 0 1 1303 16
76 8680 0 1 1303 16
76.125 8680 0 1 1303 16
76.25 8680 0 1 1303 16
76.375 8680 0 1 1303 16
76.5 8680 0 1 1303 16
76.625 8680 0 1 1303 16
76.75 8680 0 1 1303 16
76.875 8680 0 1 1303 16
77 8680 0 1 1303 16
77.125 8680 0 1 1303 16
77.25 8680 0 1 1303 16
77.375 8680 0 1 1303 16
77.5 8680 0 1 1303 16
77.625 8680 0 1 1303 16
77.75 8680 0 1 1303 16
77.875 8680 0 1 1303 16
78 8680 0 1 1303 16
78.125 8680 0 1 1303 16
78.25 8680 0 1 1303 16
78.375 8680 0 1 1303 16
78.5 8680 0 1 1303 16
78.625 8680 0 1 1303 16
78.75 8680 0 1 1303 16
78.875 8680 0 1 1303 16
79 8680 0 1 1303 16
79.125 8680 0 1 1303 16
79.25 8680 0 1 1303 16
79.375 8680 0 1 1303 16
79.5 8680 0 1 1303 16
79.625 8680 0 1 1303 16
79.75 8680 0 1 1303 16
79.875 8680 0 1 1303 16
80 8680 0 1 1303 16
80.125 8680 0 1 1303 16
80.25 8680 0 1 1303 16
80.375 8680 0 1 1303 16
80.5 8680 0 1 1303 16
80.625 8680 0 1 1303 16
80.75 8680 0 1 1303 16
80.875 8680 0 1 1303 16
81 8680 0 1 1303 16
81.125 8680 0 1 1303 16
81.25 8680 0 1 1303 16
81.375 8680 0 1 1303 16
81.5 8680 0 1 1303 16
81.625 8680 0 1 1303 16
81.75 8680 0 1 1303 16
81.875 8680 0 1 1303 16
82 8680 0 1 1303 16
82.125 8680 0 1 1303 16
82.25 8680 0 1 1303 16
82.375 8680 0 1 1303 16
82.5 8680 0 1 1303 16
82.625 8680 0 1 1303 16
82.75 8680 0 1 1303 16
82.875 8680 0 1 1303 16
83 8680 0 1 1303 16
83.125 8680 0 1 1303 16
83.25 8680 0 1 1303 16
83.375 8680 0 1 1303 16
83.5 8680 0 1 1303 16
83.625 8680 0 1 1303 16
83.75 8680 0 1 1303 16
83.875 8680 0 1 1303 16
84 8680 0 1 1303 16
84.125 8680 0 1 1303 16
84.25 8680 0 1 1303 16
84.375 8680 0 1 1303 16
84.5 8680 0 1 1303 16
84.625 8680 0 1 1303 16
84.75 8680 0 1 1303 16
84.875 8680 0 1 1303 16
85 8680 0 1 1303 16
85.125 8680 0 1 1303 16
85.25 8680 0 1 1303 16
85.375 8680 0 1 1303 16
85.5 8680 0 1 1303 16
85.625 8680 0 1 1303 16
85.75 8680 0 1 1303 16
85.875 8680 0 1 1303 16
86 8680 0 1 1303 16
86.125 8680 0 1 1303 16
86.25 8680 0 1 1303 16
86.375 8680 0 1 1303 16
86.5 8680 0 1 1303 16
86.625 8680 0 1 1303 16
86.75 8680 0 1 1303 16
86.875 8680 0 1 1303 16
87 8680 0 1 1303 16
87.125 8680 0 1 1303 16
87.25 8680 0 1 1303 16
87.375 8680 0 1 1303 16
87.5 8680 0 1 1303 16
87.625 8680 0 1 1303 16
87.75 8680 0 1 1303 16
87.875 8680 0 1 1303 16
88 8680 0 1 1303 16
88.125 8680 0 1 1303 16
88.25 8680 0 1 1303 16
88.375 8680 0 1 1303 16
88.5 8680 0 1 1303 16
88.625 8680 0 1 1303 16
88.75 8680 0 1 1303 16
88.875 8680 0 1 1303 16
89 8680 0 1 1303 16
89.125 8680 0 1 1303 16
89.25 8680 0 1 1303 16
89.375 8680 0 1 1303 16
89.5 8680 0 1 1303 16
89.625 8680 0 1 1303 16
89.75 8680 0 1 1303 16
89.875 8680 0 1 1303 16
90 8680 0 0 1304 16
