t S E I R D
0 9998 0 2 0 0
0.125 9997 1 2 0 0
0.25 9997 1 2 0 0
0.375 9997 1 2 0 0
0.5 9997 1 2 0 0
0.625 9997 1 2 0 0
0.75 9997 1 2 0 0
0.875 9997 1 2 0 0
1 9997 1 2 0 0
1.125 9997 1 2 0 0
1.25 9997 1 2 0 0
1.375 9997 1 2 0 0
1.5 9997 1 2 0 0
1.625 9997 1 2 0 0
1.75 9997 1 2 0 0
1.875 9997 1 2 0 0
2 9997 1 2 0 0
2.125 9996 2 2 0 0
2.25 9996 2 2 0 0
2.375 9996 2 2 0 0
2.5 9996 1 3 0 0
2.625 9996 1 3 0 0
2.75 9996 1 3 0 0
2.875 9996 1 3 0 0
3 9995 2 3 0 0
3.125 9995 2 3 0 0
3.25 9995 2 3 0 0
3.375 9994 3 3 0 0
3.5 9994 3 3 0 0
3.625 9994 3 3 0 0
3.75 9994 3 3 0 0
3.875 9993 4 3 0 0
4 9993 4 3 0 0
4.125 9993 3 4 0 0
4.25 9993 3 3 1 0
4.375 9993 3 3 1 0
4.5 9993 3 3 1 0
4.625 9992 4 3 1 0
4.75 9991 5 3 1 0
4.875 9990 6 3 1 0
5 9990 6 3 1 0
5.125 9990 6 3 1 0
5.25 9989 7 3 1 0
5.375 9989 7 3 1 0
5.5 9989 7 3 1 0
5.625 9989 7 3 1 0
5.75 9989 7 3 1 0
5.875 9989 6 4 1 0
6 9989 6 4 1 0
6.125 9989 6 4 1 0
6.25 9988 7 4 1 0
6.375 9988 7 4 1 0
6.5 9988 7 4 1 0
6.625 9988 7 4 1 0
6.75 9988 7 4 1 0
6.875 9987 8 4 1 0
7 9987 8 4 1 0
7.125 9987 8 4 1 0
7.25 9986 8 5 1 0
7.375 9986 6 7 1 0
7.5 9986 5 8 1 0
7.625 9981 10 8 1 0
7.75 9976 14 9 1 0
7.875 9974 15 10 1 0
8 9966 21 12 1 0
8.125 9954 33 12 1 0
8.25 9945 40 14 1 0
8.375 9942 42 15 1 0
8.5 9936 45 18 1 0
8.625 9929 50 20 1 0
8.75 9918 56 24 2 0
8.875 9913 58 27 2 0
9 9905 60 32 3 0
9.125 9884 77 35 4 0
9.25 9866 91 37 6 0
9.375 9840 108 44 8 0
9.5 9815 119 57 9 0
9.625 9787 142 60 11 0
9.75 9754 167 68 11 0
9.875 9726 187 75 12 0
10 9698 206 83 13 0
10.125 9656 238 92 14 0
10.25 9620 258 107 15 0
10.375 9600 261 121 18 0
10.5 9558 288 135 19 0
10.625 9516 314 150 20 0
10.75 9484 318 174 24 0
10.875 9432 355 185 28 0
11 9397 360 214 29 0
11.125 9343 396 226 35 0
11.25 9296 419 245 40 0
11.375 9250 433 275 42 0
11.5 9205 447 305 43 0
11.625 9157 470 324 49 0
11.75 9111 491 345 53 0
11.875 9058 514 374 54 0
12 9019 512 410 59 0
12.125 8961 541 433 65 0
12.25 8907 575 443 75 0
12.375 8847 606 465 82 0
12.5 8776 638 497 89 0
12.625 8706 668 530 96 0
12.75 8642 692 557 109 0
12.875 8562 732 587 119 0
13 8489 750 629 132 0
13.125 8428 756 663 153 0
13.25 8354 762 724 160 0
13.375 8292 780 758 170 0
13.5 8211 817 780 192 0
13.625 8144 836 815 205 0
13.75 8072 851 857 220 0
13.875 8005 858 897 239 1
14 7930 892 917 260 1
14.125 7854 924 932 289 1
14.25 7784 944 954 317 1
14.375 7712 968 979 340 1
14.5 7636 978 1026 358 2
14.625 7570 983 1063 382 2
14.75 7498 996 1100 404 2
14.875 7417 1016 1127 438 2
15 7349 1033 1160 456 2
15.125 7262 1052 1199 485 2
15.25 7186 1056 1249 507 2
15.375 7111 1065 1297 525 2
15.5 7038 1076 1322 561 3
15.625 6955 1098 1362 582 3
15.75 6879 1117 1399 602 3
15.875 6810 1123 1428 636 3
16 6745 1113 1466 673 3
16.125 6684 1114 1496 703 3
16.25 6614 1100 1550 733 3
16.375 6550 1092 1583 771 4
16.5 6485 1088 1611 811 5
16.625 6407 1091 1658 839 5
16.75 6330 1119 1665 880 6
16.875 6266 1112 1710 906 6
17 6198 1106 1745 945 6
17.125 6144 1079 1783 987 7
17.25 6082 1076 1816 1019 7
17.375 6025 1067 1836 1065 7
17.5 5959 1073 1868 1093 7
17.625 5902 1063 1894 1134 7
17.75 5856 1048 1911 1177 8
17.875 5800 1051 1927 1213 9
18 5746 1032 1965 1247 10
18.125 5692 1012 1991 1295 10
18.25 5624 1008 2023 1334 11
18.375 5576 996 2040 1377 11
18.5 5521 993 2056 1419 11
18.625 5463 989 2077 1460 11
18.75 5404 981 2099 1505 11
18.875 5357 964 2114 1552 13
19 5307 962 2120 1598 13
19.125 5256 954 2123 1654 13
19.25 5193 956 2127 1711 13
19.375 5142 950 2136 1758 14
19.5 5093 939 2152 1802 14
19.625 5041 945 2160 1840 14
19.75 4996 920 2192 1878 14
19.875 4950 908 2193 1934 15
20 4911 889 2207 1978 15
20.125 4864 881 2218 2022 15
20.25 4809 884 2218 2073 16
20.375 4764 873 2232 2115 16
20.5 4722 858 2240 2162 18
20.625 4681 849 2253 2199 18
20.75 4636 837 2282 2227 18
20.875 4590 832 2285 2275 18
21 4547 826 2283 2326 18
21.125 4502 823 2290 2367 18
21.25 4459 817 2304 2400 20
21.375 4419 813 2301 2447 20
21.5 4379 796 2300 2505 20
21.625 4331 786 2312 2551 20
21.75 4292 780 2298 2610 20
21.875 4257 764 2301 2657 21
22 4217 747 2300 2715 21
22.125 4183 726 2292 2778 21
22.25 4140 715 2293 2827 25
22.375 4112 696 2290 2877 25
22.5 4074 698 2255 2944 29
22.625 4048 674 2259 2990 29
22.75 4018 670 2241 3041 30
22.875 3988 651 2232 3097 32
23 3955 641 2221 3150 33
23.125 3927 630 2223 3187 33
23.25 3893 621 2214 3239 33
23.375 3871 599 2213 3284 33
23.5 3842 589 2207 3329 33
23.625 3820 577 2199 3370 34
23.75 3790 567 2189 3419 35
23.875 3763 569 2167 3466 35
24 3738 552 2165 3510 35
24.125 3722 533 2161 3549 35
24.25 3696 518 2148 3603 35
24.375 3674 503 2135 3653 35
24.5 3643 495 2131 3695 36
24.625 3614 493 2106 3751 36
24.75 3593 484 2100 3787 36
24.875 3565 479 2099 3821 36
25 3547 465 2086 3866 36
25.125 3520 458 2076 3910 36
25.25 3490 462 2064 3948 36
25.375 3457 460 2064 3983 36
25.5 3436 460 2044 4024 36
25.625 3412 448 2036 4066 38
25.75 3386 457 2019 4100 38
25.875 3363 456 2002 4141 38
26 3322 471 1994 4175 38
26.125 3300 460 1986 4216 38
26.25 3287 452 1972 4251 38
26.375 3267 444 1966 4285 38
26.5 3244 433 1966 4319 38
26.625 3220 432 1945 4365 38
26.75 3200 426 1938 4398 38
26.875 3183 415 1931 4432 39
27 3162 419 1906 4474 39
27.125 3143 415 1893 4510 39
27.25 3125 415 1871 4549 40
27.375 3102 410 1870 4576 42
27.5 3074 405 1872 4605 44
27.625 3062 390 1854 4649 45
27.75 3049 381 1835 4690 45
27.875 3030 382 1808 4735 45
28 3017 376 1790 4772 45
28.125 3002 363 1777 4813 45
28.25 2984 361 1747 4863 45
28.375 2970 349 1729 4906 46
28.5 2957 345 1708 4943 47
28.625 2946 338 1696 4973 47
28.75 2934 326 1692 4999 49
28.875 2920 320 1678 5033 49
29 2908 313 1665 5064 50
29.125 2896 307 1643 5104 50
29.25 2888 293 1633 5136 50
29.375 2869 294 1613 5174 50
29.5 2853 288 1608 5200 51
29.625 2836 291 1585 5236 52
29.75 2821 290 1568 5268 53
29.875 2809 286 1551 5301 53
30 2797 286 1535 5328 54
30.125 2784 280 1525 5357 54
30.25 2772 274 1512 5388 54
30.375 2760 272 1496 5418 54
30.5 2748 268 1478 5452 54
30.625 2739 254 1470 5483 54
30.75 2720 259 1449 5518 54
30.875 2709 250 1443 5544 54
31 2698 246 1431 5568 57
31.125 2691 231 1425 5595 58
31.25 2685 226 1417 5614 58
31.375 2680 222 1397 5643 58
31.5 2666 218 1391 5667 58
31.625 2659 212 1377 5694 58
31.75 2644 211 1368 5717 60
31.875 2634 206 1352 5748 60
32 2618 214 1327 5781 60
32.125 2605 220 1306 5809 60
32.25 2593 220 1295 5832 60
32.375 2586 214 1281 5859 60
32.5 2574 216 1268 5882 60
32.625 2563 217 1241 5919 60
32.75 2559 213 1225 5943 60
32.875 2554 201 1213 5971 61
33 2545 198 1199 5997 61
33.125 2534 197 1185 6023 61
33.25 2529 189 1172 6048 62
33.375 2522 183 1163 6069 63
33.5 2517 174 1156 6090 63
33.625 2506 176 1139 6116 63
33.75 2496 165 1135 6141 63
33.875 2487 161 1133 6156 63
34 2476 164 1116 6180 64
34.125 2467 161 1098 6210 64
34.25 2464 153 1091 6228 64
34.375 2454 155 1073 6254 64
34.5 2444 151 1068 6273 64
34.625 2440 141 1064 6291 64
34.75 2429 145 1054 6307 65
34.875 2424 142 1036 6333 65
35 2417 141 1015 6362 65
35.125 2407 144 1002 6382 65
35.25 2398 147 983 6407 65
35.375 2391 141 963 6440 65
35.5 2390 131 954 6460 65
35.625 2384 128 942 6481 65
35.75 2378 122 934 6501 65
35.875 2376 116 923 6520 65
36 2367 111 924 6533 65
36.125 2361 111 918 6544 66
36.25 2357 107 906 6563 67
36.375 2347 111 898 6577 67
36.5 2338 112 889 6594 67
36.625 2334 110 877 6611 68
36.75 2331 108 867 6626 68
36.875 2323 108 852 6648 69
37 2318 99 844 6670 69
37.125 2313 96 837 6685 69
37.25 2309 97 819 6706 69
37.375 2302 96 809 6724 69
37.5 2292 98 802 6739 69
37.625 2287 96 793 6755 69
37.75 2282 91 789 6769 69
37.875 2277 93 772 6789 69
38 2273 92 759 6806 70
38.125 2267 89 754 6820 70
38.25 2261 90 740 6839 70
38.375 2257 89 731 6852 71
38.5 2251 89 719 6870 71
38.625 2250 86 708 6885 71
38.75 2246 86 702 6895 71
38.875 2241 87 687 6914 71
39 2237 86 677 6929 71
39.125 2232 87 668 6942 71
39.25 2227 88 661 6953 71
39.375 2225 84 656 6964 71
39.5 2223 80 648 6978 71
39.625 2223 80 630 6995 72
39.75 2222 72 617 7016 73
39.875 2220 73 605 7029 73
40 2219 69 597 7042 73
40.125 2218 63 593 7053 73
40.25 2217 60 583 7067 73
40.375 2217 57 573 7080 73
40.5 2213 59 564 7091 73
40.625 2212 59 555 7101 73
40.75 2209 59 545 7114 73
40.875 2207 58 536 7126 73
41 2204 57 528 7138 73
41.125 2200 60 515 7152 73
41.25 2196 62 503 7166 73
41.375 2190 65 493 7179 73
41.5 2185 65 486 7191 73
41.625 2182 66 479 7200 73
41.75 2181 63 474 7209 73
41.875 2180 60 466 7221 73
42 2179 57 459 7232 73
42.125 2177 56 451 7243 73
42.25 2176 52 450 7249 73
42.375 2173 52 442 7260 73
42.5 2171 52 432 7272 73
42.625 2168 51 428 7280 73
42.75 2167 49 424 7287 73
42.875 2163 52 416 7296 73
43 2161 50 408 7308 73
43.125 2160 47 400 7320 73
43.25 2159 47 394 7327 73
43.375 2156 47 388 7336 73
43.5 2153 47 382 7345 73
43.625 2151 47 373 7356 73
43.75 2149 45 371 7362 73
43.875 2149 40 368 7370 73
44 2148 38 369 7372 73
44.125 2147 36 362 7382 73
44.25 2144 36 360 7387 73
44.375 2140 38 353 7396 73
44.5 2136 41 346 7404 73
44.625 2134 42 337 7414 73
44.75 2131 42 334 7420 73
44.875 2131 40 326 7430 73
45 2129 39 324 7435 73
45.125 2127 40 317 7443 73
45.25 2126 40 310 7451 73
45.375 2126 37 307 7457 73
45.5 2125 37 303 7462 73
45.625 2124 37 295 7471 73
45.75 2121 39 291 7476 73
45.875 2121 37 286 7483 73
46 2119 37 280 7491 73
46.125 2118 36 279 7494 73
46.25 2118 32 274 7503 73
46.375 2116 32 271 7507 74
46.5 2115 32 261 7518 74
46.625 2113 30 261 7522 74
46.75 2111 32 257 7526 74
46.875 2111 30 254 7531 74
47 2111 29 245 7541 74
47.125 2108 30 244 7543 75
47.25 2108 28 244 7545 75
47.375 2105 29 239 7552 75
47.5 2104 30 232 7559 75
47.625 2102 30 230 7563 75
47.75 2102 28 230 7565 75
47.875 2101 26 232 7566 75
48 2099 28 229 7569 75
48.125 2098 29 226 7572 75
48.25 2098 24 226 7577 75
48.375 2098 21 228 7578 75
48.5 2097 21 223 7584 75
48.625 2096 20 220 7589 75
48.75 2094 21 216 7594 75
48.875 2092 22 211 7600 75
49 2090 24 206 7605 75
49.125 2090 24 203 7608 75
49.25 2090 23 197 7615 75
49.375 2090 21 197 7617 75
49.5 2088 21 196 7620 75
49.625 2087 22 194 7622 75
49.75 2085 23 192 7625 75
49.875 2083 22 193 7627 75
50 2082 22 189 7632 75
50.125 2081 21 188 7635 75
50.25 2081 20 184 7640 75
50.375 2081 19 178 7647 75
50.5 2081 19 173 7652 75
50.625 2080 18 175 7652 75
50.75 2080 16 173 7656 75
50.875 2079 16 169 7661 75
51 2079 16 167 7663 75
51.125 2078 16 163 7668 75
51.25 2076 17 161 7671 75
51.375 2076 14 161 7674 75
51.5 2073 16 158 7678 75
51.625 2072 16 153 7684 75
51.75 2071 17 152 7685 75
51.875 2071 14 150 7690 75
52 2071 14 141 7699 75
52.125 2070 15 138 7702 75
52.25 2070 15 133 7707 75
52.375 2070 14 129 7712 75
52.5 2070 14 127 7714 75
52.625 2070 11 129 7715 75
52.75 2070 11 128 7716 75
52.875 2070 11 128 7716 75
53 2070 11 127 7717 75
53.125 2070 9 127 7719 75
53.25 2068 11 124 7722 75
53.375 2067 11 121 7726 75
53.5 2067 11 116 7731 75
53.625 2065 12 115 7733 75
53.75 2065 11 115 7734 75
53.875 2065 11 111 7738 75
54 2065 9 110 7741 75
54.125 2064 10 110 7741 75
54.25 2064 9 111 7741 75
54.375 2063 8 112 7742 75
54.5 2063 8 111 7743 75
54.625 2061 10 108 7746 75
54.75 2061 10 105 7749 75
54.875 2060 10 102 7753 75
55 2060 9 101 7755 75
55.125 2060 9 99 7757 75
55.25 2060 9 98 7758 75
55.375 2059 10 94 7762 75
55.5 2059 10 94 7762 75
55.625 2059 9 93 7764 75
55.75 2059 9 90 7767 75
55.875 2058 8 90 7768 76
56 2058 7 89 7770 76
56.125 2058 7 88 7771 76
56.25 2058 6 85 7775 76
56.375 2058 5 85 7776 76
56.5 2057 6 83 7778 76
56.625 2055 8 81 7780 76
56.75 2054 9 81 7780 76
56.875 2054 9 79 7782 76
57 2054 8 77 7785 76
57.125 2054 7 76 7787 76
57.25 2054 7 75 7788 76
57.375 2054 7 74 7789 76
57.5 2054 6 74 7790 76
57.625 2054 6 69 7795 76
57.75 2054 4 70 7796 76
57.875 2054 3 70 7797 76
58 2054 2 70 7798 76
58.125 2054 1 68 7801 76
58.25 2054 1 67 7802 76
58.375 2053 2 66 7803 76
58.5 2052 3 64 7805 76
58.625 2052 3 63 7806 76
58.75 2052 3 61 7808 76
58.875 2052 3 60 7809 76
59 2052 3 60 7809 76
59.125 2052 3 59 7810 76
59.25 2052 2 59 7811 76
59.375 2052 2 56 7814 76
59.5 2052 2 55 7815 76
59.625 2051 3 54 7816 76
59.75 2051 3 54 7816 76
59.875 2050 3 51 7820 76
60 2050 3 51 7820 76
60.125 2050 3 49 7822 76
60.25 2050 3 47 7824 76
60.375 2050 3 46 7825 76
60.5 2050 2 44 7828 76
60.625 2050 2 43 7829 76
60.75 2050 2 43 7829 76
60.875 2050 2 42 7830 76
61 2050 2 42 7830 76
61.125 2050 2 41 7831 76
61.25 2049 3 38 7834 76
61.375 2049 3 37 7835 76
61.5 2049 3 35 7836 77
61.625 2049 2 35 7837 77
61.75 2049 2 35 7837 77
61.875 2049 1 36 7837 77
62 2049 1 35 7838 77
62.125 2049 1 35 7838 77
62.25 2048 2 32 7841 77
62.375 2048 2 31 7842 77
62.5 2048 2 31 7842 77
62.625 2048 2 29 7844 77
62.75 2048 2 28 7845 77
62.875 2048 1 29 7845 77
63 2048 1 29 7845 77
63.125 2048 1 28 7846 77
63.25 2048 1 27 7847 77
63.375 2048 1 27 7847 77
63.5 2048 1 27 7847 77
63.625 2048 1 26 7848 77
63.75 2048 1 26 7848 77
63.875 2048 1 26 7848 77
64 2048 1 26 7848 77
64.125 2048 1 26 7848 77
64.25 2048 1 25 7849 77
64.375 2048 1 25 7849 77
64.5 2048 1 24 7850 77
64.625 2048 1 24 7850 77
64.75 2048 1 24 7850 77
64.875 2048 0 24 7851 77
65 2048 0 24 7851 77
65.125 2048 0 23 7852 77
65.25 2048 0 21 7854 77
65.375 2048 0 21 7854 77
65.5 2048 0 21 7854 77
65.625 2048 0 21 7854 77
65.75 2048 0 21 7854 77
65.875 2048 0 21 7854 77
66 2048 0 21 7854 77
66.125 2047 1 21 7854 77
66.25 2047 1 20 7855 77
66.375 2047 1 20 7855 77
66.5 2047 1 20 7855 77
66.625 2047 0 18 7858 77
66.75 2047 0 18 7858 77
66.875 2047 0 18 7858 77
67 2047 0 18 7858 77
67.125 2047 0 18 7858 77
67.25 2047 0 18 7858 77
67.375 2047 0 18 7858 77
67.5 2047 0 18 7858 77
67.625 2047 0 18 7858 77
67.75 2047 0 18 7858 77
67.875 2047 0 17 7859 77
68 2047 0 17 7859 77
68.125 2047 0 17 7859 77
68.25 2047 0 16 7860 77
68.375 2047 0 16 7860 77
68.5 2047 0 15 7861 77
68.625 2047 0 14 7862 77
68.75 2047 0 13 7863 77
68.875 2047 0 13 7863 77
69 2047 0 13 7863 77
69.125 2047 0 12 7864 77
69.25 2047 0 12 7864 77
69.375 2047 0 12 7864 77
69.5 2047 0 12 7864 77
69.625 2047 0 12 7864 77
69.75 2047 0 12 7864 77
69.875 2047 0 12 7864 77
70 2047 0 11 7865 77
70.125 2047 0 11 7865 77
70.25 2047 0 11 7865 77
70.375 2047 0 10 7866 77
70.5 2047 0 9 7867 77
70.625 2047 0 9 7867 77
70.75 2047 0 9 7867 77
70.875 2047 0 8 7868 77
71 2047 0 7 7869 77
71.125 2047 0 7 7869 77
71.25 2047 0 7 7869 77
71.375 2047 0 7 7869 77
71.5 2047 0 6 7870 77
71.625 2047 0 6 7870 77
71.75 2047 0 6 7870 77
71.875 2047 0 6 7870 77
72 2047 0 6 7870 77
72.125 2047 0 6 7870 77
72.25 2047 0 6 7870 77
72.375 2047 0 6 7870 77
72.5 2047 0 6 7870 77
72.625 2047 0 6 7870 77
72.75 2047 0 6 7870 77
72.875 2047 0 6 7870 77
73 2047 0 6 7870 77
73.125 2047 0 5 7871 77
73.25 2047 0 5 7871 77
73.375 2047 0 5 7871 77
73.5 2047 0 5 7871 77
73.625 2047 0 5 7871 77
73.75 2047 0 5 7871 77
73.875 2047 0 5 7871 77
74 2047 0 5 7871 77
74.125 2047 0 5 7871 77
74.25 2047 0 5 7871 77
74.375 2047 0 5 7871 77
74.5 2047 0 5 7871 77
74.625 2047 0 5 7871 77
74.75 2047 0 4 7872 77
74.875 2047 0 4 7872 77
75 2047 0 3 7873 77
75.125 2047 0 3 7873 77
75.25 2047 0 2 7874 77
75.375 2047 0 2 7874 77
75.5 2047 0 2 7874 77
75.625 2047 0 2 7874 77
75.75 2047 0 2 7874 77
75.875 2047 0 2 7874 77
76 2047 0 2 7874 77
76.125 2047 0 2 7874 77
76.25 2047 0 2 7874 77
76.375 2047 0 2 7874 77
76.5 2047 0 2 7874 77
76.625 2047 0 2 7874 77
76.75 2047 0 1 7875 77
76.875 2047 0 1 7875 77
77 2047 0 1 7875 77
77.125 2047 0 1 7875 77
77.25 2047 0 1 7875 77
77.375 2047 0 1 7875 77
77.5 2047 0 1 7875 77
77.625 2047 0 1 7875 77
77.75 2047 0 1 7875 77
77.875 2047 0 1 7875 77
78 2047 0 1 7875 77
78.125 2047 0 1 7875 77
78.25 2047 0 1 7875 77
78.375 2047 0 1 7875 77
78.5 2047 0 1 7875 77
78.625 2047 0 1 7875 77
78.75 2047 0 1 7875 77
78.875 2047 0 1 7875 77
79 2047 0 1 7875 77
79.125 2047 0 1 7875 77
79.25 2047 0 1 7875 77
79.375 2047 0 1 7875 77
79.5 2047 0 0 7876 77
