t S E I R D
0 9998 0 2 0 0
0.125 9998 0 2 0 0
0.25 9998 0 2 0 0
0.375 9998 0 2 0 0
0.5 9998 0 2 0 0
0.625 9998 0 1 1 0
0.75 9998 0 1 1 0
0.875 9998 0 1 1 0
1 9998 0 1 1 0
1.125 9998 0 1 1 0
1.25 9998 0 1 1 0
1.375 9998 0 1 1 0
1.5 9998 0 1 1 0
1.625 9997 1 1 1 0
1.75 9997 0 2 1 0
1.875 9997 0 1 2 0
2 9997 0 1 2 0
2.125 9997 0 1 2 0
2.25 9997 0 1 2 0
2.375 9997 0 1 2 0
2.5 9997 0 1 2 0
2.625 9997 0 1 2 0
2.75 9997 0 1 2 0
2.875 9997 0 1 2 0
3 9997 0 1 2 0
3.125 9997 0 1 2 0
3.25 9997 0 1 2 0
3.375 9997 0 1 2 0
3.5 9997 0 1 2 0
3.625 9997 0 1 2 0
3.75 9997 0 1 2 0
3.875 9997 0 1 2 0
4 9997 0 1 2 0
4.125 9997 0 1 2 0
4.25 9997 0 1 2 0
4.375 9997 0 1 2 0
4.5 9997 0 1 2 0
4.625 9997 0 1 2 0
4.75 9997 0 1 2 0
4.875 9997 0 1 2 0
5 9997 0 1 2 0
5.125 9997 0 1 2 0
5.25 9997 0 1 2 0
5.375 9997 0 1 2 0
5.5 9997 0 1 2 0
5.625 9996 1 1 2 0
5.75 9996 1 1 2 0
5.875 9996 1 1 2 0
6 9996 1 1 2 0
6.125 9996 1 1 2 0
6.25 9996 1 1 2 0
6.375 9996 1 1 2 0
6.5 9995 2 1 2 0
6.625 9995 2 1 2 0
6.75 9995 2 1 2 0
6.875 9995 2 1 2 0
7 9995 2 1 2 0
7.125 9995 2 1 2 0
7.25 9995 2 0 3 0
7.375 9995 2 0 3 0
7.5 9995 2 0 3 0
7.625 9995 2 0 3 0
7.75 9995 1 1 3 0
7.875 9995 1 1 3 0
8 9995 1 1 3 0
8.125 9995 1 1 3 0
8.25 9995 1 1 3 0
8.375 9995 1 1 3 0
8.5 9995 1 1 3 0
8.625 9995 1 1 3 0
8.75 9995 1 1 3 0
8.875 9995 1 1 3 0
9 9995 1 1 3 0
9.125 9995 0 2 3 0
9.25 9995 0 2 3 0
9.375 9995 0 2 3 0
9.5 9995 0 2 3 0
9.625 9995 0 2 3 0
9.75 9995 0 2 3 0
9.875 9994 1 2 3 0
10 9994 1 2 3 0
10.125 9994 1 2 3 0
10.25 9993 2 2 3 0
10.375 9993 2 2 3 0
10.5 9993 2 2 3 0
10.625 9993 2 2 3 0
10.75 9993 2 2 3 0
10.875 9993 2 2 3 0
11 9993 2 2 3 0
11.125 9993 2 2 3 0
11.25 9993 1 2 4 0
11.375 9993 1 2 4 0
11.5 9993 1 2 4 0
11.625 9993 1 2 4 0
11.75 9993 1 2 4 0
11.875 9991 3 2 4 0
12 9991 2 3 4 0
12.125 9991 2 3 4 0
12.25 9990 3 3 4 0
12.375 9990 3 3 4 0
12.5 9990 3 3 4 0
12.625 9990 3 3 4 0
12.75 9990 3 3 4 0
12.875 9990 3 3 4 0
13 9989 4 3 4 0
13.125 9989 4 3 4 0
13.25 9988 4 4 4 0
13.375 9988 4 4 4 0
13.5 9988 4 4 4 0
13.625 9988 3 4 5 0
13.75 9988 3 3 6 0
13.875 9988 3 3 6 0
14 9988 3 3 6 0
14.125 9988 2 4 6 0
14.25 9979 11 4 6 0
14.375 9969 21 4 6 0
14.5 9956 33 5 6 0
14.625 9945 40 9 6 0
14.75 9936 49 8 7 0
14.875 9925 56 12 7 0
15 9916 61 15 8 0
15.125 9905 69 17 9 0
15.25 9894 76 20 10 0
15.375 9885 82 23 10 0
15.5 9866 93 31 10 0
15.625 9852 102 35 11 0
15.75 9842 106 41 11 0
15.875 9834 106 49 11 0
16 9819 115 54 12 0
16.125 9805 124 57 14 0
16.25 9786 139 58 17 0
16.375 9772 148 63 17 0
16.5 9749 163 70 18 0
16.625 9729 172 81 18 0
16.75 9709 187 86 18 0
16.875 9686 199 97 18 0
17 9665 207 107 21 0
17.125 9647 214 117 22 0
17.25 9621 232 123 24 0
17.375 9597 241 138 24 0
17.5 9565 256 152 27 0
17.625 9540 263 168 29 0
17.75 9500 285 184 31 0
17.875 9455 310 200 35 0
18 9406 340 218 36 0
18.125 9368 355 239 38 0
18.25 9325 382 250 43 0
18.375 9277 404 269 50 0
18.5 9213 441 285 61 0
18.625 9153 476 303 68 0
18.75 9087 510 322 81 0
18.875 9039 519 350 92 0
19 8990 537 375 98 0
19.125 8911 586 399 104 0
19.25 8864 610 414 112 0
19.375 8811 622 447 119 1
19.5 8804 577 491 127 1
19.625 8792 550 521 136 1
19.75 8780 524 549 146 1
19.875 8772 506 561 160 1
20 8767 465 598 169 1
20.125 8759 441 619 180 1
20.25 8746 429 631 193 1
20.375 8732 413 643 211 1
20.5 8716 401 661 220 2
20.625 8705 394 661 238 2
20.75 8700 381 665 251 3
20.875 8698 356 674 269 3
21 8695 340 683 279 3
21.125 8688 321 696 292 3
21.25 8681 311 698 307 3
21.375 8674 299 702 322 3
21.5 8671 287 706 333 3
21.625 8668 267 708 354 3
21.75 8666 253 711 367 3
21.875 8658 245 709 385 3
22 8656 229 716 396 3
22.125 8654 218 713 412 3
22.25 8648 209 708 432 3
22.375 8644 196 703 454 3
22.5 8639 186 703 469 3
22.625 8635 178 703 481 3
22.75 8631 174 698 494 3
22.875 8620 173 699 505 3
23 8614 169 690 523 4
23.125 8609 160 688 539 4
23.25 8606 152 689 549 4
23.375 8600 148 683 564 5
23.5 8597 141 682 575 5
23.625 8596 135 669 595 5
23.75 8594 126 670 605 5
23.875 8592 118 665 620 5
24 8588 119 658 630 5
24.125 8586 114 654 641 5
24.25 8585 108 653 649 5
24.375 8584 101 650 660 5
24.5 8580 103 640 672 5
24.625 8577 103 630 685 5
24.75 8574 101 627 693 5
24.875 8572 98 615 710 5
25 8569 96 605 725 5
25.125 8569 90 600 736 5
25.25 8568 83 594 750 5
25.375 8567 79 582 767 5
25.5 8561 77 578 779 5
25.625 8560 74 567 794 5
25.75 8559 70 561 805 5
25.875 8559 65 556 815 5
26 8557 64 547 827 5
26.125 8555 59 540 840 6
26.25 8555 54 538 847 6
26.375 8552 53 530 859 6
26.5 8551 53 521 868 7
26.625 8550 54 508 881 7
26.75 8550 47 504 892 7
26.875 8550 44 495 902 9
27 8549 43 486 912 10
27.125 8548 40 480 922 10
27.25 8547 39 469 935 10
27.375 8546 39 457 948 10
27.5 8545 37 452 956 10
27.625 8545 32 446 967 10
27.75 8545 31 441 973 10
27.875 8544 28 440 978 10
28 8544 28 430 988 10
28.125 8544 28 424 994 10
28.25 8544 26 414 1006 10
28.375 8544 23 407 1016 10
28.5 8544 18 400 1028 10
28.625 8543 18 391 1038 10
28.75 8543 15 387 1045 10
28.875 8543 15 379 1052 11
29 8543 15 372 1059 11
29.125 8543 15 361 1070 11
29.25 8542 15 351 1081 11
29.375 8541 15 339 1094 11
29.5 8539 15 333 1101 12
29.625 8539 14 328 1107 12
29.75 8539 13 326 1109 13
29.875 8539 13 319 1116 13
30 8539 12 319 1117 13
30.125 8538 13 312 1124 13
30.25 8538 11 308 1130 13
30.375 8538 11 304 1134 13
30.5 8538 11 297 1141 13
30.625 8538 11 289 1149 13
30.75 8538 10 279 1160 13
30.875 8538 9 273 1167 13
31 8538 9 268 1171 14
31.125 8538 9 260 1179 14
31.25 8538 9 256 1183 14
31.375 8538 7 250 1191 14
31.5 8538 7 246 1195 14
31.625 8538 7 239 1202 14
31.75 8538 7 233 1208 14
31.875 8537 7 228 1214 14
32 8537 6 223 1220 14
32.125 8537 5 220 1224 14
32.25 8536 6 214 1230 14
32.375 8535 7 206 1238 14
32.5 8534 7 201 1244 14
32.625 8534 7 200 1245 14
32.75 8534 7 196 1249 14
32.875 8533 8 190 1255 14
33 8532 9 181 1264 14
33.125 8532 9 179 1266 14
33.25 8532 7 177 1270 14
33.375 8532 7 176 1271 14
33.5 8532 6 172 1276 14
33.625 8532 6 170 1278 14
33.75 8532 6 168 1280 14
33.875 8532 6 165 1283 14
34 8532 5 165 1284 14
34.125 8532 5 160 1289 14
34.25 8532 4 159 1291 14
34.375 8532 4 158 1292 14
34.5 8532 4 156 1294 14
34.625 8532 4 153 1297 14
34.75 8532 4 152 1298 14
34.875 8532 4 149 1300 15
35 8532 4 146 1303 15
35.125 8532 3 142 1308 15
35.25 8532 2 139 1312 15
35.375 8532 2 137 1314 15
35.5 8532 2 136 1315 15
35.625 8531 3 132 1319 15
35.75 8531 3 131 1320 15
35.875 8531 3 129 1322 15
36 8531 3 127 1324 15
36.125 8531 2 125 1327 15
36.25 8531 2 120 1332 15
36.375 8531 2 120 1332 15
36.5 8531 2 119 1333 15
36.625 8531 2 117 1335 15
36.75 8531 2 115 1337 15
36.875 8531 2 112 1340 15
37 8531 2 111 1341 15
37.125 8531 2 109 1343 15
37.25 8531 2 104 1348 15
37.375 8531 2 101 1351 15
37.5 8531 2 95 1357 15
37.625 8531 1 96 1357 15
37.75 8531 1 94 1359 15
37.875 8531 1 94 1359 15
38 8531 1 94 1359 15
38.125 8531 1 91 1362 15
38.25 8530 1 91 1363 15
38.375 8530 1 87 1367 15
38.5 8530 1 84 1370 15
38.625 8530 1 83 1371 15
38.75 8530 1 82 1372 15
38.875 8530 1 81 1373 15
39 8529 2 78 1376 15
39.125 8529 1 78 1377 15
39.25 8529 1 76 1379 15
39.375 8529 1 76 1379 15
39.5 8529 1 74 1381 15
39.625 8529 1 74 1381 15
39.75 8529 1 70 1385 15
39.875 8529 1 68 1387 15
40 8529 1 68 1387 15
40.125 8529 1 67 1388 15
40.25 8529 1 64 1391 15
40.375 8529 1 62 1393 15
40.5 8529 1 60 1395 15
40.625 8529 1 59 1396 15
40.75 8529 1 59 1396 15
40.875 8529 1 57 1398 15
41 8529 1 55 1400 15
41.125 8529 1 53 1402 15
41.25 8529 1 52 1403 15
41.375 8529 1 50 1405 15
41.5 8529 0 51 1405 15
41.625 8529 0 50 1406 15
41.75 8529 0 48 1408 15
41.875 8529 0 48 1408 15
42 8529 0 46 1410 15
42.125 8529 0 46 1410 15
42.25 8529 0 44 1412 15
42.375 8529 0 43 1413 15
42.5 8529 0 42 1414 15
42.625 8529 0 38 1418 15
42.75 8529 0 37 1419 15
42.875 8529 0 37 1419 15
43 8529 0 35 1421 15
43.125 8529 0 35 1421 15
43.25 8529 0 32 1424 15
43.375 8529 0 30 1426 15
43.5 8529 0 30 1426 15
43.625 8529 0 28 1428 15
43.75 8529 0 27 1429 15
43.875 8529 0 27 1429 15
44 8529 0 26 1430 15
44.125 8529 0 25 1431 15
44.25 8529 0 25 1431 15
44.375 8529 0 25 1431 15
44.5 8529 0 25 1431 15
44.625 8529 0 25 1431 15
44.75 8529 0 25 1431 15
44.875 8529 0 25 1431 15
45 8529 0 25 1431 15
45.125 8529 0 25 1431 15
45.25 8529 0 25 1431 15
45.375 8529 0 25 1431 15
45.5 8529 0 25 1431 15
45.625 8529 0 24 1432 15
45.75 8529 0 24 1432 15
45.875 8529 0 24 1432 15
46 8529 0 24 1432 15
46.125 8529 0 23 1433 15
46.25 8529 0 23 1433 15
46.375 8529 0 23 1433 15
46.5 8529 0 21 1435 15
46.625 8529 0 20 1436 15
46.75 8529 0 20 1436 15
46.875 8529 0 20 1436 15
47 8529 0 18 1438 15
47.125 8529 0 17 1439 15
47.25 8529 0 15 1441 15
47.375 8529 0 14 1442 15
47.5 8529 0 13 1443 15
47.625 8529 0 13 1443 15
47.75 8529 0 13 1443 15
47.875 8529 0 13 1443 15
48 8529 0 13 1443 15
48.125 8529 0 11 1445 15
48.25 8529 0 11 1445 15
48.375 8529 0 10 1446 15
48.5 8529 0 10 1446 15
48.625 8529 0 9 1447 15
48.75 8529 0 8 1448 15
48.875 8529 0 8 1448 15
49 8529 0 8 1448 15
49.125 8529 0 7 1449 15
49.25 8529 0 7 1449 15
49.375 8529 0 7 1449 15
49.5 8529 0 7 1449 15
49.625 8529 0 7 1449 15
49.75 8529 0 6 1450 15
49.875 8529 0 6 1450 15
50 8529 0 6 1450 15
50.125 8529 0 6 1450 15
50.25 8529 0 6 1450 15
50.375 8529 0 6 1450 15
50.5 8529 0 6 1450 15
50.625 8529 0 5 1451 15
50.75 8529 0 5 1451 15
50.875 8529 0 5 1451 15
51 8529 0 5 1451 15
51.125 8529 0 5 1451 15
51.25 8529 0 5 1451 15
51.375 8529 0 5 1451 15
51.5 8529 0 5 1451 15
51.625 8529 0 5 1451 15
51.75 8529 0 5 1451 15
51.875 8529 0 4 1452 15
52 8529 0 4 1452 15
52.125 8529 0 4 1452 15
52.25 8529 0 4 1452 15
52.375 8529 0 4 1452 15
52.5 8529 0 4 1452 15
52.625 8529 0 4 1452 15
52.75 8529 0 4 1452 15
52.875 8529 0 4 1452 15
53 8529 0 4 1452 15
53.125 8529 0 4 1452 15
53.25 8529 0 4 1452 15
53.375 8529 0 4 1452 15
53.5 8529 0 4 1452 15
53.625 8529 0 4 1452 15
53.75 8529 0 3 1453 15
53.875 8529 0 3 1453 15
54 8529 0 3 1453 15
54.125 8529 0 3 1453 15
54.25 8529 0 3 1453 15
54.375 8529 0 3 1453 15
54.5 8529 0 3 1453 15
54.625 8529 0 3 1453 15
54.75 8529 0 3 1453 15
54.875 8529 0 3 1453 15
55 8529 0 3 1453 15
55.125 8529 0 3 1453 15
55.25 8529 0 3 1453 15
55.375 8529 0 3 1453 15
55.5 8529 0 3 1453 15
55.625 8529 0 3 1453 15
55.75 8529 0 3 1453 15
55.875 8529 0 3 1453 15
56 8529 0 3 1453 15
56.125 8529 0 3 1453 15
56.25 8529 0 3 1453 15
56.375 8529 0 2 1454 15
56.5 8529 0 2 1454 15
56.625 8529 0 2 1454 15
56.75 8529 0 2 1454 15
56.875 8529 0 2 1454 15
57 8529 0 2 1454 15
57.125 8529 0 2 1454 15
57.25 8529 0 2 1454 15
57.375 8529 0 2 1454 15
57.5 8529 0 2 1454 15
57.625 8529 0 2 1454 15
57.75 8529 0 2 1454 15
57.875 8529 0 2 1454 15
58 8529 0 2 1454 15
58.125 8529 0 2 1454 15
58.25 8529 0 2 1454 15
58.375 8529 0 2 1454 15
58.5 8529 0 2 1454 15
58.625 8529 0 2 1454 15
58.75 8529 0 2 1454 15
58.875 8529 0 2 1454 15
59 8529 0 1 1455 15
59.125 8529 0 1 1455 15
59.25 8529 0 1 1455 15
59.375 8529 0 1 1455 15
59.5 8529 0 1 1455 15
59.625 8529 0 1 1455 15
59.75 8529 0 1 1455 15
59.875 8529 0 1 1455 15
60 8529 0 1 1455 15
60.125 8529 0 1 1455 15
60.25 8529 0 1 1455 15
60.375 8529 0 1 1455 15
60.5 8529 0 1 1455 15
60.625 8529 0 1 1455 15
60.75 8529 0 1 1455 15
60.875 8529 0 1 1455 15
61 8529 0 1 1455 15
61.125 8529 0 1 1455 15
61.25 8529 0 1 1455 15
61.375 8529 0 1 1455 15
61.5 8529 0 1 1455 15
61.625 8529 0 1 1455 15
61.75 8529 0 1 1455 15
61.875 8529 0 1 1455 15
62 8529 0 1 1455 15
62.125 8529 0 1 1455 15
62.25 8529 0 1 1455 15
62.375 8529 0 1 1455 15
62.5 8529 0 1 1455 15
62.625 8529 0 1 1455 15
62.75 8529 0 1 1455 15
62.875 8529 0 1 1455 15
63 8529 0 1 1455 15
63.125 8529 0 1 1455 15
63.25 8529 0 1 1455 15
63.375 8529 0 1 1455 15
63.5 8529 0 1 1455 15
63.625 8529 0 1 1455 15
63.75 8529 0 1 1455 15
63.875 8529 0 1 1455 15
64 8529 0 1 1455 15
64.125 8529 0 1 1455 15
64.25 8529 0 1 1455 15
64.375 8529 0 1 1455 15
64.5 8529 0 1 1455 15
64.625 8529 0 1 1455 15
64.75 8529 0 1 1455 15
64.875 8529 0 1 1455 15
65 8529 0 1 1455 15
65.125 8529 0 1 1455 15
65.25 8529 0 1 1455 15
65.375 8529 0 1 1455 15
65.5 8529 0 1 1455 15
65.625 8529 0 1 1455 15
65.75 8529 0 1 1455 15
65.875 8529 0 1 1455 15
66 8529 0 1 1455 15
66.125 8529 0 1 1455 15
66.25 8529 0 1 1455 15
66.375 8529 0 1 1455 15
66.5 8529 0 1 1455 15
66.625 8529 0 0 1456 15
