t S E I R D
0 9999 0 1 0 0
0.125 9999 0 1 0 0
0.25 9999 0 1 0 0
0.375 9999 0 1 0 0
0.5 9999 0 1 0 0
0.625 9999 0 1 0 0
0.75 9999 0 1 0 0
0.875 9999 0 1 0 0
1 9999 0 1 0 0
1.125 9999 0 1 0 0
1.25 9999 0 1 0 0
1.375 9999 0 1 0 0
1.5 9999 0 1 0 0
1.625 9999 0 1 0 0
1.75 9998 1 1 0 0
1.875 9998 1 1 0 0
2 9998 1 1 0 0
2.125 9998 1 1 0 0
2.25 9998 1 1 0 0
2.375 9998 1 1 0 0
2.5 9998 1 1 0 0
2.625 9998 1 1 0 0
2.75 9998 1 1 0 0
2.875 9998 1 1 0 0
3 9998 1 1 0 0
3.125 9998 1 1 0 0
3.25 9998 1 1 0 0
3.375 9998 1 1 0 0
3.5 9998 1 1 0 0
3.625 9998 1 1 0 0
3.75 9998 1 1 0 0
3.875 9998 1 1 0 0
4 9998 1 1 0 0
4.125 9998 1 1 0 0
4.25 9998 1 1 0 0
4.375 9998 1 1 0 0
4.5 9998 1 1 0 0
4.625 9998 1 1 0 0
4.75 9998 1 1 0 0
4.875 9997 2 1 0 0
5 9997 1 2 0 0
5.125 9997 1 2 0 0
5.25 9997 1 2 0 0
5.375 9997 1 2 0 0
5.5 9997 1 2 0 0
5.625 9997 1 2 0 0
5.75 9996 2 2 0 0
5.875 9996 2 2 0 0
6 9996 0 4 0 0
6.125 9992 4 4 0 0
6.25 9990 6 4 0 0
6.375 9988 8 4 0 0
6.5 9988 8 4 0 0
6.625 9986 9 5 0 0
6.75 9984 11 5 0 0
6.875 9983 12 5 0 0
7 9978 17 5 0 0
7.125 9977 18 5 0 0
7.25 9975 20 5 0 0
7.375 9974 20 6 0 0
7.5 9974 19 7 0 0
7.625 9973 19 7 1 0
7.75 9966 26 7 1 0
7.875 9958 33 7 2 0
8 9954 32 12 2 0
8.125 9951 33 13 3 0
8.25 9946 35 16 3 0
8.375 9936 44 17 3 0
8.5 9931 48 17 4 0
8.625 9924 50 22 4 0
8.75 9916 55 24 5 0
8.875 9906 61 28 5 0
9 9898 65 32 5 0
9.125 9894 64 37 5 0
9.25 9886 67 42 5 0
9.375 9878 72 45 5 0
9.5 9871 75 48 5 1
9.625 9864 79 51 5 1
9.75 9855 86 52 6 1
9.875 9849 85 59 6 1
10 9840 90 63 6 1
10.125 9831 93 69 6 1
10.25 9822 97 71 9 1
10.375 9811 103 73 12 1
10.5 9799 106 78 16 1
10.625 9783 113 87 16 1
10.75 9775 112 94 18 1
10.875 9767 113 100 19 1
11 9745 129 105 20 1
11.125 9730 137 109 23 1
11.25 9725 134 114 26 1
11.375 9710 136 123 30 1
11.5 9698 139 132 30 1
11.625 9676 155 133 35 1
11.75 9655 166 139 39 1
11.875 9632 178 145 44 1
12 9604 196 150 49 1
12.125 9577 215 155 52 1
12.25 9548 227 168 56 1
12.375 9513 249 177 59 2
12.5 9487 261 189 61 2
12.625 9464 266 204 64 2
12.75 9437 273 221 67 2
12.875 9405 285 236 72 2
13 9378 290 254 76 2
13.125 9331 313 273 81 2
13.25 9294 329 284 90 3
13.375 9261 334 309 93 3
13.5 9224 350 322 100 4
13.625 9187 362 340 107 4
13.75 9141 386 359 110 4
13.875 9097 404 377 118 4
14 9047 427 393 129 4
14.125 8998 451 402 145 4
14.25 8945 472 424 155 4
14.375 8903 486 441 166 4
14.5 8853 499 468 176 4
14.625 8793 517 497 189 4
14.75 8762 521 514 199 4
14.875 8711 543 533 209 4
15 8656 567 561 212 4
15.125 8597 592 587 219 5
15.25 8541 613 605 236 5
15.375 8496 624 622 252 6
15.5 8440 629 660 265 6
15.625 8364 665 685 280 6
15.75 8308 679 712 294 7
15.875 8225 713 747 307 8
16 8161 739 770 322 8
16.125 8087 763 796 346 8
16.25 8034 772 826 360 8
16.375 7949 806 863 374 8
16.5 7892 801 905 394 8
16.625 7824 823 925 420 8
16.75 7749 838 964 441 8
16.875 7672 861 994 465 8
17 7593 899 1011 488 9
17.125 7542 892 1053 504 9
17.25 7489 887 1082 531 11
17.375 7412 906 1114 556 12
17.5 7343 918 1148 579 12
17.625 7275 928 1172 612 13
17.75 7212 940 1197 638 13
17.875 7145 946 1237 659 13
18 7063 978 1261 685 13
18.125 6993 978 1300 716 13
18.25 6923 993 1335 736 13
18.375 6842 1005 1368 771 14
18.5 6754 1026 1408 798 14
18.625 6684 1028 1448 826 14
18.75 6609 1046 1476 855 14
18.875 6532 1056 1504 894 14
19 6479 1020 1565 922 14
19.125 6419 1016 1604 947 14
19.25 6353 1021 1626 985 15
19.375 6293 1017 1655 1020 15
19.5 6221 1032 1660 1072 15
19.625 6165 1024 1693 1103 15
19.75 6100 1024 1722 1138 16
19.875 6043 1024 1743 1173 17
20 5969 1029 1772 1211 19
20.125 5905 1034 1786 1256 19
20.25 5831 1055 1794 1301 19
20.375 5768 1059 1810 1344 19
20.5 5708 1031 1862 1379 20
20.625 5655 1012 1888 1425 20
20.75 5600 1006 1905 1469 20
20.875 5537 1004 1935 1503 21
21 5477 1011 1939 1551 22
21.125 5423 1010 1947 1596 24
21.25 5358 1013 1966 1639 24
21.375 5313 989 2000 1674 24
21.5 5259 974 2024 1719 24
21.625 5191 986 2039 1760 24
21.75 5137 975 2057 1807 24
21.875 5079 981 2070 1846 24
22 5032 944 2113 1886 25
22.125 4989 915 2147 1924 25
22.25 4929 910 2172 1963 26
22.375 4889 896 2183 2006 26
22.5 4846 892 2185 2051 26
22.625 4806 892 2166 2109 27
22.75 4756 884 2168 2164 28
22.875 4714 878 2171 2209 28
23 4669 868 2194 2240 29
23.125 4616 857 2221 2276 30
23.25 4570 847 2221 2331 31
23.375 4535 841 2212 2381 31
23.5 4481 841 2219 2428 31
23.625 4434 829 2228 2477 32
23.75 4392 824 2227 2525 32
23.875 4357 821 2212 2578 32
24 4312 806 2228 2622 32
24.125 4272 796 2236 2664 32
24.25 4223 798 2243 2703 33
24.375 4184 781 2255 2746 34
24.5 4135 779 2256 2796 34
24.625 4086 780 2253 2846 35
24.75 4055 764 2262 2884 35
24.875 4006 769 2259 2930 36
25 3979 739 2266 2980 36
25.125 3936 740 2253 3034 37
25.25 3895 736 2255 3077 37
25.375 3864 716 2272 3110 38
25.5 3825 710 2266 3161 38
25.625 3798 691 2271 3202 38
25.75 3782 674 2244 3262 38
25.875 3744 661 2242 3314 39
26 3706 662 2232 3361 39
26.125 3677 655 2224 3405 39
26.25 3645 653 2205 3458 39
26.375 3622 623 2207 3509 39
26.5 3597 600 2214 3548 41
26.625 3574 584 2192 3608 42
26.75 3542 577 2183 3656 42
26.875 3512 571 2175 3699 43
27 3485 560 2168 3744 43
27.125 3446 561 2169 3781 43
27.25 3420 549 2158 3830 43
27.375 3395 536 2155 3871 43
27.5 3364 534 2150 3908 44
27.625 3339 519 2147 3951 44
27.75 3306 515 2153 3982 44
27.875 3274 516 2136 4030 44
28 3250 504 2129 4073 44
28.125 3226 494 2123 4113 44
28.25 3213 484 2106 4153 44
28.375 3184 475 2099 4198 44
28.5 3158 469 2085 4244 44
28.625 3133 476 2057 4290 44
28.75 3112 469 2039 4336 44
28.875 3090 465 2034 4367 44
29 3062 464 2020 4409 45
29.125 3046 453 2012 4443 46
29.25 3029 440 2000 4485 46
29.375 3008 440 1986 4520 46
29.5 2987 435 1975 4556 47
29.625 2974 421 1964 4593 48
29.75 2955 420 1948 4626 51
29.875 2934 420 1945 4649 52
30 2920 405 1941 4682 52
30.125 2900 397 1928 4723 52
30.25 2884 385 1918 4761 52
30.375 2870 371 1905 4802 52
30.5 2847 370 1887 4844 52
30.625 2836 362 1870 4879 53
30.75 2814 363 1849 4921 53
30.875 2803 347 1833 4964 53
31 2786 340 1821 5000 53
31.125 2772 341 1808 5026 53
31.25 2751 336 1797 5063 53
31.375 2732 338 1775 5102 53
31.5 2711 333 1752 5149 55
31.625 2694 330 1750 5171 55
31.75 2685 322 1722 5216 55
31.875 2668 318 1705 5254 55
32 2651 317 1687 5290 55
32.125 2635 314 1676 5320 55
32.25 2621 315 1650 5359 55
32.375 2608 308 1632 5396 56
32.5 2600 300 1624 5420 56
32.625 2592 293 1596 5463 56
32.75 2580 297 1574 5493 56
32.875 2569 287 1565 5523 56
33 2556 283 1552 5553 56
33.125 2549 271 1545 5579 56
33.25 2543 258 1528 5613 58
33.375 2533 249 1513 5647 58
33.5 2522 239 1496 5684 59
33.625 2512 239 1481 5709 59
33.75 2503 225 1467 5746 59
33.875 2491 219 1460 5771 59
34 2481 221 1435 5803 60
34.125 2474 214 1423 5829 60
34.25 2465 219 1403 5853 60
34.375 2457 214 1391 5877 61
34.5 2449 212 1373 5905 61
34.625 2442 206 1362 5929 61
34.75 2439 190 1364 5946 61
34.875 2433 190 1344 5972 61
35 2423 188 1328 6000 61
35.125 2412 184 1320 6023 61
35.25 2404 182 1300 6053 61
35.375 2396 178 1289 6076 61
35.5 2389 173 1277 6100 61
35.625 2379 171 1259 6130 61
35.75 2370 165 1246 6158 61
35.875 2362 166 1230 6181 61
36 2356 159 1213 6211 61
36.125 2348 155 1206 6230 61
36.25 2344 149 1182 6264 61
36.375 2337 149 1159 6293 62
36.5 2336 141 1137 6324 62
36.625 2331 132 1131 6344 62
36.75 2326 129 1115 6368 62
36.875 2322 120 1108 6388 62
37 2321 108 1096 6413 62
37.125 2313 112 1077 6436 62
37.25 2307 107 1067 6457 62
37.375 2302 103 1061 6472 62
37.5 2296 102 1041 6499 62
37.625 2294 98 1032 6514 62
37.75 2285 105 1011 6537 62
37.875 2281 102 999 6555 63
38 2276 100 984 6577 63
38.125 2272 96 963 6606 63
38.25 2269 97 938 6633 63
38.375 2263 97 924 6652 64
38.5 2258 91 913 6674 64
38.625 2256 89 899 6692 64
38.75 2253 82 889 6712 64
38.875 2250 78 880 6728 64
39 2245 81 860 6750 64
39.125 2242 82 844 6768 64
39.25 2239 78 829 6789 65
39.375 2239 71 817 6808 65
39.5 2238 69 795 6833 65
39.625 2234 71 775 6855 65
39.75 2228 75 764 6868 65
39.875 2222 77 750 6886 65
40 2220 76 733 6906 65
40.125 2214 77 723 6921 65
40.25 2210 76 710 6939 65
40.375 2205 77 705 6948 65
40.5 2201 77 692 6965 65
40.625 2196 76 683 6980 65
40.75 2189 76 680 6990 65
40.875 2186 78 670 7001 65
41 2183 78 659 7015 65
41.125 2178 75 652 7030 65
41.25 2174 72 646 7043 65
41.375 2170 74 639 7052 65
41.5 2168 73 631 7063 65
41.625 2166 72 615 7082 65
41.75 2163 71 606 7094 66
41.875 2159 70 599 7105 67
42 2156 71 592 7114 67
42.125 2153 67 585 7128 67
42.25 2152 66 574 7141 67
42.375 2151 65 562 7155 67
42.5 2150 64 553 7166 67
42.625 2147 63 544 7179 67
42.75 2145 59 543 7186 67
42.875 2143 55 538 7197 67
43 2143 53 523 7214 67
43.125 2139 55 508 7231 67
43.25 2138 52 502 7241 67
43.375 2133 52 500 7248 67
43.5 2132 48 494 7259 67
43.625 2129 48 489 7267 67
43.75 2127 48 482 7276 67
43.875 2126 43 474 7289 68
44 2124 40 474 7294 68
44.125 2123 39 467 7303 68
44.25 2121 37 460 7314 68
44.375 2119 38 457 7318 68
44.5 2117 39 445 7331 68
44.625 2116 36 439 7341 68
44.75 2115 35 429 7352 69
44.875 2114 35 419 7363 69
45 2114 33 411 7373 69
45.125 2109 36 407 7379 69
45.25 2108 35 404 7384 69
45.375 2106 36 397 7392 69
45.5 2105 34 393 7399 69
45.625 2105 34 382 7410 69
45.75 2104 33 378 7416 69
45.875 2104 31 374 7422 69
46 2104 31 370 7426 69
46.125 2103 32 358 7437 70
46.25 2101 33 350 7446 70
46.375 2100 32 344 7454 70
46.5 2099 32 332 7467 70
46.625 2098 30 326 7476 70
46.75 2097 31 318 7484 70
46.875 2097 27 317 7489 70
47 2096 27 313 7494 70
47.125 2095 26 303 7506 70
47.25 2095 24 300 7510 71
47.375 2095 21 299 7514 71
47.5 2094 21 290 7524 71
47.625 2093 21 284 7531 71
47.75 2091 23 277 7537 72
47.875 2090 23 275 7540 72
48 2089 23 271 7545 72
48.125 2088 24 270 7546 72
48.25 2087 24 266 7551 72
48.375 2085 26 261 7556 72
48.5 2084 27 255 7562 72
48.625 2083 23 252 7570 72
48.75 2081 23 249 7575 72
48.875 2080 24 247 7577 72
49 2080 23 238 7587 72
49.125 2078 21 239 7590 72
49.25 2078 19 236 7595 72
49.375 2078 17 230 7603 72
49.5 2078 17 229 7604 72
49.625 2078 17 223 7610 72
49.75 2076 17 224 7611 72
49.875 2076 17 221 7614 72
50 2075 16 221 7616 72
50.125 2074 16 213 7625 72
50.25 2072 17 210 7629 72
50.375 2071 16 210 7631 72
50.5 2071 14 205 7638 72
50.625 2070 14 203 7641 72
50.75 2070 14 195 7649 72
50.875 2066 18 192 7652 72
51 2064 19 189 7656 72
51.125 2064 18 183 7663 72
51.25 2063 18 182 7665 72
51.375 2063 16 180 7669 72
51.5 2063 16 174 7675 72
51.625 2063 16 168 7681 72
51.75 2062 16 165 7685 72
51.875 2060 18 161 7689 72
52 2060 18 157 7693 72
52.125 2060 17 157 7694 72
52.25 2060 15 157 7696 72
52.375 2058 17 154 7699 72
52.5 2057 18 152 7701 72
52.625 2057 17 150 7704 72
52.75 2057 16 147 7708 72
52.875 2057 14 145 7712 72
53 2056 13 145 7714 72
53.125 2056 13 144 7715 72
53.25 2055 13 143 7717 72
53.375 2055 12 140 7721 72
53.5 2055 11 141 7721 72
53.625 2055 9 139 7725 72
53.75 2052 11 137 7728 72
53.875 2052 11 136 7729 72
54 2052 10 135 7731 72
54.125 2052 7 137 7732 72
54.25 2052 7 134 7735 72
54.375 2052 7 133 7736 72
54.5 2052 7 133 7736 72
54.625 2052 7 131 7738 72
54.75 2051 8 130 7739 72
54.875 2050 9 126 7743 72
55 2049 9 124 7746 72
55.125 2049 8 120 7751 72
55.25 2049 8 118 7753 72
55.375 2049 8 115 7756 72
55.5 2048 7 115 7758 72
55.625 2048 7 115 7758 72
55.75 2048 7 114 7759 72
55.875 2047 8 110 7763 72
56 2047 8 108 7765 72
56.125 2047 7 108 7766 72
56.25 2047 6 107 7768 72
56.375 2046 7 105 7770 72
56.5 2046 7 104 7771 72
56.625 2046 7 101 7774 72
56.75 2046 7 100 7775 72
56.875 2046 7 97 7778 72
57 2046 6 98 7778 72
57.125 2046 6 96 7780 72
57.25 2046 6 94 7782 72
57.375 2046 6 92 7784 72
57.5 2046 5 91 7786 72
57.625 2046 5 90 7787 72
57.75 2046 5 88 7789 72
57.875 2044 6 88 7790 72
58 2043 7 85 7793 72
58.125 2042 7 85 7794 72
58.25 2042 7 82 7797 72
58.375 2042 7 77 7802 72
58.5 2041 8 77 7802 72
58.625 2039 10 76 7803 72
58.75 2038 10 75 7805 72
58.875 2038 9 73 7808 72
59 2038 9 72 7809 72
59.125 2038 8 72 7810 72
59.25 2038 8 71 7811 72
59.375 2037 9 70 7812 72
59.5 2037 9 68 7814 72
59.625 2037 8 67 7816 72
59.75 2037 8 66 7817 72
59.875 2036 8 67 7817 72
60 2036 8 66 7818 72
60.125 2035 9 65 7819 72
60.25 2034 10 63 7821 72
60.375 2034 10 62 7822 72
60.5 2034 10 60 7824 72
60.625 2034 9 58 7827 72
60.75 2034 8 58 7828 72
60.875 2034 6 60 7828 72
61 2034 6 56 7832 72
61.125 2034 6 56 7832 72
61.25 2034 4 58 7832 72
61.375 2034 3 58 7833 72
61.5 2034 3 58 7833 72
61.625 2032 5 58 7833 72
61.75 2032 5 56 7835 72
61.875 2032 5 55 7836 72
62 2032 5 54 7837 72
62.125 2032 4 54 7838 72
62.25 2032 3 53 7840 72
62.375 2031 4 52 7841 72
62.5 2031 4 51 7842 72
62.625 2031 4 50 7843 72
62.75 2031 4 48 7845 72
62.875 2031 4 48 7845 72
63 2031 3 48 7846 72
63.125 2031 2 48 7847 72
63.25 2031 2 48 7847 72
63.375 2031 2 47 7848 72
63.5 2031 2 47 7848 72
63.625 2031 1 48 7848 72
63.75 2031 1 47 7849 72
63.875 2031 0 48 7849 72
64 2031 0 48 7849 72
64.125 2031 0 48 7849 72
64.25 2031 0 47 7850 72
64.375 2031 0 46 7851 72
64.5 2031 0 46 7851 72
64.625 2031 0 44 7853 72
64.75 2031 0 43 7854 72
64.875 2031 0 42 7855 72
65 2031 0 41 7856 72
65.125 2030 1 41 7856 72
65.25 2030 1 41 7856 72
65.375 2030 1 41 7856 72
65.5 2030 1 39 7858 72
65.625 2030 1 39 7858 72
65.75 2030 1 39 7858 72
65.875 2030 1 37 7860 72
66 2030 1 36 7861 72
66.125 2029 2 35 7862 72
66.25 2029 2 35 7862 72
66.375 2029 2 35 7862 72
66.5 2029 2 34 7863 72
66.625 2029 2 34 7863 72
66.75 2028 3 33 7864 72
66.875 2028 3 31 7866 72
67 2028 2 32 7866 72
67.125 2028 2 32 7866 72
67.25 2028 2 32 7866 72
67.375 2028 2 31 7867 72
67.5 2028 2 31 7867 72
67.625 2028 1 32 7867 72
67.75 2028 0 32 7868 72
67.875 2028 0 31 7869 72
68 2028 0 31 7869 72
68.125 2028 0 31 7869 72
68.25 2028 0 31 7869 72
68.375 2028 0 31 7869 72
68.5 2027 1 30 7870 72
68.625 2027 1 29 7871 72
68.75 2027 1 28 7872 72
68.875 2027 1 28 7872 72
69 2027 1 27 7873 72
69.125 2027 1 27 7873 72
69.25 2027 1 27 7873 72
69.375 2027 1 25 7875 72
69.5 2026 2 22 7878 72
69.625 2026 2 21 7879 72
69.75 2026 2 21 7879 72
69.875 2026 2 20 7880 72
70 2025 3 20 7880 72
70.125 2025 3 19 7881 72
70.25 2025 3 18 7882 72
70.375 2025 2 19 7882 72
70.5 2025 2 19 7882 72
70.625 2025 2 18 7883 72
70.75 2025 2 18 7883 72
70.875 2025 2 18 7883 72
71 2025 2 18 7883 72
71.125 2025 2 17 7884 72
71.25 2025 2 17 7884 72
71.375 2025 2 17 7884 72
71.5 2025 2 17 7884 72
71.625 2024 3 17 7884 72
71.75 2024 3 17 7884 72
71.875 2024 3 16 7885 72
72 2024 2 16 7886 72
72.125 2024 2 14 7888 72
72.25 2024 2 14 7888 72
72.375 2024 2 14 7888 72
72.5 2024 2 13 7889 72
72.625 2024 2 12 7890 72
72.75 2024 2 12 7890 72
72.875 2024 2 12 7890 72
73 2024 1 13 7890 72
73.125 2024 1 13 7890 72
73.25 2024 1 13 7890 72
73.375 2024 1 13 7890 72
73.5 2024 1 13 7890 72
73.625 2024 1 13 7890 72
73.75 2024 1 13 7890 72
73.875 2024 1 13 7890 72
74 2024 1 12 7891 72
74.125 2024 1 11 7892 72
74.25 2024 0 12 7892 72
74.375 2024 0 12 7892 72
74.5 2024 0 11 7893 72
74.625 2024 0 11 7893 72
74.75 2024 0 9 7895 72
74.875 2024 0 9 7895 72
75 2024 0 9 7895 72
75.125 2024 0 9 7895 72
75.25 2024 0 9 7895 72
75.375 2024 0 9 7895 72
75.5 2024 0 9 7895 72
75.625 2024 0 9 7895 72
75.75 2024 0 9 7895 72
75.875 2024 0 9 7895 72
76 2024 0 9 7895 72
76.125 2024 0 8 7896 72
76.25 2024 0 8 7896 72
76.375 2024 0 7 7897 72
76.5 2024 0 7 7897 72
76.625 2024 0 7 7897 72
76.75 2024 0 7 7897 72
76.875 2024 0 7 7897 72
77 2024 0 7 7897 72
77.125 2024 0 7 7897 72
77.25 2024 0 7 7897 72
77.375 2024 0 7 7897 72
77.5 2024 0 7 7897 72
77.625 2024 0 7 7897 72
77.75 2024 0 7 7897 72
77.875 2024 0 7 7897 72
78 2024 0 7 7897 72
78.125 2024 0 7 7897 72
78.25 2024 0 6 7898 72
78.375 2024 0 6 7898 72
78.5 2024 0 6 7898 72
78.625 2024 0 6 7898 72
78.75 2024 0 6 7898 72
78.875 2024 0 6 7898 72
79 2024 0 6 7898 72
79.125 2024 0 6 7898 72
79.25 2024 0 6 7898 72
79.375 2024 0 6 7898 72
79.5 2024 0 6 7898 72
79.625 2024 0 6 7898 72
79.75 2024 0 6 7898 72
79.875 2024 0 5 7899 72
80 2024 0 5 7899 72
80.125 2024 0 5 7899 72
80.25 2024 0 5 7899 72
80.375 2024 0 5 7899 72
80.5 2024 0 5 7899 72
80.625 2024 0 5 7899 72
80.75 2024 0 5 7899 72
80.875 2024 0 5 7899 72
81 2024 0 5 7899 72
81.125 2024 0 4 7900 72
81.25 2024 0 4 7900 72
81.375 2024 0 4 7900 72
81.5 2024 0 4 7900 72
81.625 2024 0 4 7900 72
81.75 2024 0 4 7900 72
81.875 2024 0 4 7900 72
82 2024 0 4 7900 72
82.125 2024 0 4 7900 72
82.25 2024 0 4 7900 72
82.375 2024 0 4 7900 72
82.5 2024 0 4 7900 72
82.625 2024 0 4 7900 72
82.75 2023 1 4 7900 72
82.875 2023 1 4 7900 72
83 2023 0 4 7901 72
83.125 2023 0 4 7901 72
83.25 2023 0 4 7901 72
83.375 2023 0 4 7901 72
83.5 2023 0 4 7901 72
83.625 2023 0 4 7901 72
83.75 2023 0 4 7901 72
83.875 2023 0 4 7901 72
84 2023 0 4 7901 72
84.125 2023 0 4 7901 72
84.25 2023 0 4 7901 72
84.375 2023 0 4 7901 72
84.5 2023 0 4 7901 72
84.625 2023 0 4 7901 72
84.75 2023 0 4 7901 72
84.875 2023 0 4 7901 72
85 2023 0 4 7901 72
85.125 2023 0 4 7901 72
85.25 2023 0 3 7902 72
85.375 2023 0 2 7903 72
85.5 2023 0 2 7903 72
85.625 2023 0 2 7903 72
85.75 2023 0 2 7903 72
85.875 2023 0 2 7903 72
86 2023 0 2 7903 72
86.125 2023 0 2 7903 72
86.25 2023 0 2 7903 72
86.375 2023 0 2 7903 72
86.5 2023 0 2 7903 72
86.625 2023 0 2 7903 72
86.75 2023 0 2 7903 72
86.875 2023 0 2 7903 72
87 2023 0 2 7903 72
87.125 2023 0 2 7903 72
87.25 2023 0 2 7903 72
87.375 2023 0 2 7903 72
87.5 2023 0 2 7903 72
87.625 2023 0 2 7903 72
87.75 2023 0 2 7903 72
87.875 2023 0 2 7903 72
88 2023 0 2 7903 72
88.125 2023 0 2 7903 72
88.25 2023 0 2 7903 72
88.375 2023 0 2 7903 72
88.5 2023 0 2 7903 72
88.625 2023 0 2 7903 72
88.75 2023 0 2 7903 72
88.875 2023 0 2 7903 72
89 2023 0 2 7903 72
89.125 2023 0 2 7903 72
89.25 2023 0 2 7903 72
89.375 2023 0 2 7903 72
89.5 2023 0 2 7903 72
89.625 2023 0 2 7903 72
89.75 2023 0 2 7903 72
89.875 2023 0 2 7903 72
90 2023 0 2 7903 72
90.125 2023 0 2 7903 72
90.25 2023 0 2 7903 72
90.375 2023 0 2 7903 72
90.5 2023 0 2 7903 72
90.625 2023 0 2 7903 72
90.75 2023 0 2 7903 72
90.875 2023 0 2 7903 72
91 2023 0 2 7903 72
91.125 2023 0 2 7903 72
91.25 2023 0 2 7903 72
91.375 2023 0 2 7903 72
91.5 2023 0 2 7903 72
91.625 2023 0 2 7903 72
91.75 2023 0 2 7903 72
91.875 2023 0 2 7903 72
92 2023 0 2 7903 72
92.125 2023 0 2 7903 72
92.25 2023 0 2 7903 72
92.375 2023 0 2 7903 72
92.5 2023 0 2 7903 72
92.625 2023 0 2 7903 72
92.75 2023 0 2 7903 72
92.875 2023 0 2 7903 72
93 2023 0 2 7903 72
93.125 2023 0 2 7903 72
93.25 2023 0 2 7903 72
93.375 2023 0 2 7903 72
93.5 2023 0 2 7903 72
93.625 2023 0 2 7903 72
93.75 2023 0 2 7903 72
93.875 2023 0 2 7903 72
94 2023 0 2 7903 72
94.125 2023 0 2 7903 72
94.25 2023 0 2 7903 72
94.375 2023 0 2 7903 72
94.5 2023 0 2 7903 72
94.625 2023 0 2 7903 72
94.75 2023 0 2 7903 72
94.875 2023 0 2 7903 72
95 2023 0 2 7903 72
95.125 2023 0 2 7903 72
95.25 2023 0 2 7903 72
95.375 2023 0 2 7903 72
95.5 2023 0 2 7903 72
95.625 2023 0 2 7903 72
95.75 2023 0 2 7903 72
95.875 2023 0 2 7903 72
96 2023 0 2 7903 72
96.125 2023 0 2 7903 72
96.25 2023 0 1 7904 72
96.375 2023 0 1 7904 72
96.5 2023 0 1 7904 72
96.625 2023 0 1 7904 72
96.75 2023 0 1 7904 72
96.875 2023 0 1 7904 72
97 2023 0 1 7904 72
97.125 2023 0 1 7904 72
97.25 2023 0 1 7904 72
97.375 2023 0 1 7904 72
97.5 2023 0 1 7904 72
97.625 2023 0 1 7904 72
97.75 2023 0 1 7904 72
97.875 2023 0 1 7904 72
98 2023 0 1 7904 72
98.125 2023 0 1 7904 72
98.25 2023 0 1 7904 72
98.375 2023 0 1 7904 72
98.5 2023 0 1 7904 72
98.625 2023 0 1 7904 72
98.75 2023 0 1 7904 72
98.875 2023 0 1 7904 72
99 2023 0 1 7904 72
99.125 2023 0 1 7904 72
99.25 2023 0 1 7904 72
99.375 2023 0 1 7904 72
99.5 2023 0 1 7904 72
99.625 2023 0 1 7904 72
99.75 2023 0 1 7904 72
99.875 2023 0 1 7904 72
100 2023 0 1 7904 72
100.125 2023 0 1 7904 72
100.25 2023 0 1 7904 72
100.375 2023 0 1 7904 72
100.5 2023 0 1 7904 72
100.625 2023 0 1 7904 72
100.75 2023 0 1 7904 72
100.875 2023 0 1 7904 72
101 2023 0 1 7904 72
101.125 2023 0 1 7904 72
101.25 2023 0 1 7904 72
101.375 2023 0 1 7904 72
101.5 2023 0 1 7904 72
101.625 2023 0 1 7904 72
101.75 2023 0 1 7904 72
101.875 2023 0 1 7904 72
102 2023 0 1 7904 72
102.125 2023 0 1 7904 72
102.25 2023 0 1 7904 72
102.375 2023 0 1 7904 72
102.5 2023 0 1 7904 72
102.625 2023 0 1 7904 72
102.75 2023 0 1 7904 72
102.875 2023 0 1 7904 72
103 2023 0 1 7904 72
103.125 2023 0 1 7904 72
103.25 2023 0 1 7904 72
103.375 2023 0 1 7904 72
103.5 2023 0 1 7904 72
103.625 2023 0 1 7904 72
103.75 2023 0 1 7904 72
103.875 2023 0 1 7904 72
104 2023 0 1 7904 72
104.125 2023 0 1 7904 72
104.25 2023 0 1 7904 72
104.375 2023 0 1 7904 72
104.5 2023 0 1 7904 72
104.625 2023 0 1 7904 72
104.75 2023 0 1 7904 72
104.875 2023 0 1 7904 72
105 2023 0 1 7904 72
105.125 2023 0 1 7904 72
105.25 2023 0 0 7905 72
