t S E I R D
0 9999 0 1 0 0
0.125 9999 0 1 0 0
0.25 9999 0 1 0 0
0.375 9998 1 1 0 0
0.5 9997 2 1 0 0
0.625 9997 2 1 0 0
0.75 9997 2 1 0 0
0.875 9997 2 1 0 0
1 9997 2 1 0 0
1.125 9997 2 1 0 0
1.25 9997 2 1 0 0
1.375 9997 2 1 0 0
1.5 9997 2 1 0 0
1.625 9997 2 1 0 0
1.75 9997 2 1 0 0
1.875 9997 2 1 0 0
2 9997 2 1 0 0
2.125 9997 2 1 0 0
2.25 9997 2 1 0 0
2.375 9997 2 1 0 0
2.5 9997 2 1 0 0
2.625 9997 2 1 0 0
2.75 9997 1 2 0 0
2.875 9997 1 2 0 0
3 9997 1 2 0 0
3.125 9997 1 2 0 0
3.25 9997 1 2 0 0
3.375 9997 0 3 0 0
3.5 9997 0 3 0 0
3.625 9997 0 2 1 0
3.75 9997 0 2 1 0
3.875 9997 0 2 1 0
4 9997 0 2 1 0
4.125 9996 1 2 1 0
4.25 9995 2 2 1 0
4.375 9995 2 2 1 0
4.5 9995 2 2 1 0
4.625 9995 2 2 1 0
4.75 9994 2 3 1 0
4.875 9994 1 4 1 0
5 9994 1 4 1 0
5.125 9994 1 4 1 0
5.25 9994 1 4 1 0
5.375 9994 1 4 1 0
5.5 9994 1 4 1 0
5.625 9994 1 4 1 0
5.75 9994 1 4 1 0
5.875 9994 1 4 1 0
6 9994 1 4 1 0
6.125 9994 1 4 1 0
6.25 9994 1 4 1 0
6.375 9993 2 4 1 0
6.5 9993 2 4 1 0
6.625 9993 2 4 1 0
6.75 9992 3 4 1 0
6.875 9992 3 4 1 0
7 9992 3 4 1 0
7.125 9990 5 4 1 0
7.25 9990 5 4 1 0
7.375 9990 5 3 2 0
7.5 9990 5 3 2 0
7.625 9990 4 4 2 0
7.75 9990 4 4 2 0
7.875 9990 3 5 2 0
8 9990 3 5 2 0
8.125 9990 3 5 2 0
8.25 9990 3 5 2 0
8.375 9990 3 5 2 0
8.5 9990 3 5 2 0
8.625 9989 4 5 2 0
8.75 9988 4 6 2 0
8.875 9988 4 6 2 0
9 9987 5 6 2 0
9.125 9987 5 6 2 0
9.25 9987 5 6 2 0
9.375 9986 6 6 2 0
9.5 9986 5 7 2 0
9.625 9980 11 7 2 0
9.75 9972 18 8 2 0
9.875 9959 29 10 2 0
10 9949 33 15 3 0
10.125 9949 31 17 3 0
10.25 9948 32 16 4 0
10.375 9944 35 17 4 0
10.5 9942 37 17 4 0
10.625 9941 36 19 4 0
10.75 9938 37 21 4 0
10.875 9936 37 22 5 0
11 9936 36 23 5 0
11.125 9935 34 26 5 0
11.25 9931 35 29 5 0
11.375 9931 32 32 5 0
11.5 9929 33 33 5 0
11.625 9923 38 33 6 0
11.75 9919 40 34 7 0
11.875 9916 42 33 9 0
12 9913 44 31 12 0
12.125 9909 44 34 13 0
12.25 9905 47 34 14 0
12.375 9902 48 35 15 0
12.5 9899 50 35 16 0
12.625 9892 53 37 18 0
12.75 9892 51 39 18 0
12.875 9887 50 44 19 0
13 9883 52 42 23 0
13.125 9877 56 44 23 0
13.25 9870 62 44 24 0
13.375 9861 67 47 25 0
13.5 9852 70 51 27 0
13.625 9838 79 56 27 0
13.75 9826 84 62 28 0
13.875 9817 87 67 29 0
14 9808 88 75 29 0
14.125 9789 100 82 29 0
14.25 9778 104 88 30 0
14.375 9770 104 95 31 0
14.5 9759 109 100 32 0
14.625 9735 125 106 34 0
14.75 9720 127 117 36 0
14.875 9706 134 123 37 0
15 9694 139 128 39 0
15.125 9676 150 132 42 0
15.25 9658 162 134 46 0
15.375 9644 169 137 50 0
15.5 9632 169 145 54 0
15.625 9614 175 155 56 0
15.75 9596 177 167 60 0
15.875 9570 187 182 61 0
16 9551 190 191 68 0
16.125 9538 190 199 73 0
16.25 9519 197 208 76 0
16.375 9494 211 214 81 0
16.5 9470 226 218 86 0
16.625 9443 237 231 89 0
16.75 9421 245 242 92 0
16.875 9386 263 253 98 0
17 9361 267 271 101 0
17.125 9333 283 282 102 0
17.25 9314 284 296 105 1
17.375 9276 306 306 111 1
17.5 9244 319 315 121 1
17.625 9213 337 320 128 2
17.75 9183 340 345 130 2
17.875 9159 347 354 137 3
18 9133 352 372 140 3
18.125 9110 357 379 151 3
18.25 9095 342 399 160 4
18.375 9070 348 409 168 5
18.5 9040 346 430 179 5
18.625 9011 346 450 188 5
18.75 8985 351 462 197 5
18.875 8959 352 478 205 6
19 8941 341 490 222 6
19.125 8915 350 499 230 6
19.25 8882 360 510 242 6
19.375 8854 358 532 250 6
19.5 8823 369 540 261 7
19.625 8787 383 552 271 7
19.75 8752 391 568 282 7
19.875 8729 389 577 298 7
20 8705 385 591 312 7
20.125 8672 395 604 322 7
20.25 8637 414 608 333 8
20.375 8597 427 623 345 8
20.5 8570 438 628 356 8
20.625 8542 438 645 367 8
20.75 8504 446 659 383 8
20.875 8471 457 669 395 8
21 8442 455 685 410 8
21.125 8407 462 694 429 8
21.25 8377 470 691 454 8
21.375 8343 476 701 472 8
21.5 8312 485 712 483 8
21.625 8267 506 725 494 8
21.75 8241 499 745 507 8
21.875 8202 503 762 525 8
22 8174 499 776 542 9
22.125 8134 515 789 552 10
22.25 8106 503 807 573 11
22.375 8072 509 814 593 12
22.5 8023 531 830 604 12
22.625 7988 526 854 620 12
22.75 7955 521 873 639 12
22.875 7921 526 883 658 12
23 7881 532 898 677 12
23.125 7844 543 904 697 12
23.25 7800 556 923 708 13
23.375 7757 563 941 726 13
23.5 7723 563 950 750 14
23.625 7686 555 976 769 14
23.75 7649 553 988 796 14
23.875 7600 575 986 824 15
24 7575 564 1003 843 15
24.125 7538 567 1020 860 15
24.25 7513 556 1039 877 15
24.375 7475 570 1039 900 16
24.5 7434 573 1055 922 16
24.625 7400 568 1066 950 16
24.75 7375 556 1079 974 16
24.875 7341 556 1085 1002 16
25 7309 547 1092 1036 16
25.125 7276 535 1119 1053 17
25.25 7240 538 1128 1077 17
25.375 7207 537 1137 1102 17
25.5 7174 532 1148 1129 17
25.625 7136 526 1161 1160 17
25.75 7106 536 1158 1183 17
25.875 7077 530 1171 1205 17
26 7039 533 1183 1228 17
26.125 7013 518 1203 1249 17
26.25 6982 518 1204 1279 17
26.375 6949 523 1204 1307 17
26.5 6923 510 1222 1328 17
26.625 6901 505 1220 1357 17
26.75 6868 505 1227 1382 18
26.875 6842 494 1239 1406 19
27 6805 493 1251 1432 19
27.125 6768 494 1261 1458 19
27.25 6735 495 1269 1482 19
27.375 6703 494 1270 1513 20
27.5 6684 486 1270 1540 20
27.625 6653 490 1272 1562 23
27.75 6624 486 1266 1600 24
27.875 6599 486 1271 1620 24
28 6571 489 1276 1640 24
28.125 6539 499 1267 1671 24
28.25 6513 496 1268 1699 24
28.375 6487 486 1271 1732 24
28.5 6460 486 1271 1759 24
28.625 6440 473 1283 1780 24
28.75 6420 468 1278 1810 24
28.875 6400 464 1278 1834 24
29 6378 461 1275 1862 24
29.125 6343 470 1283 1880 24
29.25 6316 462 1290 1908 24
29.375 6290 460 1285 1941 24
29.5 6254 463 1287 1972 24
29.625 6228 466 1280 2002 24
29.75 6209 448 1301 2018 24
29.875 6183 433 1308 2051 25
30 6168 423 1303 2081 25
30.125 6146 420 1296 2113 25
30.25 6123 418 1299 2134 26
30.375 6097 415 1301 2161 26
30.5 6072 422 1297 2183 26
30.625 6043 423 1296 2212 26
30.75 6029 412 1298 2235 26
30.875 6002 410 1290 2272 26
31 5975 403 1299 2297 26
31.125 5952 393 1305 2324 26
31.25 5929 398 1292 2355 26
31.375 5905 408 1279 2382 26
31.5 5885 401 1279 2409 26
31.625 5872 387 1283 2432 26
31.75 5848 381 1281 2464 26
31.875 5831 374 1282 2487 26
32 5807 371 1283 2513 26
32.125 5780 376 1281 2537 26
32.25 5758 367 1279 2570 26
32.375 5745 361 1279 2589 26
32.5 5721 351 1296 2606 26
32.625 5705 342 1303 2624 26
32.75 5685 335 1302 2652 26
32.875 5653 346 1291 2684 26
33 5639 346 1272 2717 26
33.125 5618 346 1271 2739 26
33.25 5608 341 1250 2775 26
33.375 5588 337 1249 2800 26
33.5 5565 341 1240 2828 26
33.625 5542 345 1234 2853 26
33.75 5526 340 1223 2885 26
33.875 5513 331 1219 2910 27
34 5491 335 1213 2934 27
34.125 5468 336 1212 2956 28
34.25 5444 339 1208 2981 28
34.375 5424 338 1204 3006 28
34.5 5403 331 1210 3027 29
34.625 5388 328 1199 3056 29
34.75 5372 328 1186 3085 29
34.875 5350 327 1187 3106 30
35 5327 328 1185 3130 30
35.125 5308 321 1189 3152 30
35.25 5289 322 1188 3171 30
35.375 5277 313 1178 3201 31
35.5 5264 303 1179 3221 33
35.625 5250 295 1181 3241 33
35.75 5240 281 1185 3261 33
35.875 5228 265 1190 3284 33
36 5216 261 1180 3310 33
36.125 5205 263 1168 3330 34
36.25 5184 268 1166 3348 34
36.375 5173 266 1152 3375 34
36.5 5161 260 1146 3399 34
36.625 5148 261 1140 3417 34
36.75 5142 256 1128 3439 35
36.875 5134 248 1123 3460 35
37 5124 243 1108 3490 35
37.125 5115 241 1103 3506 35
37.25 5096 243 1096 3529 36
37.375 5086 236 1090 3552 36
37.5 5069 237 1090 3568 36
37.625 5057 228 1089 3590 36
37.75 5039 228 1083 3614 36
37.875 5032 216 1076 3640 36
38 5022 214 1071 3657 36
38.125 5009 215 1055 3685 36
38.25 4999 214 1047 3704 36
38.375 4982 221 1027 3734 36
38.5 4972 214 1016 3762 36
38.625 4960 223 1001 3780 36
38.75 4947 216 1003 3798 36
38.875 4939 212 986 3827 36
39 4926 212 974 3852 36
39.125 4916 204 973 3871 36
39.25 4905 200 972 3887 36
39.375 4896 200 966 3902 36
39.5 4891 187 964 3922 36
39.625 4885 180 953 3946 36
39.75 4872 182 950 3960 36
39.875 4854 193 944 3973 36
40 4841 191 942 3990 36
40.125 4831 187 943 4003 36
40.25 4821 188 924 4031 36
40.375 4809 183 915 4056 37
40.5 4797 183 916 4067 37
40.625 4788 176 913 4086 37
40.75 4781 170 897 4115 37
40.875 4771 171 884 4136 38
41 4766 165 871 4159 39
41.125 4755 161 869 4176 39
41.25 4745 160 865 4191 39
41.375 4736 155 862 4208 39
41.5 4722 160 858 4220 40
41.625 4712 160 846 4242 40
41.75 4703 159 838 4260 40
41.875 4695 162 824 4279 40
42 4688 159 806 4307 40
42.125 4682 152 799 4327 40
42.25 4677 152 786 4345 40
42.375 4671 150 772 4367 40
42.5 4665 146 764 4385 40
42.625 4654 152 751 4403 40
42.75 4642 155 749 4414 40
42.875 4632 154 745 4429 40
43 4618 156 739 4447 40
43.125 4613 153 732 4462 40
43.25 4608 150 721 4481 40
43.375 4598 150 717 4495 40
43.5 4590 151 702 4517 40
43.625 4584 145 705 4525 41
43.75 4577 144 699 4539 41
43.875 4574 137 690 4558 41
44 4564 137 684 4574 41
44.125 4554 141 676 4588 41
44.25 4548 139 669 4603 41
44.375 4544 130 665 4620 41
44.5 4540 121 669 4629 41
44.625 4536 116 663 4644 41
44.75 4533 112 661 4652 42
44.875 4531 107 656 4663 43
45 4527 105 653 4672 43
45.125 4517 108 648 4684 43
45.25 4513 99 648 4697 43
45.375 4508 99 640 4710 43
45.5 4504 91 643 4719 43
45.625 4500 87 635 4735 43
45.75 4492 92 622 4751 43
45.875 4491 87 617 4761 44
46 4487 85 613 4771 44
46.125 4486 80 609 4781 44
46.25 4479 82 606 4789 44
46.375 4474 82 593 4807 44
46.5 4471 80 582 4822 45
46.625 4466 81 574 4833 46
46.75 4466 73 568 4847 46
46.875 4464 69 557 4864 46
47 4464 60 555 4875 46
47.125 4462 59 548 4885 46
47.25 4460 57 543 4894 46
47.375 4456 58 531 4908 47
47.5 4452 51 531 4919 47
47.625 4449 46 528 4930 47
47.75 4447 42 517 4947 47
47.875 4442 44 508 4959 47
48 4438 45 501 4969 47
48.125 4432 46 497 4977 48
48.25 4428 47 490 4987 48
48.375 4425 47 482 4998 48
48.5 4422 49 476 5005 48
48.625 4419 50 466 5016 49
48.75 4418 46 464 5023 49
48.875 4417 39 459 5036 49
49 4413 37 461 5040 49
49.125 4412 38 454 5047 49
49.25 4406 42 448 5055 49
49.375 4402 46 438 5065 49
49.5 4396 49 433 5073 49
49.625 4392 51 422 5085 50
49.75 4386 52 422 5090 50
49.875 4381 54 415 5100 50
50 4377 51 413 5109 50
50.125 4373 52 405 5120 50
50.25 4368 55 395 5132 50
50.375 4365 56 386 5143 50
50.5 4362 57 375 5156 50
50.625 4359 55 377 5159 50
50.75 4356 54 374 5166 50
50.875 4355 54 368 5172 51
51 4351 55 366 5177 51
51.125 4347 57 355 5190 51
51.25 4344 54 355 5195 52
51.375 4342 53 350 5203 52
51.5 4339 50 348 5210 53
51.625 4334 52 346 5215 53
51.75 4332 51 343 5221 53
51.875 4332 49 335 5231 53
52 4330 50 327 5240 53
52.125 4327 51 326 5243 53
52.25 4325 51 318 5253 53
52.375 4325 48 314 5260 53
52.5 4322 47 310 5266 55
52.625 4319 50 303 5273 55
52.75 4317 48 304 5276 55
52.875 4314 47 304 5280 55
53 4314 46 298 5287 55
53.125 4310 45 294 5296 55
53.25 4308 44 285 5308 55
53.375 4307 40 284 5314 55
53.5 4306 36 285 5318 55
53.625 4303 38 280 5324 55
53.75 4303 36 271 5335 55
53.875 4303 34 270 5338 55
54 4300 34 269 5342 55
54.125 4297 35 264 5349 55
54.25 4296 34 260 5355 55
54.375 4293 34 256 5362 55
54.5 4289 37 249 5370 55
54.625 4289 35 246 5375 55
54.75 4289 31 246 5379 55
54.875 4287 30 241 5387 55
55 4285 31 234 5395 55
55.125 4284 31 228 5402 55
55.25 4283 29 226 5407 55
55.375 4282 29 220 5414 55
55.5 4280 30 216 5419 55
55.625 4279 30 212 5424 55
55.75 4278 31 207 5429 55
55.875 4277 31 204 5433 55
56 4277 29 201 5438 55
56.125 4277 28 200 5440 55
56.25 4275 29 201 5440 55
56.375 4275 28 200 5442 55
56.5 4273 28 198 5446 55
56.625 4269 30 197 5449 55
56.75 4268 28 193 5456 55
56.875 4264 30 189 5461 56
57 4263 31 185 5465 56
57.125 4261 32 183 5468 56
57.25 4261 31 180 5472 56
57.375 4260 30 181 5473 56
57.5 4258 31 180 5475 56
57.625 4258 30 174 5482 56
57.75 4256 28 176 5484 56
57.875 4255 29 169 5491 56
58 4252 30 166 5496 56
58.125 4252 27 165 5500 56
58.25 4252 25 163 5504 56
58.375 4251 23 164 5506 56
58.5 4250 20 166 5508 56
58.625 4249 21 161 5513 56
58.75 4248 21 160 5515 56
58.875 4248 20 160 5516 56
59 4246 21 160 5517 56
59.125 4245 21 156 5522 56
59.25 4245 17 156 5526 56
59.375 4245 15 155 5529 56
59.5 4244 14 155 5531 56
59.625 4242 15 152 5535 56
59.75 4241 12 154 5537 56
59.875 4239 14 153 5538 56
60 4237 14 154 5539 56
60.125 4236 15 150 5543 56
60.25 4234 15 148 5547 56
60.375 4234 15 145 5550 56
60.5 4234 15 143 5552 56
60.625 4232 16 143 5553 56
60.75 4230 18 142 5554 56
60.875 4228 19 140 5557 56
61 4227 18 140 5559 56
61.125 4227 17 137 5563 56
61.25 4225 18 136 5565 56
61.375 4222 20 132 5570 56
61.5 4222 18 129 5575 56
61.625 4221 19 124 5579 57
61.75 4220 20 121 5582 57
61.875 4217 23 120 5583 57
62 4217 23 118 5585 57
62.125 4217 21 118 5587 57
62.25 4217 19 118 5589 57
62.375 4216 19 117 5591 57
62.5 4216 17 117 5593 57
62.625 4216 17 117 5593 57
62.75 4215 18 111 5599 57
62.875 4215 15 111 5602 57
63 4214 14 108 5607 57
63.125 4213 15 105 5610 57
63.25 4213 14 104 5612 57
63.375 4212 15 100 5616 57
63.5 4211 14 100 5618 57
63.625 4210 11 100 5622 57
63.75 4210 11 99 5623 57
63.875 4209 12 99 5623 57
64 4209 11 100 5623 57
64.125 4207 13 97 5626 57
64.25 4205 14 98 5626 57
64.375 4204 13 99 5627 57
64.5 4203 13 99 5628 57
64.625 4203 12 99 5629 57
64.75 4203 12 99 5629 57
64.875 4201 13 94 5635 57
65 4200 13 94 5636 57
65.125 4200 12 93 5638 57
65.25 4200 12 92 5639 57
65.375 4199 13 91 5640 57
65.5 4198 14 88 5643 57
65.625 4198 12 85 5648 57
65.75 4198 11 84 5650 57
65.875 4196 12 84 5651 57
66 4196 12 81 5654 57
66.125 4195 12 82 5654 57
66.25 4194 13 80 5656 57
66.375 4194 11 81 5657 57
66.5 4194 9 82 5658 57
66.625 4194 9 82 5658 57
66.75 4194 9 80 5660 57
66.875 4194 8 80 5661 57
67 4194 7 80 5662 57
67.125 4193 8 77 5665 57
67.25 4193 8 76 5666 57
67.375 4192 8 77 5666 57
67.5 4192 7 76 5668 57
67.625 4191 7 74 5671 57
67.75 4191 7 74 5671 57
67.875 4191 7 72 5673 57
68 4191 6 71 5675 57
68.125 4191 6 70 5676 57
68.25 4191 5 67 5680 57
68.375 4189 7 67 5680 57
68.5 4189 6 68 5680 57
68.625 4188 5 70 5680 57
68.75 4187 5 70 5681 57
68.875 4187 5 68 5682 58
69 4187 5 65 5685 58
69.125 4187 5 64 5686 58
69.25 4186 6 64 5686 58
69.375 4186 6 63 5687 58
69.5 4186 6 61 5689 58
69.625 4185 7 59 5691 58
69.75 4184 8 57 5693 58
69.875 4184 8 57 5693 58
70 4182 10 57 5693 58
70.125 4182 10 56 5694 58
70.25 4182 8 55 5697 58
70.375 4181 9 55 5697 58
70.5 4181 8 54 5699 58
70.625 4180 9 53 5700 58
70.75 4179 9 53 5701 58
70.875 4179 7 51 5705 58
71 4179 6 51 5706 58
71.125 4179 6 50 5707 58
71.25 4178 6 50 5708 58
71.375 4178 4 49 5711 58
71.5 4176 6 48 5712 58
71.625 4176 6 47 5713 58
71.75 4176 5 46 5715 58
71.875 4176 5 46 5715 58
72 4176 5 44 5717 58
72.125 4176 5 44 5717 58
72.25 4176 5 44 5717 58
72.375 4176 4 43 5719 58
72.5 4175 4 44 5719 58
72.625 4175 3 45 5719 58
72.75 4175 3 45 5719 58
72.875 4175 3 45 5719 58
73 4175 3 45 5719 58
73.125 4175 3 44 5720 58
73.25 4175 3 44 5720 58
73.375 4174 4 43 5721 58
73.5 4173 5 43 5721 58
73.625 4173 5 42 5722 58
73.75 4173 5 41 5723 58
73.875 4172 5 40 5725 58
74 4172 5 40 5725 58
74.125 4172 5 39 5726 58
74.25 4171 6 39 5726 58
74.375 4171 6 39 5726 58
74.5 4171 5 38 5728 58
74.625 4171 5 37 5729 58
74.75 4171 5 36 5730 58
74.875 4171 5 36 5730 58
75 4171 5 35 5731 58
75.125 4171 4 34 5733 58
75.25 4170 5 34 5733 58
75.375 4170 5 34 5733 58
75.5 4170 5 34 5733 58
75.625 4170 5 33 5734 58
75.75 4170 5 33 5734 58
75.875 4170 4 33 5735 58
76 4170 3 33 5736 58
76.125 4170 3 32 5737 58
76.25 4170 3 30 5739 58
76.375 4170 2 31 5739 58
76.5 4170 2 29 5741 58
76.625 4170 1 30 5741 58
76.75 4169 2 30 5741 58
76.875 4169 2 30 5741 58
77 4169 2 29 5742 58
77.125 4169 1 30 5742 58
77.25 4169 1 30 5742 58
77.375 4169 1 30 5742 58
77.5 4169 1 29 5743 58
77.625 4169 1 28 5744 58
77.75 4169 1 28 5744 58
77.875 4169 1 27 5745 58
78 4167 3 26 5746 58
78.125 4167 3 26 5746 58
78.25 4167 3 26 5746 58
78.375 4167 3 26 5746 58
78.5 4167 3 26 5746 58
78.625 4167 3 24 5748 58
78.75 4167 2 25 5748 58
78.875 4167 2 25 5748 58
79 4167 2 25 5748 58
79.125 4167 2 25 5748 58
79.25 4167 2 24 5749 58
79.375 4167 2 24 5749 58
79.5 4167 1 25 5749 58
79.625 4167 1 25 5749 58
79.75 4167 1 25 5749 58
79.875 4167 1 22 5752 58
80 4167 1 22 5752 58
80.125 4167 1 21 5753 58
80.25 4167 1 21 5753 58
80.375 4167 1 21 5753 58
80.5 4167 1 20 5754 58
80.625 4167 1 19 5755 58
80.75 4167 1 19 5755 58
80.875 4167 1 19 5755 58
81 4167 1 19 5755 58
81.125 4167 0 18 5757 58
81.25 4167 0 18 5757 58
81.375 4167 0 18 5757 58
81.5 4167 0 18 5757 58
81.625 4167 0 18 5757 58
81.75 4167 0 17 5758 58
81.875 4167 0 15 5760 58
82 4166 1 15 5760 58
82.125 4166 1 14 5761 58
82.25 4166 1 12 5763 58
82.375 4166 1 12 5763 58
82.5 4166 1 11 5764 58
82.625 4166 1 11 5764 58
82.75 4166 1 11 5764 58
82.875 4166 1 11 5764 58
83 4165 2 11 5764 58
83.125 4165 2 10 5765 58
83.25 4165 2 10 5765 58
83.375 4165 2 10 5765 58
83.5 4165 1 11 5765 58
83.625 4165 1 11 5765 58
83.75 4165 1 11 5765 58
83.875 4165 1 11 5765 58
84 4165 1 10 5766 58
84.125 4165 1 9 5767 58
84.25 4165 1 9 5767 58
84.375 4165 1 8 5768 58
84.5 4165 1 8 5768 58
84.625 4165 1 8 5768 58
84.75 4165 1 8 5768 58
84.875 4165 1 8 5768 58
85 4165 1 8 5768 58
85.125 4165 1 8 5768 58
85.25 4165 1 8 5768 58
85.375 4165 1 8 5768 58
85.5 4165 1 8 5768 58
85.625 4165 1 8 5768 58
85.75 4165 1 8 5768 58
85.875 4165 1 7 5769 58
86 4165 1 7 5769 58
86.125 4165 1 7 5769 58
86.25 4165 1 7 5769 58
86.375 4165 1 7 5769 58
86.5 4165 1 7 5769 58
86.625 4165 1 7 5769 58
86.75 4165 1 7 5769 58
86.875 4165 1 7 5769 58
87 4165 1 7 5769 58
87.125 4165 1 7 5769 58
87.25 4165 1 7 5769 58
87.375 4165 1 7 5769 58
87.5 4165 1 6 5770 58
87.625 4165 1 6 5770 58
87.75 4165 1 6 5770 58
87.875 4165 0 5 5772 58
88 4165 0 5 5772 58
88.125 4165 0 5 5772 58
88.25 4165 0 5 5772 58
88.375 4165 0 4 5773 58
88.5 4165 0 4 5773 58
88.625 4165 0 4 5773 58
88.75 4165 0 4 5773 58
88.875 4165 0 4 5773 58
89 4165 0 4 5773 58
89.125 4165 0 4 5773 58
89.25 4165 0 4 5773 58
89.375 4165 0 3 5774 58
89.5 4165 0 3 5774 58
89.625 4165 0 2 5774 59
89.75 4165 0 2 5774 59
89.875 4165 0 2 5774 59
90 4165 0 2 5774 59
90.125 4165 0 2 5774 59
90.25 4165 0 2 5774 59
90.375 4165 0 2 5774 59
90.5 4165 0 2 5774 59
90.625 4165 0 2 5774 59
90.75 4165 0 2 5774 59
90.875 4165 0 2 5774 59
91 4165 0 2 5774 59
91.125 4165 0 2 5774 59
91.25 4165 0 2 5774 59
91.375 4165 0 2 5774 59
91.5 4165 0 2 5774 59
91.625 4165 0 2 5774 59
91.75 4165 0 2 5774 59
91.875 4165 0 2 5774 59
92 4165 0 2 5774 59
92.125 4165 0 2 5774 59
92.25 4165 0 2 5774 59
92.375 4165 0 2 5774 59
92.5 4165 0 2 5774 59
92.625 4165 0 2 5774 59
92.75 4165 0 1 5775 59
92.875 4165 0 1 5775 59
93 4165 0 1 5775 59
93.125 4165 0 1 5775 59
93.25 4165 0 1 5775 59
93.375 4165 0 1 5775 59
93.5 4165 0 1 5775 59
93.625 4165 0 1 5775 59
93.75 4165 0 1 5775 59
93.875 4165 0 1 5775 59
94 4165 0 1 5775 59
94.125 4165 0 1 5775 59
94.25 4165 0 1 5775 59
94.375 4165 0 1 5775 59
94.5 4165 0 1 5775 59
94.625 4165 0 1 5775 59
94.75 4165 0 1 5775 59
94.875 4165 0 1 5775 59
95 4165 0 1 5775 59
95.125 4165 0 1 5775 59
95.25 4165 0 1 5775 59
95.375 4165 0 1 5775 59
95.5 4165 0 1 5775 59
95.625 4165 0 1 5775 59
95.75 4165 0 1 5775 59
95.875 4165 0 1 5775 59
96 4165 0 1 5775 59
96.125 4165 0 1 5775 59
96.25 4165 0 1 5775 59
96.375 4165 0 1 5775 59
96.5 4165 0 1 5775 59
96.625 4165 0 1 5775 59
96.75 4165 0 1 5775 59
96.875 4165 0 1 5775 59
97 4165 0 1 5775 59
97.125 4165 0 1 5775 59
97.25 4165 0 1 5775 59
97.375 4165 0 1 5775 59
97.5 4165 0 1 5775 59
97.625 4165 0 0 5776 59
