t S E I R D
0 9999 0 1 0 0
0.125 9999 0 1 0 0
0.25 9999 0 1 0 0
0.375 9999 0 1 0 0
0.5 9999 0 1 0 0
0.625 9999 0 1 0 0
0.75 9999 0 1 0 0
0.875 9998 1 1 0 0
1 9998 1 1 0 0
1.125 9998 1 1 0 0
1.25 9998 1 1 0 0
1.375 9998 1 1 0 0
1.5 9998 1 1 0 0
1.625 9998 1 1 0 0
1.75 9998 1 1 0 0
1.875 9998 1 1 0 0
2 9998 1 1 0 0
2.125 9998 1 0 1 0
2.25 9998 1 0 1 0
2.375 9998 1 0 1 0
2.5 9998 1 0 1 0
2.625 9998 1 0 1 0
2.75 9998 1 0 1 0
2.875 9998 1 0 1 0
3 9998 1 0 1 0
3.125 9998 0 1 1 0
3.25 9998 0 1 1 0
3.375 9998 0 1 1 0
3.5 9997 1 1 1 0
3.625 9995 3 1 1 0
3.75 9991 7 1 1 0
3.875 9991 6 2 1 0
4 9988 9 2 1 0
4.125 9986 10 3 1 0
4.25 9986 9 4 1 0
4.375 9986 9 4 1 0
4.5 9984 10 5 1 0
4.625 9982 12 5 1 0
4.75 9980 14 5 1 0
4.875 9978 16 5 1 0
5 9976 17 6 1 0
5.125 9972 20 7 1 0
5.25 9969 22 8 1 0
5.375 9966 25 8 1 0
5.5 9961 30 8 1 0
5.625 9956 31 12 1 0
5.75 9953 34 10 3 0
5.875 9948 35 14 3 0
6 9947 34 15 4 0
6.125 9943 37 14 6 0
6.25 9940 36 18 6 0
6.375 9939 36 19 6 0
6.5 9935 36 22 7 0
6.625 9931 36 25 8 0
6.75 9927 38 27 8 0
6.875 9923 38 30 9 0
7 9921 37 33 9 0
7.125 9919 38 33 10 0
7.25 9919 35 36 10 0
7.375 9918 31 39 12 0
7.5 9918 28 41 13 0
7.625 9917 23 46 14 0
7.75 9913 25 46 16 0
7.875 9912 23 49 16 0
8 9909 25 50 16 0
8.125 9907 25 51 17 0
8.25 9905 25 50 20 0
8.375 9899 30 48 23 0
8.5 9893 35 48 24 0
8.625 9889 36 49 26 0
8.75 9887 37 49 27 0
8.875 9884 40 48 28 0
9 9881 41 48 30 0
9.125 9878 41 49 31 1
9.25 9878 38 52 31 1
9.375 9877 36 54 32 1
9.5 9876 36 55 32 1
9.625 9875 35 57 32 1
9.75 9875 33 55 36 1
9.875 9875 33 55 36 1
10 9874 33 55 37 1
10.125 9874 31 55 39 1
10.25 9874 26 59 40 1
10.375 9874 24 59 42 1
10.5 9873 22 61 43 1
10.625 9872 23 59 45 1
10.75 9871 24 57 47 1
10.875 9870 23 56 49 2
11 9869 24 55 50 2
11.125 9869 23 54 52 2
11.25 9869 22 53 54 2
11.375 9868 21 53 56 2
11.5 9868 20 53 57 2
11.625 9868 20 52 58 2
11.75 9868 17 55 58 2
11.875 9868 16 54 60 2
12 9868 13 56 61 2
12.125 9868 10 58 62 2
12.25 9867 11 58 62 2
12.375 9867 9 59 63 2
12.5 9867 9 57 65 2
12.625 9867 9 57 65 2
12.75 9867 8 56 67 2
12.875 9867 7 55 69 2
13 9866 8 55 69 2
13.125 9865 8 56 69 2
13.25 9864 8 57 69 2
13.375 9864 6 58 70 2
13.5 9863 6 57 72 2
13.625 9863 5 58 72 2
13.75 9862 6 58 72 2
13.875 9861 7 58 72 2
14 9860 8 56 74 2
14.125 9860 7 56 75 2
14.25 9860 7 56 75 2
14.375 9860 5 54 79 2
14.5 9860 5 51 82 2
14.625 9859 6 50 83 2
14.75 9859 6 50 83 2
14.875 9859 5 50 84 2
15 9857 7 50 84 2
15.125 9857 7 49 85 2
15.25 9857 7 49 85 2
15.375 9857 7 49 85 2
15.5 9857 7 49 85 2
15.625 9857 7 48 86 2
15.75 9857 7 48 86 2
15.875 9857 7 48 86 2
16 9857 7 48 86 2
16.125 9857 6 47 88 2
16.25 9857 6 46 89 2
16.375 9857 6 46 89 2
16.5 9857 6 46 89 2
16.625 9857 6 46 89 2
16.75 9857 4 48 89 2
16.875 9857 4 48 89 2
17 9856 5 47 90 2
17.125 9856 5 44 93 2
17.25 9856 5 44 93 2
17.375 9856 5 43 94 2
17.5 9856 4 44 94 2
17.625 9855 5 41 97 2
17.75 9855 5 40 98 2
17.875 9855 5 39 99 2
18 9854 5 39 100 2
18.125 9854 5 39 100 2
18.25 9854 4 40 100 2
18.375 9854 3 40 101 2
18.5 9852 5 38 103 2
18.625 9852 5 38 103 2
18.75 9852 5 38 103 2
18.875 9852 4 39 103 2
19 9852 4 38 104 2
19.125 9850 6 37 105 2
19.25 9850 6 36 106 2
19.375 9850 5 37 106 2
19.5 9850 5 37 106 2
19.625 9850 5 37 106 2
19.75 9850 5 37 106 2
19.875 9850 5 36 107 2
20 9850 5 35 108 2
20.125 9850 5 34 109 2
20.25 9850 5 32 111 2
20.375 9850 4 33 111 2
20.5 9850 3 32 113 2
20.625 9850 3 31 114 2
20.75 9849 4 30 115 2
20.875 9849 4 30 115 2
21 9849 3 30 116 2
21.125 9849 3 28 118 2
21.25 9848 4 27 119 2
21.375 9848 3 28 119 2
21.5 9847 4 27 120 2
21.625 9847 4 27 120 2
21.75 9847 3 26 122 2
21.875 9847 2 27 122 2
22 9847 2 27 122 2
22.125 9847 2 27 122 2
22.25 9847 2 26 123 2
22.375 9847 2 25 124 2
22.5 9847 2 25 124 2
22.625 9847 2 25 124 2
22.75 9847 2 25 124 2
22.875 9847 2 25 124 2
23 9847 2 24 125 2
23.125 9847 2 24 125 2
23.25 9847 2 24 125 2
23.375 9847 2 24 125 2
23.5 9847 1 24 126 2
23.625 9847 1 24 126 2
23.75 9847 1 23 127 2
23.875 9847 1 22 128 2
24 9847 1 21 129 2
24.125 9847 1 21 129 2
24.25 9847 1 21 129 2
24.375 9847 1 21 129 2
24.5 9847 1 19 131 2
24.625 9847 1 18 132 2
24.75 9847 1 17 133 2
24.875 9847 1 17 133 2
25 9847 1 17 133 2
25.125 9847 1 16 134 2
25.25 9847 1 16 134 2
25.375 9847 1 16 134 2
25.5 9847 1 16 134 2
25.625 9847 1 16 134 2
25.75 9847 1 16 134 2
25.875 9847 1 16 134 2
26 9847 1 16 134 2
26.125 9847 1 16 134 2
26.25 9846 2 16 134 2
26.375 9846 2 15 135 2
26.5 9846 2 15 135 2
26.625 9846 2 14 136 2
26.75 9846 2 14 136 2
26.875 9846 2 14 136 2
27 9845 3 14 136 2
27.125 9845 3 13 137 2
27.25 9845 3 11 139 2
27.375 9845 3 10 140 2
27.5 9845 3 10 140 2
27.625 9845 3 10 140 2
27.75 9845 2 10 141 2
27.875 9845 1 11 141 2
28 9845 1 11 141 2
28.125 9845 1 9 143 2
28.25 9845 1 9 143 2
28.375 9845 1 9 143 2
28.5 9845 1 9 143 2
28.625 9845 1 9 143 2
28.75 9845 1 9 143 2
28.875 9845 1 9 143 2
29 9845 1 9 143 2
29.125 9845 1 8 144 2
29.25 9845 0 9 144 2
29.375 9845 0 9 144 2
29.5 9845 0 9 144 2
29.625 9845 0 9 144 2
29.75 9845 0 7 146 2
29.875 9845 0 7 146 2
30 9844 1 7 146 2
30.125 9844 1 7 146 2
30.25 9844 1 6 147 2
30.375 9844 1 6 147 2
30.5 9844 1 6 147 2
30.625 9844 1 6 147 2
30.75 9844 1 5 148 2
30.875 9844 1 5 148 2
31 9844 1 5 148 2
31.125 9844 1 5 148 2
31.25 9844 0 6 148 2
31.375 9844 0 5 149 2
31.5 9844 0 5 149 2
31.625 9844 0 5 149 2
31.75 9844 0 5 149 2
31.875 9844 0 5 149 2
32 9844 0 5 149 2
32.125 9844 0 5 149 2
32.25 9844 0 5 149 2
32.375 9844 0 5 149 2
32.5 9844 0 5 149 2
32.625 9844 0 5 149 2
32.75 9844 0 4 150 2
32.875 9844 0 4 150 2
33 9844 0 4 150 2
33.125 9844 0 4 150 2
33.25 9844 0 4 150 2
33.375 9844 0 4 150 2
33.5 9844 0 4 150 2
33.625 9844 0 4 150 2
33.75 9844 0 4 150 2
33.875 9844 0 4 150 2
34 9844 0 4 150 2
34.125 9844 0 4 150 2
34.25 9844 0 4 150 2
34.375 9844 0 3 151 2
34.5 9844 0 3 151 2
34.625 9844 0 3 151 2
34.75 9844 0 3 151 2
34.875 9844 0 3 151 2
35 9844 0 3 151 2
35.125 9844 0 3 151 2
35.25 9844 0 2 152 2
35.375 9844 0 2 152 2
35.5 9844 0 2 152 2
35.625 9844 0 2 152 2
35.75 9844 0 2 152 2
35.875 9844 0 2 152 2
36 9844 0 2 152 2
36.125 9844 0 2 152 2
36.25 9844 0 2 152 2
36.375 9844 0 2 152 2
36.5 9844 0 2 152 2
36.625 9844 0 2 152 2
36.75 9844 0 2 152 2
36.875 9844 0 2 152 2
37 9844 0 1 153 2
37.125 9844 0 1 153 2
37.25 9844 0 1 153 2
37.375 9844 0 1 153 2
37.5 9844 0 1 153 2
37.625 9844 0 1 153 2
37.75 9844 0 1 153 2
37.875 9844 0 1 153 2
38 9844 0 1 153 2
38.125 9844 0 1 153 2
38.25 9844 0 1 153 2
38.375 9844 0 1 153 2
38.5 9844 0 1 153 2
38.625 9844 0 1 153 2
38.75 9844 0 1 153 2
38.875 9844 0 1 153 2
39 9844 0 1 153 2
39.125 9844 0 1 153 2
39.25 9844 0 1 153 2
39.375 9844 0 1 153 2
39.5 9844 0 1 153 2
39.625 9844 0 1 153 2
39.75 9844 0 1 153 2
39.875 9844 0 1 153 2
40 9844 0 1 153 2
40.125 9844 0 1 153 2
40.25 9844 0 1 153 2
40.375 9844 0 1 153 2
40.5 9844 0 1 153 2
40.625 9844 0 1 153 2
40.75 9844 0 1 153 2
40.875 9844 0 1 153 2
41 9844 0 1 153 2
41.125 9844 0 1 153 2
41.25 9844 0 1 153 2
41.375 9844 0 1 153 2
41.5 9844 0 1 153 2
41.625 9844 0 0 154 2
