t S E I R D
0 9998 0 2 0 0
0.125 9998 0 1 1 0
0.25 9998 0 1 1 0
0.375 9998 0 1 1 0
0.5 9998 0 1 1 0
0.625 9998 0 1 1 0
0.75 9998 0 1 1 0
0.875 9998 0 1 1 0
1 9998 0 1 1 0
1.125 9998 0 1 1 0
1.25 9998 0 1 1 0
1.375 9998 0 1 1 0
1.5 9998 0 1 1 0
1.625 9998 0 1 1 0
1.75 9998 0 1 1 0
1.875 9998 0 1 1 0
2 9998 0 1 1 0
2.125 9998 0 1 1 0
2.25 9998 0 1 1 0
2.375 9998 0 1 1 0
2.5 9998 0 1 1 0
2.625 9998 0 1 1 0
2.75 9998 0 1 1 0
2.875 9998 0 1 1 0
3 9998 0 1 1 0
3.125 9998 0 1 1 0
3.25 9998 0 1 1 0
3.375 9998 0 1 1 0
3.5 9998 0 1 1 0
3.625 9998 0 1 1 0
3.75 9998 0 1 1 0
3.875 9998 0 1 1 0
4 9998 0 1 1 0
4.125 9998 0 1 1 0
4.25 9997 1 1 1 0
4.375 9997 1 1 1 0
4.5 9997 1 1 1 0
4.625 9997 1 0 2 0
4.75 9997 1 0 2 0
4.875 9997 1 0 2 0
5 9997 1 0 2 0
5.125 9997 1 0 2 0
5.25 9997 1 0 2 0
5.375 9997 1 0 2 0
5.5 9997 1 0 2 0
5.625 9997 1 0 2 0
5.75 9997 1 0 2 0
5.875 9997 0 1 2 0
6 9996 1 1 2 0
6.125 9996 1 1 2 0
6.25 9996 1 1 2 0
6.375 9996 1 1 2 0
6.5 9996 1 1 2 0
6.625 9996 1 1 2 0
6.75 9996 1 1 2 0
6.875 9996 1 1 2 0
7 9996 1 1 2 0
7.125 9996 1 1 2 0
7.25 9996 1 1 2 0
7.375 9996 1 1 2 0
7.5 9996 1 1 2 0
7.625 9996 1 1 2 0
7.75 9995 2 1 2 0
7.875 9995 2 1 2 0
8 9995 2 1 2 0
8.125 9995 2 1 2 0
8.25 9995 2 1 2 0
8.375 9995 2 1 2 0
8.5 9995 2 1 2 0
8.625 9995 2 1 2 0
8.75 9994 3 1 2 0
8.875 9994 3 1 2 0
9 9994 3 1 2 0
9.125 9994 3 1 2 0
9.25 9994 3 1 2 0
9.375 9994 3 1 2 0
9.5 9994 3 1 2 0
9.625 9994 3 1 2 0
9.75 9993 3 2 2 0
9.875 9993 3 2 2 0
10 9993 3 2 2 0
10.125 9993 3 2 2 0
10.25 9992 4 2 2 0
10.375 9991 5 2 2 0
10.5 9991 4 3 2 0
10.625 9989 6 3 2 0
10.75 9985 10 3 2 0
10.875 9980 14 4 2 0
11 9977 15 6 2 0
11.125 9975 17 6 2 0
11.25 9972 20 6 2 0
11.375 9970 21 7 2 0
11.5 9968 22 8 2 0
11.625 9967 21 10 2 0
11.75 9962 24 12 2 0
11.875 9946 40 11 3 0
12 9932 53 12 3 0
12.125 9917 66 14 3 0
12.25 9896 83 18 3 0
12.375 9881 91 25 3 0
12.5 9856 114 27 3 0
12.625 9833 133 28 6 0
12.75 9821 139 33 7 0
12.875 9816 131 44 9 0
13 9803 138 48 11 0
13.125 9797 135 57 11 0
13.25 9786 137 64 13 0
13.375 9773 138 76 13 0
13.5 9767 138 80 15 0
13.625 9754 138 92 16 0
13.75 9739 142 100 19 0
13.875 9727 147 101 24 1
14 9716 150 105 28 1
14.125 9706 148 117 28 1
14.25 9679 167 125 28 1
14.375 9655 181 135 28 1
14.5 9631 197 141 30 1
14.625 9596 219 148 36 1
14.75 9572 231 156 40 1
14.875 9544 246 164 45 1
15 9524 249 177 49 1
15.125 9487 272 186 54 1
15.25 9459 286 197 57 1
15.375 9423 305 208 63 1
15.5 9388 326 215 70 1
15.625 9367 320 238 74 1
15.75 9334 329 254 82 1
15.875 9316 328 266 89 1
16 9276 344 285 94 1
16.125 9241 352 308 98 1
16.25 9204 365 324 106 1
16.375 9175 379 332 113 1
16.5 9138 389 353 119 1
16.625 9106 395 373 125 1
16.75 9076 403 384 136 1
16.875 9050 404 404 141 1
17 9026 411 412 150 1
17.125 8996 411 433 159 1
17.25 8970 414 450 165 1
17.375 8928 430 467 174 1
17.5 8906 423 487 183 1
17.625 8874 428 498 199 1
17.75 8846 430 514 209 1
17.875 8820 435 524 220 1
18 8791 436 543 229 1
18.125 8760 442 562 235 1
18.25 8720 453 575 251 1
18.375 8690 450 594 265 1
18.5 8660 447 613 279 1
18.625 8609 461 631 298 1
18.75 8579 460 649 311 1
18.875 8532 483 656 328 1
19 8497 490 676 336 1
19.125 8460 491 701 347 1
19.25 8410 510 719 360 1
19.375 8379 514 726 380 1
19.5 8346 522 738 393 1
19.625 8310 526 758 405 1
19.75 8262 536 783 418 1
19.875 8231 539 796 433 1
20 8204 522 827 446 1
20.125 8155 538 847 459 1
20.25 8121 537 866 475 1
20.375 8093 532 884 490 1
20.5 8067 529 887 516 1
20.625 8035 528 896 540 1
20.75 7999 534 905 561 1
20.875 7967 537 922 573 1
21 7942 523 946 587 2
21.125 7905 532 952 609 2
21.25 7877 526 965 629 3
21.375 7849 515 986 647 3
21.5 7819 520 995 663 3
21.625 7799 505 1001 692 3
21.75 7773 500 1015 709 3
21.875 7744 501 1017 735 3
22 7720 493 1030 754 3
22.125 7697 485 1052 763 3
22.25 7678 478 1057 784 3
22.375 7657 474 1068 798 3
22.5 7639 456 1081 820 4
22.625 7611 464 1078 843 4
22.75 7591 446 1096 863 4
22.875 7567 446 1096 887 4
23 7548 436 1104 908 4
23.125 7526 428 1110 931 5
23.25 7510 416 1116 953 5
23.375 7492 409 1108 986 5
23.5 7476 395 1122 1001 6
23.625 7456 385 1127 1026 6
23.75 7443 372 1137 1042 6
23.875 7428 365 1126 1075 6
24 7417 348 1126 1102 7
24.125 7402 348 1109 1134 7
24.25 7390 331 1111 1161 7
24.375 7380 325 1099 1189 7
24.5 7368 315 1105 1205 7
24.625 7360 298 1111 1224 7
24.75 7352 290 1110 1241 7
24.875 7345 273 1113 1262 7
25 7336 265 1102 1289 8
25.125 7320 266 1102 1303 9
25.25 7310 261 1091 1329 9
25.375 7295 260 1080 1356 9
25.5 7287 256 1070 1377 10
25.625 7279 255 1062 1394 10
25.75 7275 247 1055 1412 11
25.875 7268 237 1048 1436 11
26 7260 231 1039 1458 12
26.125 7251 221 1046 1470 12
26.25 7246 215 1037 1488 14
26.375 7242 208 1033 1502 15
26.5 7234 204 1029 1518 15
26.625 7231 195 1020 1539 15
26.75 7227 188 1001 1569 15
26.875 7222 178 996 1589 15
27 7215 171 985 1614 15
27.125 7207 164 973 1641 15
27.25 7203 160 960 1662 15
27.375 7199 158 946 1682 15
27.5 7192 153 939 1701 15
27.625 7188 143 937 1716 16
27.75 7186 136 928 1733 17
27.875 7182 131 911 1759 17
28 7180 125 904 1774 17
28.125 7178 117 889 1799 17
28.25 7173 116 881 1813 17
28.375 7171 113 868 1831 17
28.5 7166 108 857 1852 17
28.625 7165 101 848 1869 17
28.75 7163 93 843 1884 17
28.875 7162 88 827 1906 17
29 7162 83 812 1926 17
29.125 7161 80 799 1942 18
29.25 7158 76 785 1963 18
29.375 7155 75 775 1977 18
29.5 7151 73 767 1991 18
29.625 7151 71 755 2005 18
29.75 7151 64 747 2020 18
29.875 7150 59 740 2032 19
30 7146 58 728 2049 19
30.125 7144 55 711 2071 19
30.25 7142 54 699 2086 19
30.375 7140 54 685 2102 19
30.5 7138 52 678 2112 20
30.625 7137 49 663 2131 20
30.75 7136 49 655 2140 20
30.875 7134 45 651 2150 20
31 7130 46 639 2165 20
31.125 7130 42 635 2173 20
31.25 7128 38 633 2181 20
31.375 7128 37 624 2191 20
31.5 7125 38 614 2203 20
31.625 7125 35 601 2219 20
31.75 7125 33 587 2235 20
31.875 7124 30 582 2244 20
32 7123 26 578 2253 20
32.125 7123 25 568 2264 20
32.25 7121 26 562 2271 20
32.375 7120 26 551 2283 20
32.5 7118 26 541 2295 20
32.625 7115 28 533 2304 20
32.75 7114 27 527 2312 20
32.875 7114 26 503 2337 20
33 7112 27 492 2349 20
33.125 7112 25 488 2355 20
33.25 7112 25 480 2363 20
33.375 7112 24 475 2369 20
33.5 7112 21 469 2378 20
33.625 7112 21 456 2391 20
33.75 7112 20 448 2400 20
33.875 7111 18 440 2411 20
34 7110 18 431 2421 20
34.125 7110 18 423 2429 20
34.25 7109 18 416 2437 20
34.375 7109 17 407 2447 20
34.5 7109 16 396 2459 20
34.625 7109 16 390 2465 20
34.75 7109 15 385 2471 20
34.875 7109 14 377 2480 20
35 7109 11 369 2491 20
35.125 7108 12 361 2499 20
35.25 7108 12 354 2506 20
35.375 7107 12 347 2514 20
35.5 7107 12 336 2525 20
35.625 7107 12 326 2534 21
35.75 7107 11 322 2539 21
35.875 7107 10 316 2546 21
36 7106 11 314 2548 21
36.125 7105 11 310 2553 21
36.25 7103 12 304 2559 22
36.375 7103 12 295 2568 22
36.5 7103 12 289 2574 22
36.625 7103 12 279 2584 22
36.75 7103 12 273 2590 22
36.875 7103 12 270 2593 22
37 7103 12 264 2599 22
37.125 7103 11 259 2605 22
37.25 7103 11 253 2611 22
37.375 7103 9 249 2617 22
37.5 7103 7 242 2626 22
37.625 7103 7 240 2628 22
37.75 7102 8 238 2630 22
37.875 7102 8 231 2637 22
38 7101 9 227 2641 22
38.125 7101 9 223 2645 22
38.25 7101 8 217 2652 22
38.375 7100 8 214 2656 22
38.5 7100 7 214 2657 22
38.625 7100 7 210 2661 22
38.75 7100 6 206 2666 22
38.875 7099 7 205 2667 22
39 7099 6 202 2671 22
39.125 7099 6 197 2676 22
39.25 7099 5 195 2679 22
39.375 7099 5 188 2686 22
39.5 7099 5 182 2692 22
39.625 7098 6 181 2693 22
39.75 7098 5 175 2700 22
39.875 7098 4 173 2703 22
40 7098 4 170 2705 23
40.125 7098 3 168 2707 24
40.25 7098 3 166 2709 24
40.375 7098 2 164 2712 24
40.5 7096 4 157 2719 24
40.625 7095 4 156 2721 24
40.75 7095 4 155 2722 24
40.875 7094 5 154 2723 24
41 7094 5 145 2732 24
41.125 7094 5 142 2735 24
41.25 7094 5 137 2740 24
41.375 7093 6 133 2744 24
41.5 7093 6 132 2745 24
41.625 7092 7 126 2751 24
41.75 7091 6 123 2756 24
41.875 7091 6 120 2759 24
42 7090 5 121 2760 24
42.125 7090 5 117 2764 24
42.25 7090 4 115 2767 24
42.375 7090 4 112 2770 24
42.5 7090 4 111 2771 24
42.625 7090 4 108 2774 24
42.75 7090 4 106 2776 24
42.875 7090 4 104 2777 25
43 7090 3 105 2777 25
43.125 7089 4 105 2777 25
43.25 7089 4 104 2778 25
43.375 7089 4 101 2781 25
43.5 7089 4 98 2784 25
43.625 7089 4 97 2785 25
43.75 7089 4 95 2787 25
43.875 7089 4 95 2787 25
44 7089 3 94 2789 25
44.125 7089 3 90 2793 25
44.25 7089 3 89 2794 25
44.375 7089 3 88 2795 25
44.5 7089 2 89 2795 25
44.625 7089 1 88 2797 25
44.75 7089 1 86 2799 25
44.875 7089 1 85 2800 25
45 7089 1 85 2800 25
45.125 7089 1 85 2800 25
45.25 7089 1 83 2802 25
45.375 7089 1 80 2805 25
45.5 7089 1 79 2805 26
45.625 7089 1 77 2807 26
45.75 7089 1 74 2810 26
45.875 7089 1 72 2812 26
46 7089 1 72 2812 26
46.125 7089 1 71 2813 26
46.25 7089 1 69 2815 26
46.375 7089 1 68 2816 26
46.5 7089 1 66 2818 26
46.625 7089 1 62 2822 26
46.75 7089 1 61 2823 26
46.875 7089 1 60 2824 26
47 7089 1 59 2825 26
47.125 7089 1 57 2827 26
47.25 7089 1 57 2827 26
47.375 7089 1 57 2827 26
47.5 7089 1 57 2827 26
47.625 7089 1 56 2828 26
47.75 7089 0 56 2829 26
47.875 7089 0 54 2831 26
48 7089 0 54 2831 26
48.125 7089 0 50 2835 26
48.25 7089 0 50 2835 26
48.375 7089 0 50 2835 26
48.5 7089 0 48 2837 26
48.625 7089 0 47 2838 26
48.75 7089 0 46 2839 26
48.875 7089 0 46 2839 26
49 7089 0 45 2840 26
49.125 7089 0 45 2840 26
49.25 7089 0 44 2841 26
49.375 7089 0 44 2841 26
49.5 7089 0 44 2841 26
49.625 7089 0 44 2841 26
49.75 7089 0 42 2843 26
49.875 7089 0 42 2843 26
50 7089 0 40 2845 26
50.125 7089 0 39 2846 26
50.25 7089 0 39 2846 26
50.375 7089 0 39 2846 26
50.5 7089 0 36 2849 26
50.625 7089 0 35 2850 26
50.75 7089 0 35 2850 26
50.875 7089 0 34 2851 26
51 7089 0 33 2852 26
51.125 7089 0 33 2852 26
51.25 7089 0 32 2853 26
51.375 7089 0 30 2855 26
51.5 7089 0 27 2858 26
51.625 7089 0 26 2859 26
51.75 7089 0 26 2859 26
51.875 7089 0 26 2859 26
52 7089 0 26 2859 26
52.125 7089 0 25 2860 26
52.25 7089 0 25 2860 26
52.375 7089 0 25 2860 26
52.5 7089 0 24 2861 26
52.625 7089 0 23 2862 26
52.75 7089 0 23 2862 26
52.875 7089 0 22 2863 26
53 7089 0 21 2864 26
53.125 7089 0 21 2864 26
53.25 7089 0 21 2864 26
53.375 7089 0 21 2864 26
53.5 7089 0 21 2864 26
53.625 7089 0 21 2864 26
53.75 7089 0 20 2865 26
53.875 7089 0 20 2865 26
54 7089 0 20 2865 26
54.125 7089 0 19 2866 26
54.25 7089 0 18 2867 26
54.375 7089 0 18 2867 26
54.5 7089 0 18 2867 26
54.625 7089 0 18 2867 26
54.75 7089 0 18 2867 26
54.875 7089 0 17 2868 26
55 7089 0 15 2870 26
55.125 7089 0 14 2871 26
55.25 7089 0 14 2871 26
55.375 7089 0 14 2871 26
55.5 7089 0 14 2871 26
55.625 7089 0 12 2873 26
55.75 7089 0 12 2873 26
55.875 7089 0 12 2873 26
56 7089 0 11 2874 26
56.125 7089 0 11 2874 26
56.25 7089 0 10 2875 26
56.375 7089 0 10 2875 26
56.5 7089 0 10 2875 26
56.625 7089 0 9 2876 26
56.75 7089 0 9 2876 26
56.875 7089 0 9 2876 26
57 7089 0 9 2876 26
57.125 7089 0 9 2876 26
57.25 7089 0 9 2876 26
57.375 7089 0 9 2876 26
57.5 7089 0 9 2876 26
57.625 7089 0 8 2877 26
57.75 7089 0 8 2877 26
57.875 7089 0 8 2877 26
58 7089 0 8 2877 26
58.125 7089 0 8 2877 26
58.25 7089 0 8 2877 26
58.375 7089 0 7 2878 26
58.5 7089 0 7 2878 26
58.625 7089 0 7 2878 26
58.75 7089 0 7 2878 26
58.875 7089 0 7 2878 26
59 7089 0 6 2879 26
59.125 7089 0 6 2879 26
59.25 7089 0 6 2879 26
59.375 7089 0 6 2879 26
59.5 7089 0 6 2879 26
59.625 7089 0 6 2879 26
59.75 7089 0 5 2880 26
59.875 7089 0 5 2880 26
60 7089 0 5 2880 26
60.125 7089 0 5 2880 26
60.25 7089 0 5 2880 26
60.375 7089 0 5 2880 26
60.5 7089 0 5 2880 26
60.625 7089 0 5 2880 26
60.75 7088 1 4 2881 26
60.875 7088 1 4 2881 26
61 7088 1 4 2881 26
61.125 7088 1 4 2881 26
61.25 7088 1 4 2881 26
61.375 7088 1 4 2881 26
61.5 7088 1 4 2881 26
61.625 7088 1 4 2881 26
61.75 7088 1 4 2881 26
61.875 7088 1 4 2881 26
62 7088 1 4 2881 26
62.125 7088 1 4 2881 26
62.25 7088 1 4 2881 26
62.375 7088 1 4 2881 26
62.5 7088 1 3 2882 26
62.625 7088 1 3 2882 26
62.75 7088 1 3 2882 26
62.875 7088 0 4 2882 26
63 7088 0 4 2882 26
63.125 7088 0 4 2882 26
63.25 7088 0 4 2882 26
63.375 7088 0 4 2882 26
63.5 7088 0 4 2882 26
63.625 7088 0 4 2882 26
63.75 7088 0 4 2882 26
63.875 7088 0 4 2882 26
64 7088 0 4 2882 26
64.125 7088 0 4 2882 26
64.25 7088 0 4 2882 26
64.375 7088 0 4 2882 26
64.5 7088 0 4 2882 26
64.625 7088 0 4 2882 26
64.75 7088 0 4 2882 26
64.875 7088 0 4 2882 26
65 7088 0 4 2882 26
65.125 7088 0 4 2882 26
65.25 7088 0 4 2882 26
65.375 7088 0 4 2882 26
65.5 7088 0 3 2883 26
65.625 7088 0 3 2883 26
65.75 7088 0 3 2883 26
65.875 7088 0 3 2883 26
66 7088 0 2 2884 26
66.125 7088 0 2 2884 26
66.25 7088 0 2 2884 26
66.375 7088 0 2 2884 26
66.5 7088 0 2 2884 26
66.625 7088 0 2 2884 26
66.75 7088 0 2 2884 26
66.875 7088 0 2 2884 26
67 7088 0 2 2884 26
67.125 7088 0 2 2884 26
67.25 7088 0 1 2885 26
67.375 7088 0 1 2885 26
67.5 7088 0 1 2885 26
67.625 7088 0 1 2885 26
67.75 7088 0 1 2885 26
67.875 7088 0 1 2885 26
68 7088 0 1 2885 26
68.125 7088 0 1 2885 26
68.25 7088 0 1 2885 26
68.375 7088 0 1 2885 26
68.5 7088 0 1 2885 26
68.625 7088 0 1 2885 26
68.75 7088 0 1 2885 26
68.875 7088 0 1 2885 26
69 7088 0 1 2885 26
69.125 7088 0 1 2885 26
69.25 7088 0 1 2885 26
69.375 7088 0 0 2886 26
