t S E I R D
0 9998 0 2 0 0
0.125 9997 1 2 0 0
0.25 9997 1 2 0 0
0.375 9997 1 2 0 0
0.5 9996 2 2 0 0
0.625 9996 1 3 0 0
0.75 9993 4 3 0 0
0.875 9993 4 3 0 0
1 9990 7 3 0 0
1.125 9990 6 4 0 0
1.25 9990 5 5 0 0
1.375 9988 6 6 0 0
1.5 9980 13 6 1 0
1.625 9980 12 7 1 0
1.75 9980 11 8 1 0
1.875 9979 9 11 1 0
2 9979 9 11 1 0
2.125 9976 11 12 1 0
2.25 9973 14 12 1 0
2.375 9970 17 12 1 0
2.5 9968 19 12 1 0
2.625 9968 19 11 2 0
2.75 9967 20 10 3 0
2.875 9967 19 10 4 0
3 9967 18 11 4 0
3.125 9966 18 11 5 0
3.25 9964 20 11 5 0
3.375 9962 21 12 5 0
3.5 9961 21 13 5 0
3.625 9959 23 13 5 0
3.75 9954 26 14 6 0
3.875 9953 25 15 7 0
4 9944 33 16 7 0
4.125 9939 37 16 8 0
4.25 9933 39 20 8 0
4.375 9931 40 21 8 0
4.5 9923 43 26 8 0
4.625 9913 51 28 8 0
4.75 9901 59 32 8 0
4.875 9891 64 37 8 0
5 9884 67 40 9 0
5.125 9869 79 43 9 0
5.25 9849 96 45 10 0
5.375 9831 101 56 12 0
5.5 9818 110 59 13 0
5.625 9806 113 67 14 0
5.75 9778 138 66 18 0
5.875 9749 160 73 18 0
6 9722 180 79 19 0
6.125 9697 190 92 21 0
6.25 9654 220 100 26 0
6.375 9606 252 113 29 0
6.5 9557 287 127 29 0
6.625 9527 297 143 33 0
6.75 9481 319 164 36 0
6.875 9438 342 179 41 0
7 9397 362 194 47 0
7.125 9356 377 218 49 0
7.25 9324 390 230 55 1
7.375 9263 430 247 59 1
7.5 9230 442 265 62 1
7.625 9180 469 282 68 1
7.75 9129 483 314 73 1
7.875 9086 494 340 79 1
8 9036 516 357 90 1
8.125 8989 535 373 102 1
8.25 8924 565 406 104 1
8.375 8864 592 432 111 1
8.5 8803 619 453 124 1
8.625 8743 642 481 132 2
8.75 8672 674 508 144 2
8.875 8591 704 548 155 2
9 8522 737 574 165 2
9.125 8442 756 621 179 2
9.25 8372 771 668 187 2
9.375 8297 790 714 197 2
9.5 8224 809 747 218 2
9.625 8167 825 770 236 2
9.75 8096 847 802 253 2
9.875 8028 856 840 274 2
10 7934 887 881 296 2
10.125 7853 916 914 314 3
10.25 7787 920 958 332 3
10.375 7702 958 988 349 3
10.5 7610 984 1028 375 3
10.625 7525 998 1075 398 4
10.75 7445 1011 1118 422 4
10.875 7351 1044 1154 447 4
11 7255 1079 1192 470 4
11.125 7175 1082 1245 494 4
11.25 7091 1108 1268 528 5
11.375 6998 1132 1306 559 5
11.5 6907 1148 1348 592 5
11.625 6827 1152 1396 620 5
11.75 6734 1187 1423 651 5
11.875 6637 1208 1467 683 5
12 6539 1229 1519 708 5
12.125 6449 1233 1574 739 5
12.25 6374 1220 1628 773 5
12.375 6284 1215 1695 800 6
12.5 6199 1221 1745 829 6
12.625 6119 1230 1778 867 6
12.75 6044 1244 1790 916 6
12.875 5975 1243 1815 961 6
13 5910 1221 1871 991 7
13.125 5828 1239 1898 1026 9
13.25 5761 1218 1946 1066 9
13.375 5680 1216 1992 1103 9
13.5 5622 1193 2026 1150 9
13.625 5549 1206 2040 1195 10
13.75 5482 1209 2060 1239 10
13.875 5408 1214 2079 1288 11
14 5336 1212 2109 1332 11
14.125 5285 1181 2151 1372 11
14.25 5219 1163 2186 1421 11
14.375 5165 1149 2205 1470 11
14.5 5093 1147 2228 1519 13
14.625 5023 1142 2262 1560 13
14.75 4953 1152 2283 1599 13
14.875 4891 1156 2304 1635 14
15 4832 1135 2343 1676 14
15.125 4774 1115 2380 1717 14
15.25 4712 1099 2411 1763 15
15.375 4659 1082 2427 1816 16
15.5 4591 1077 2456 1860 16
15.625 4526 1077 2472 1908 17
15.75 4474 1069 2484 1953 20
15.875 4412 1067 2515 1984 22
16 4359 1058 2514 2047 22
16.125 4316 1028 2538 2096 22
16.25 4270 1028 2526 2154 22
16.375 4228 1004 2529 2216 23
16.5 4177 998 2533 2268 24
16.625 4128 988 2551 2309 24
16.75 4079 969 2550 2378 24
16.875 4021 972 2553 2430 24
17 3975 959 2554 2488 24
17.125 3935 942 2561 2537 25
17.25 3903 906 2577 2589 25
17.375 3847 903 2597 2628 25
17.5 3790 902 2601 2682 25
17.625 3758 880 2593 2743 26
17.75 3721 864 2591 2798 26
17.875 3674 853 2594 2853 26
18 3627 851 2586 2910 26
18.125 3588 843 2572 2971 26
18.25 3557 816 2579 3021 27
18.375 3522 799 2592 3059 28
18.5 3495 778 2596 3103 28
18.625 3466 759 2596 3151 28
18.75 3428 754 2584 3206 28
18.875 3390 739 2584 3258 29
19 3361 732 2558 3320 29
19.125 3327 719 2557 3368 29
19.25 3298 713 2537 3421 31
19.375 3255 707 2525 3482 31
19.5 3222 697 2518 3532 31
19.625 3196 683 2496 3594 31
19.75 3162 675 2488 3644 31
19.875 3135 655 2478 3701 31
20 3113 633 2467 3756 31
20.125 3068 643 2462 3795 32
20.25 3036 648 2442 3840 34
20.375 3000 645 2421 3898 36
20.5 2973 625 2418 3947 37
20.625 2946 609 2403 4005 37
20.75 2910 601 2399 4053 37
20.875 2884 591 2375 4113 37
21 2860 577 2354 4172 37
21.125 2841 555 2339 4228 37
21.25 2806 554 2326 4276 38
21.375 2788 539 2315 4319 39
21.5 2760 534 2294 4373 39
21.625 2743 513 2290 4414 40
21.75 2721 501 2285 4452 41
21.875 2697 480 2282 4498 43
22 2677 472 2271 4537 43
22.125 2660 451 2267 4579 43
22.25 2638 447 2254 4617 44
22.375 2621 426 2242 4667 44
22.5 2594 420 2236 4706 44
22.625 2566 420 2212 4757 45
22.75 2537 422 2191 4804 46
22.875 2518 418 2178 4840 46
23 2507 395 2158 4892 48
23.125 2485 394 2147 4924 50
23.25 2461 390 2136 4962 51
23.375 2451 380 2102 5015 52
23.5 2430 383 2074 5060 53
23.625 2413 368 2065 5101 53
23.75 2394 370 2037 5145 54
23.875 2377 362 2014 5192 55
24 2359 360 1976 5247 58
24.125 2345 349 1961 5286 59
24.25 2336 342 1943 5320 59
24.375 2323 333 1924 5361 59
24.5 2309 328 1908 5396 59
24.625 2292 327 1892 5430 59
24.75 2284 322 1868 5466 60
24.875 2270 315 1854 5501 60
25 2258 306 1846 5530 60
25.125 2246 302 1824 5567 61
25.25 2236 294 1814 5595 61
25.375 2226 292 1794 5627 61
25.5 2218 283 1777 5661 61
25.625 2210 270 1756 5702 62
25.75 2198 258 1739 5742 63
25.875 2188 246 1715 5788 63
26 2173 245 1698 5820 64
26.125 2166 236 1690 5843 65
26.25 2156 234 1661 5883 66
26.375 2147 229 1640 5918 66
26.5 2139 221 1615 5959 66
26.625 2128 217 1600 5989 66
26.75 2119 217 1575 6023 66
26.875 2112 209 1570 6043 66
27 2102 213 1536 6083 66
27.125 2094 210 1509 6121 66
27.25 2086 210 1492 6146 66
27.375 2075 208 1461 6189 67
27.5 2063 203 1456 6211 67
27.625 2053 199 1431 6249 68
27.75 2048 195 1395 6293 69
27.875 2041 194 1369 6326 70
28 2036 190 1346 6357 71
28.125 2028 184 1333 6383 72
28.25 2018 180 1317 6413 72
28.375 2013 169 1306 6439 73
28.5 2007 168 1280 6471 74
28.625 2000 165 1266 6495 74
28.75 1996 160 1250 6520 74
28.875 1990 160 1224 6551 75
29 1986 149 1218 6572 75
29.125 1976 145 1203 6599 77
29.25 1972 142 1182 6627 77
29.375 1961 144 1168 6650 77
29.5 1957 134 1156 6676 77
29.625 1950 133 1132 6707 78
29.75 1947 133 1110 6732 78
29.875 1944 131 1092 6753 80
30 1944 121 1076 6779 80
30.125 1939 112 1067 6802 80
30.25 1936 112 1047 6825 80
30.375 1935 109 1035 6840 81
30.5 1928 109 1021 6861 81
30.625 1925 107 1010 6877 81
30.75 1923 104 995 6897 81
30.875 1920 100 982 6917 81
31 1918 96 966 6939 81
31.125 1908 101 950 6960 81
31.25 1904 92 944 6979 81
31.375 1902 90 921 7005 82
31.5 1897 84 908 7029 82
31.625 1894 85 890 7048 83
31.75 1890 83 879 7065 83
31.875 1887 80 866 7084 83
32 1883 78 850 7106 83
32.125 1882 77 832 7126 83
32.25 1880 75 825 7137 83
32.375 1877 73 816 7151 83
32.5 1874 71 801 7171 83
32.625 1872 67 795 7183 83
32.75 1868 70 778 7201 83
32.875 1864 68 771 7214 83
33 1862 69 754 7232 83
33.125 1862 59 748 7248 83
33.25 1857 63 735 7262 83
33.375 1851 64 725 7277 83
33.5 1849 61 717 7290 83
33.625 1843 63 704 7306 84
33.75 1839 60 703 7314 84
33.875 1835 58 691 7332 84
34 1831 56 687 7342 84
34.125 1826 56 676 7358 84
34.25 1823 53 668 7372 84
34.375 1820 52 662 7382 84
34.5 1819 50 652 7395 84
34.625 1818 48 641 7409 84
34.75 1815 48 634 7418 85
34.875 1812 47 627 7429 85
35 1809 46 617 7443 85
35.125 1807 48 602 7458 85
35.25 1805 47 593 7469 86
35.375 1804 47 586 7477 86
35.5 1804 42 575 7492 87
35.625 1802 42 569 7500 87
35.75 1801 42 560 7510 87
35.875 1798 43 548 7524 87
36 1798 41 538 7536 87
36.125 1794 41 534 7544 87
36.25 1794 41 519 7559 87
36.375 1793 35 517 7568 87
36.5 1789 36 507 7581 87
36.625 1788 35 496 7594 87
36.75 1788 32 489 7604 87
36.875 1788 31 484 7610 87
37 1785 31 471 7626 87
37.125 1784 30 464 7635 87
37.25 1782 31 458 7642 87
37.375 1781 31 447 7654 87
37.5 1778 32 444 7659 87
37.625 1778 30 440 7665 87
37.75 1773 33 433 7674 87
37.875 1771 31 431 7680 87
38 1771 29 429 7684 87
38.125 1771 26 423 7693 87
38.25 1769 26 417 7701 87
38.375 1768 25 412 7708 87
38.5 1767 25 407 7714 87
38.625 1766 24 404 7719 87
38.75 1765 25 398 7725 87
38.875 1765 24 389 7735 87
39 1764 23 386 7740 87
39.125 1761 23 387 7742 87
39.25 1760 22 377 7754 87
39.375 1757 24 371 7761 87
39.5 1757 22 367 7767 87
39.625 1757 21 362 7773 87
39.75 1757 19 356 7781 87
39.875 1757 19 351 7786 87
40 1757 17 349 7790 87
40.125 1756 18 339 7799 88
40.25 1755 18 329 7810 88
40.375 1755 18 323 7816 88
40.5 1754 17 314 7827 88
40.625 1752 19 309 7832 88
40.75 1751 18 304 7839 88
40.875 1750 17 300 7845 88
41 1750 15 301 7846 88
41.125 1750 14 292 7856 88
41.25 1749 14 289 7860 88
41.375 1749 14 285 7864 88
41.5 1749 14 280 7869 88
41.625 1747 15 276 7874 88
41.75 1746 14 274 7878 88
41.875 1743 16 271 7882 88
42 1743 15 269 7885 88
42.125 1742 15 267 7888 88
42.25 1741 16 260 7895 88
42.375 1740 15 257 7900 88
42.5 1738 16 250 7907 89
42.625 1737 17 247 7910 89
42.75 1736 18 240 7917 89
42.875 1735 18 236 7922 89
43 1735 16 232 7928 89
43.125 1734 15 227 7935 89
43.25 1733 14 224 7940 89
43.375 1733 14 220 7944 89
43.5 1732 13 216 7950 89
43.625 1732 13 211 7955 89
43.75 1731 14 206 7960 89
43.875 1730 14 204 7963 89
44 1729 14 200 7968 89
44.125 1729 13 192 7977 89
44.25 1729 13 186 7983 89
44.375 1729 12 184 7985 90
44.5 1729 11 183 7987 90
44.625 1728 11 179 7992 90
44.75 1727 12 176 7995 90
44.875 1727 11 172 8000 90
45 1727 9 172 8002 90
45.125 1727 9 167 8007 90
45.25 1727 8 166 8009 90
45.375 1727 8 161 8014 90
45.5 1727 7 157 8019 90
45.625 1727 7 155 8021 90
45.75 1726 7 150 8027 90
45.875 1726 6 149 8029 90
46 1726 5 150 8029 90
46.125 1726 4 145 8035 90
46.25 1726 3 143 8038 90
46.375 1726 3 140 8041 90
46.5 1725 4 136 8045 90
46.625 1725 4 132 8049 90
46.75 1725 2 133 8050 90
46.875 1724 3 133 8050 90
47 1724 2 131 8053 90
47.125 1723 3 129 8055 90
47.25 1723 3 124 8060 90
47.375 1723 2 121 8064 90
47.5 1723 2 116 8069 90
47.625 1723 1 113 8073 90
47.75 1723 1 111 8075 90
47.875 1723 1 110 8076 90
48 1723 1 107 8078 91
48.125 1723 1 105 8080 91
48.25 1722 2 103 8082 91
48.375 1722 2 101 8084 91
48.5 1722 2 100 8085 91
48.625 1722 2 99 8086 91
48.75 1722 2 94 8091 91
48.875 1722 2 92 8093 91
49 1722 2 90 8095 91
49.125 1722 2 85 8100 91
49.25 1722 2 83 8102 91
49.375 1720 3 83 8103 91
49.5 1720 3 80 8106 91
49.625 1720 3 78 8108 91
49.75 1720 3 77 8109 91
49.875 1720 3 76 8110 91
50 1720 2 75 8112 91
50.125 1720 2 72 8115 91
50.25 1720 2 71 8116 91
50.375 1720 2 65 8122 91
50.5 1720 2 64 8123 91
50.625 1720 2 64 8123 91
50.75 1720 2 63 8123 92
50.875 1720 2 62 8124 92
51 1720 2 59 8127 92
51.125 1720 2 58 8128 92
51.25 1720 2 54 8132 92
51.375 1720 2 51 8135 92
51.5 1720 2 49 8137 92
51.625 1720 2 47 8139 92
51.75 1720 2 47 8139 92
51.875 1719 2 46 8141 92
52 1719 2 44 8143 92
52.125 1719 2 41 8146 92
52.25 1719 2 40 8147 92
52.375 1719 2 39 8148 92
52.5 1719 2 38 8149 92
52.625 1719 2 38 8149 92
52.75 1719 2 38 8149 92
52.875 1719 2 38 8149 92
53 1719 2 38 8149 92
53.125 1719 2 36 8151 92
53.25 1719 2 35 8152 92
53.375 1719 2 35 8152 92
53.5 1719 2 32 8155 92
53.625 1719 2 32 8155 92
53.75 1718 3 32 8155 92
53.875 1718 1 34 8155 92
54 1718 1 34 8155 92
54.125 1718 0 32 8158 92
54.25 1718 0 32 8158 92
54.375 1718 0 31 8159 92
54.5 1718 0 29 8161 92
54.625 1718 0 28 8162 92
54.75 1718 0 27 8163 92
54.875 1718 0 27 8163 92
55 1718 0 27 8163 92
55.125 1718 0 27 8163 92
55.25 1718 0 26 8164 92
55.375 1718 0 26 8164 92
55.5 1718 0 25 8165 92
55.625 1718 0 25 8165 92
55.75 1718 0 25 8165 92
55.875 1718 0 25 8165 92
56 1718 0 25 8165 92
56.125 1718 0 25 8165 92
56.25 1718 0 25 8165 92
56.375 1718 0 24 8166 92
56.5 1718 0 24 8166 92
56.625 1718 0 24 8166 92
56.75 1718 0 24 8166 92
56.875 1718 0 23 8167 92
57 1718 0 23 8167 92
57.125 1718 0 22 8168 92
57.25 1718 0 22 8168 92
57.375 1718 0 22 8168 92
57.5 1718 0 21 8169 92
57.625 1718 0 20 8170 92
57.75 1718 0 20 8170 92
57.875 1718 0 20 8170 92
58 1718 0 20 8170 92
58.125 1718 0 19 8171 92
58.25 1718 0 19 8171 92
58.375 1718 0 19 8171 92
58.5 1718 0 18 8172 92
58.625 1718 0 18 8172 92
58.75 1718 0 18 8172 92
58.875 1718 0 18 8172 92
59 1718 0 18 8172 92
59.125 1718 0 17 8173 92
59.25 1718 0 16 8174 92
59.375 1718 0 16 8174 92
59.5 1718 0 15 8175 92
59.625 1718 0 15 8175 92
59.75 1718 0 15 8175 92
59.875 1718 0 15 8175 92
60 1718 0 14 8176 92
60.125 1718 0 14 8176 92
60.25 1718 0 13 8177 92
60.375 1718 0 13 8177 92
60.5 1718 0 12 8178 92
60.625 1718 0 12 8178 92
60.75 1718 0 11 8179 92
60.875 1718 0 11 8179 92
61 1718 0 11 8179 92
61.125 1718 0 11 8179 92
61.25 1718 0 11 8179 92
61.375 1718 0 11 8179 92
61.5 1718 0 11 8179 92
61.625 1718 0 10 8180 92
61.75 1718 0 10 8180 92
61.875 1718 0 10 8180 92
62 1718 0 10 8180 92
62.125 1718 0 10 8180 92
62.25 1718 0 10 8180 92
62.375 1718 0 10 8180 92
62.5 1718 0 10 8180 92
62.625 1718 0 8 8182 92
62.75 1718 0 8 8182 92
62.875 1718 0 7 8183 92
63 1718 0 7 8183 92
63.125 1718 0 6 8184 92
63.25 1718 0 6 8184 92
63.375 1718 0 6 8184 92
63.5 1718 0 6 8184 92
63.625 1718 0 6 8184 92
63.75 1718 0 6 8184 92
63.875 1718 0 6 8184 92
64 1718 0 6 8184 92
64.125 1718 0 6 8184 92
64.25 1718 0 5 8185 92
64.375 1718 0 5 8185 92
64.5 1718 0 5 8185 92
64.625 1718 0 5 8185 92
64.75 1718 0 5 8185 92
64.875 1718 0 5 8185 92
65 1718 0 5 8185 92
65.125 1718 0 4 8186 92
65.25 1718 0 4 8186 92
65.375 1718 0 4 8186 92
65.5 1718 0 4 8186 92
65.625 1718 0 4 8186 92
65.75 1718 0 4 8186 92
65.875 1718 0 4 8186 92
66 1718 0 4 8186 92
66.125 1718 0 4 8186 92
66.25 1718 0 4 8186 92
66.375 1718 0 4 8186 92
66.5 1718 0 4 8186 92
66.625 1718 0 4 8186 92
66.75 1718 0 3 8187 92
66.875 1718 0 3 8187 92
67 1718 0 3 8187 92
67.125 1718 0 3 8187 92
67.25 1718 0 3 8187 92
67.375 1718 0 3 8187 92
67.5 1718 0 3 8187 92
67.625 1718 0 3 8187 92
67.75 1718 0 3 8187 92
67.875 1718 0 3 8187 92
68 1718 0 3 8187 92
68.125 1718 0 3 8187 92
68.25 1717 1 3 8187 92
68.375 1717 1 3 8187 92
68.5 1717 1 3 8187 92
68.625 1717 1 3 8187 92
68.75 1717 1 3 8187 92
68.875 1717 1 3 8187 92
69 1717 0 4 8187 92
69.125 1717 0 3 8188 92
69.25 1717 0 3 8188 92
69.375 1717 0 3 8188 92
69.5 1717 0 3 8188 92
69.625 1717 0 3 8188 92
69.75 1717 0 3 8188 92
69.875 1717 0 3 8188 92
70 1717 0 3 8188 92
70.125 1717 0 3 8188 92
70.25 1717 0 3 8188 92
70.375 1717 0 3 8188 92
70.5 1717 0 2 8189 92
70.625 1717 0 2 8189 92
70.75 1717 0 2 8189 92
70.875 1717 0 2 8189 92
71 1717 0 2 8189 92
71.125 1717 0 2 8189 92
71.25 1717 0 2 8189 92
71.375 1717 0 2 8189 92
71.5 1717 0 2 8189 92
71.625 1717 0 1 8190 92
71.75 1717 0 1 8190 92
71.875 1717 0 1 8190 92
72 1717 0 1 8190 92
72.125 1717 0 1 8190 92
72.25 1717 0 1 8190 92
72.375 1717 0 1 8190 92
72.5 1717 0 1 8190 92
72.625 1717 0 1 8190 92
72.75 1717 0 1 8190 92
72.875 1717 0 1 8190 92
73 1717 0 1 8190 92
73.125 1717 0 1 8190 92
73.25 1717 0 1 8190 92
73.375 1717 0 1 8190 92
73.5 1717 0 1 8190 92
73.625 1717 0 1 8190 92
73.75 1717 0 1 8190 92
73.875 1717 0 1 8190 92
74 1717 0 1 8190 92
74.125 1717 0 1 8190 92
74.25 1717 0 1 8190 92
74.375 1717 0 1 8190 92
74.5 1717 0 1 8190 92
74.625 1717 0 1 8190 92
74.75 1717 0 1 8190 92
74.875 1717 0 1 8190 92
75 1717 0 1 8190 92
75.125 1717 0 1 8190 92
75.25 1717 0 1 8190 92
75.375 1717 0 1 8190 92
75.5 1717 0 1 8190 92
75.625 1717 0 1 8190 92
75.75 1717 0 1 8190 92
75.875 1717 0 1 8190 92
76 1717 0 1 8190 92
76.125 1717 0 1 8190 92
76.25 1717 0 1 8190 92
76.375 1717 0 1 8190 92
76.5 1717 0 1 8190 92
76.625 1717 0 1 8190 92
76.75 1717 0 1 8190 92
76.875 1717 0 1 8190 92
77 1717 0 1 8190 92
77.125 1717 0 1 8190 92
77.25 1717 0 1 8190 92
77.375 1717 0 1 8190 92
77.5 1717 0 1 8190 92
77.625 1717 0 1 8190 92
77.75 1717 0 1 8190 92
77.875 1717 0 1 8190 92
78 1717 0 1 8190 92
78.125 1717 0 1 8190 92
78.25 1717 0 1 8190 92
78.375 1717 0 1 8190 92
78.5 1717 0 1 8190 92
78.625 1717 0 1 8190 92
78.75 1717 0 1 8190 92
78.875 1717 0 1 8190 92
79 1717 0 1 8190 92
79.125 1717 0 1 8190 92
79.25 1717 0 1 8190 92
79.375 1717 0 1 8190 92
79.5 1717 0 1 8190 92
79.625 1717 0 1 8190 92
79.75 1717 0 1 8190 92
79.875 1717 0 1 8190 92
80 1717 0 1 8190 92
80.125 1717 0 1 8190 92
80.25 1717 0 1 8190 92
80.375 1717 0 1 8190 92
80.5 1717 0 1 8190 92
80.625 1717 0 1 8190 92
80.75 1717 0 1 8190 92
80.875 1717 0 1 8190 92
81 1717 0 1 8190 92
81.125 1717 0 1 8190 92
81.25 1717 0 1 8190 92
81.375 1717 0 1 8190 92
81.5 1717 0 1 8190 92
81.625 1717 0 1 8190 92
81.75 1717 0 1 8190 92
81.875 1717 0 1 8190 92
82 1717 0 1 8190 92
82.125 1717 0 0 8191 92
