t S E I R D
0 9999 0 1 0 0
0.125 9999 0 1 0 0
0.25 9999 0 1 0 0
0.375 9999 0 1 0 0
0.5 9999 0 1 0 0
0.625 9999 0 1 0 0
0.75 9999 0 1 0 0
0.875 9999 0 1 0 0
1 9999 0 1 0 0
1.125 9999 0 1 0 0
1.25 9999 0 1 0 0
1.375 9999 0 1 0 0
1.5 9999 0 1 0 0
1.625 9999 0 1 0 0
1.75 9999 0 1 0 0
1.875 9999 0 1 0 0
2 9998 1 1 0 0
2.125 9998 1 1 0 0
2.25 9998 1 1 0 0
2.375 9998 1 1 0 0
2.5 9998 1 1 0 0
2.625 9998 1 1 0 0
2.75 9998 1 1 0 0
2.875 9998 0 2 0 0
3 9998 0 2 0 0
3.125 9998 0 2 0 0
3.25 9998 0 2 0 0
3.375 9998 0 2 0 0
3.5 9998 0 2 0 0
3.625 9998 0 2 0 0
3.75 9998 0 2 0 0
3.875 9998 0 2 0 0
4 9998 0 2 0 0
4.125 9997 1 2 0 0
4.25 9997 1 2 0 0
4.375 9997 1 2 0 0
4.5 9997 1 2 0 0
4.625 9997 1 2 0 0
4.75 9997 1 2 0 0
4.875 9997 0 3 0 0
5 9997 0 3 0 0
5.125 9997 0 3 0 0
5.25 9996 1 3 0 0
5.375 9996 0 4 0 0
5.5 9994 2 4 0 0
5.625 9989 7 4 0 0
5.75 9985 11 3 1 0
5.875 9980 16 3 1 0
6 9975 20 4 1 0
6.125 9968 25 6 1 0
6.25 9962 31 6 1 0
6.375 9957 33 9 1 0
6.5 9957 32 10 1 0
6.625 9954 33 12 1 0
6.75 9951 33 14 2 0
6.875 9950 33 15 2 0
7 9943 39 16 2 0
7.125 9939 41 18 2 0
7.25 9935 43 20 2 0
7.375 9934 41 23 2 0
7.5 9931 41 25 3 0
7.625 9925 44 23 8 0
7.75 9924 44 22 10 0
7.875 9923 42 24 11 0
8 9923 39 27 11 0
8.125 9920 41 27 12 0
8.25 9920 39 28 13 0
8.375 9917 40 30 13 0
8.5 9917 38 30 15 0
8.625 9917 36 30 17 0
8.75 9915 36 32 17 0
8.875 9914 36 32 18 0
9 9912 37 32 19 0
9.125 9911 37 33 19 0
9.25 9909 36 36 19 0
9.375 9908 34 38 20 0
9.5 9908 34 35 23 0
9.625 9905 36 35 24 0
9.75 9905 33 38 24 0
9.875 9902 35 39 24 0
10 9899 36 40 25 0
10.125 9895 37 41 27 0
10.25 9893 38 41 28 0
10.375 9892 37 42 29 0
10.5 9889 38 44 29 0
10.625 9884 39 48 29 0
10.75 9882 38 49 31 0
10.875 9879 37 53 31 0
11 9876 33 60 31 0
11.125 9870 36 62 32 0
11.25 9864 39 64 33 0
11.375 9857 43 64 36 0
11.5 9852 48 62 38 0
11.625 9850 46 64 39 1
11.75 9846 47 67 39 1
11.875 9838 54 68 39 1
12 9833 51 73 42 1
12.125 9821 61 74 43 1
12.25 9807 68 80 44 1
12.375 9790 81 83 45 1
12.5 9775 91 87 46 1
12.625 9761 102 87 49 1
12.75 9743 106 100 50 1
12.875 9726 115 107 51 1
13 9705 127 116 51 1
13.125 9679 149 118 53 1
13.25 9653 171 120 55 1
13.375 9628 187 127 57 1
13.5 9601 200 137 61 1
13.625 9578 206 151 64 1
13.75 9555 216 163 65 1
13.875 9538 226 167 68 1
14 9503 253 171 72 1
14.125 9477 263 183 76 1
14.25 9454 267 195 83 1
14.375 9420 291 199 89 1
14.5 9398 297 207 97 1
14.625 9375 312 210 102 1
14.75 9346 315 232 106 1
14.875 9315 327 245 112 1
15 9288 336 258 117 1
15.125 9258 345 271 125 1
15.25 9229 348 294 128 1
15.375 9186 367 316 130 1
15.5 9150 379 331 139 1
15.625 9113 399 340 147 1
15.75 9083 405 356 155 1
15.875 9050 407 381 161 1
16 9027 406 401 165 1
16.125 8985 421 421 172 1
16.25 8946 431 445 177 1
16.375 8905 440 465 188 2
16.5 8871 447 484 196 2
16.625 8844 441 509 204 2
16.75 8811 447 525 215 2
16.875 8776 453 543 226 2
17 8743 454 568 233 2
17.125 8713 454 590 241 2
17.25 8685 459 599 255 2
17.375 8645 476 608 269 2
17.5 8608 490 615 285 2
17.625 8565 500 629 304 2
17.75 8529 510 641 317 3
17.875 8485 510 672 330 3
18 8442 526 685 344 3
18.125 8404 523 714 356 3
18.25 8365 535 732 365 3
18.375 8315 549 742 390 4
18.5 8263 556 768 408 5
18.625 8224 556 791 424 5
18.75 8175 574 807 439 5
18.875 8135 583 817 460 5
19 8085 596 832 482 5
19.125 8046 589 863 497 5
19.25 8011 595 872 517 5
19.375 7961 601 894 539 5
19.5 7921 607 913 554 5
19.625 7885 604 939 567 5
19.75 7844 602 961 588 5
19.875 7807 588 997 603 5
20 7771 598 1015 611 5
20.125 7727 600 1042 626 5
20.25 7682 606 1055 652 5
20.375 7634 611 1077 672 6
20.5 7598 603 1094 698 7
20.625 7557 603 1112 721 7
20.75 7516 612 1123 742 7
20.875 7481 600 1141 771 7
21 7448 597 1149 799 7
21.125 7410 595 1171 817 7
21.25 7371 603 1182 837 7
21.375 7334 599 1198 862 7
21.5 7300 595 1205 893 7
21.625 7280 577 1215 921 7
21.75 7249 565 1230 949 7
21.875 7212 563 1246 972 7
22 7176 572 1243 1002 7
22.125 7142 573 1251 1027 7
22.25 7105 580 1254 1054 7
22.375 7057 585 1270 1081 7
22.5 7028 572 1293 1100 7
22.625 6993 573 1304 1122 8
22.75 6960 568 1320 1144 8
22.875 6920 578 1323 1170 9
23 6880 585 1331 1195 9
23.125 6849 579 1339 1224 9
23.25 6811 579 1353 1247 10
23.375 6775 585 1349 1281 10
23.5 6748 576 1358 1308 10
23.625 6718 564 1368 1340 10
23.75 6688 557 1385 1359 11
23.875 6653 557 1398 1381 11
24 6610 560 1405 1413 12
24.125 6578 553 1422 1435 12
24.25 6540 552 1431 1465 12
24.375 6506 553 1436 1493 12
24.5 6473 549 1447 1519 12
24.625 6438 549 1453 1548 12
24.75 6407 553 1453 1575 12
24.875 6371 557 1456 1603 13
25 6337 558 1459 1633 13
25.125 6308 543 1479 1657 13
25.25 6282 534 1495 1675 14
25.375 6252 542 1479 1713 14
25.5 6227 530 1486 1743 14
25.625 6200 525 1486 1775 14
25.75 6167 532 1490 1797 14
25.875 6145 520 1486 1834 15
26 6116 522 1486 1861 15
26.125 6092 512 1499 1882 15
26.25 6070 509 1496 1910 15
26.375 6043 504 1490 1948 15
26.5 6012 503 1500 1970 15
26.625 5973 509 1512 1991 15
26.75 5944 511 1516 2014 15
26.875 5918 503 1511 2052 16
27 5887 500 1509 2088 16
27.125 5869 489 1509 2117 16
27.25 5837 488 1512 2147 16
27.375 5808 480 1522 2174 16
27.5 5788 469 1528 2199 16
27.625 5762 461 1533 2227 17
27.75 5744 441 1540 2258 17
27.875 5722 439 1519 2303 17
28 5702 442 1506 2331 19
28.125 5688 424 1505 2364 19
28.25 5661 421 1509 2389 20
28.375 5643 407 1512 2417 21
28.5 5620 395 1523 2441 21
28.625 5599 389 1521 2469 22
28.75 5575 380 1521 2502 22
28.875 5553 377 1513 2535 22
29 5538 373 1500 2566 23
29.125 5526 360 1489 2602 23
29.25 5504 356 1486 2631 23
29.375 5484 350 1478 2665 23
29.5 5460 347 1465 2705 23
29.625 5440 340 1466 2730 24
29.75 5418 348 1444 2766 24
29.875 5400 342 1442 2792 24
30 5374 347 1429 2826 24
30.125 5352 346 1430 2848 24
30.25 5331 346 1428 2871 24
30.375 5312 345 1425 2894 24
30.5 5289 345 1416 2926 24
30.625 5262 353 1400 2961 24
30.75 5248 347 1393 2988 24
30.875 5230 344 1386 3015 25
31 5207 338 1390 3039 26
31.125 5183 347 1378 3066 26
31.25 5171 345 1363 3095 26
31.375 5154 344 1347 3129 26
31.5 5145 336 1334 3159 26
31.625 5133 330 1326 3185 26
31.75 5111 342 1306 3215 26
31.875 5094 340 1300 3239 27
32 5077 340 1291 3265 27
32.125 5060 331 1290 3292 27
32.25 5042 333 1265 3332 28
32.375 5028 337 1255 3352 28
32.5 5008 335 1249 3379 29
32.625 4993 326 1245 3407 29
32.75 4979 318 1246 3428 29
32.875 4957 315 1248 3451 29
33 4941 320 1234 3476 29
33.125 4921 322 1226 3502 29
33.25 4908 313 1220 3530 29
33.375 4899 302 1225 3544 30
33.5 4888 287 1218 3577 30
33.625 4872 279 1212 3607 30
33.75 4857 276 1207 3630 30
33.875 4834 278 1207 3650 31
34 4820 265 1213 3671 31
34.125 4806 262 1204 3696 32
34.25 4789 264 1199 3715 33
34.375 4779 251 1198 3739 33
34.5 4770 251 1191 3755 33
34.625 4757 249 1180 3781 33
34.75 4749 242 1167 3809 33
34.875 4744 226 1158 3838 34
35 4739 220 1139 3866 36
35.125 4732 204 1144 3884 36
35.25 4713 217 1127 3907 36
35.375 4705 217 1115 3927 36
35.5 4696 210 1105 3953 36
35.625 4693 203 1084 3984 36
35.75 4685 196 1077 4006 36
35.875 4670 201 1063 4029 37
36 4656 205 1046 4055 38
36.125 4650 198 1037 4077 38
36.25 4639 196 1019 4107 39
36.375 4631 191 1008 4129 41
36.5 4623 186 1003 4147 41
36.625 4613 179 1003 4164 41
36.75 4602 176 1004 4177 41
36.875 4599 165 996 4199 41
37 4589 167 981 4221 42
37.125 4580 168 968 4242 42
37.25 4575 161 958 4264 42
37.375 4565 156 954 4283 42
37.5 4557 155 943 4303 42
37.625 4549 158 928 4323 42
37.75 4542 158 919 4338 43
37.875 4534 155 909 4359 43
38 4529 151 899 4378 43
38.125 4524 144 891 4398 43
38.25 4517 141 885 4414 43
38.375 4511 137 880 4428 44
38.5 4497 146 868 4445 44
38.625 4492 141 860 4462 45
38.75 4487 134 855 4479 45
38.875 4478 135 838 4504 45
39 4470 136 822 4527 45
39.125 4461 135 814 4545 45
39.25 4457 130 802 4566 45
39.375 4450 128 798 4579 45
39.5 4443 125 794 4593 45
39.625 4437 124 788 4606 45
39.75 4429 120 783 4623 45
39.875 4425 118 775 4636 46
40 4422 114 766 4652 46
40.125 4417 107 762 4668 46
40.25 4412 104 761 4677 46
40.375 4409 100 758 4687 46
40.5 4403 99 753 4699 46
40.625 4397 99 745 4713 46
40.75 4388 103 734 4729 46
40.875 4384 96 734 4740 46
41 4378 89 741 4746 46
41.125 4375 89 731 4759 46
41.25 4368 92 709 4785 46
41.375 4364 91 704 4795 46
41.5 4355 92 697 4810 46
41.625 4351 92 686 4824 47
41.75 4345 93 672 4843 47
41.875 4340 94 659 4859 48
42 4339 87 656 4870 48
42.125 4335 86 650 4881 48
42.25 4329 86 645 4892 48
42.375 4329 78 636 4909 48
42.5 4324 78 625 4925 48
42.625 4320 78 618 4936 48
42.75 4311 82 611 4948 48
42.875 4305 85 604 4958 48
43 4299 85 602 4965 49
43.125 4295 80 602 4974 49
43.25 4289 81 595 4984 51
43.375 4281 86 589 4993 51
43.5 4277 80 588 5004 51
43.625 4275 78 581 5015 51
43.75 4270 79 567 5033 51
43.875 4266 75 562 5046 51
44 4265 73 556 5054 52
44.125 4261 75 548 5064 52
44.25 4256 77 535 5080 52
44.375 4249 79 529 5091 52
44.5 4245 78 525 5100 52
44.625 4239 81 519 5109 52
44.75 4238 75 514 5121 52
44.875 4234 75 502 5137 52
45 4232 72 491 5153 52
45.125 4227 72 487 5162 52
45.25 4226 65 487 5170 52
45.375 4225 63 478 5182 52
45.5 4222 62 473 5191 52
45.625 4219 63 470 5196 52
45.75 4215 66 453 5214 52
45.875 4212 66 451 5219 52
46 4209 63 451 5225 52
46.125 4208 54 455 5231 52
46.25 4205 52 451 5240 52
46.375 4203 51 447 5247 52
46.5 4201 49 448 5250 52
46.625 4197 49 448 5254 52
46.75 4195 49 435 5269 52
46.875 4194 44 432 5278 52
47 4189 45 423 5291 52
47.125 4186 45 414 5303 52
47.25 4182 48 400 5318 52
47.375 4179 45 400 5324 52
47.5 4176 47 394 5331 52
47.625 4175 44 392 5337 52
47.75 4174 44 386 5344 52
47.875 4173 42 384 5349 52
48 4168 45 382 5353 52
48.125 4167 44 379 5358 52
48.25 4165 41 378 5364 52
48.375 4163 41 372 5372 52
48.5 4162 42 368 5375 53
48.625 4161 41 361 5384 53
48.75 4160 38 357 5392 53
48.875 4160 36 353 5398 53
49 4159 35 344 5409 53
49.125 4154 39 339 5415 53
49.25 4153 39 334 5421 53
49.375 4149 42 330 5426 53
49.5 4148 39 327 5433 53
49.625 4144 42 323 5438 53
49.75 4143 38 316 5449 54
49.875 4138 40 314 5454 54
50 4135 42 309 5460 54
50.125 4132 43 298 5473 54
50.25 4132 42 292 5480 54
50.375 4130 43 288 5485 54
50.5 4129 40 287 5490 54
50.625 4126 38 285 5497 54
50.75 4123 37 279 5507 54
50.875 4123 34 273 5516 54
51 4120 34 267 5525 54
51.125 4119 34 261 5532 54
51.25 4117 32 259 5538 54
51.375 4114 34 258 5540 54
51.5 4112 35 255 5544 54
51.625 4112 33 250 5551 54
51.75 4112 32 248 5554 54
51.875 4110 33 244 5559 54
52 4109 32 239 5566 54
52.125 4109 29 237 5571 54
52.25 4108 25 230 5583 54
52.375 4106 27 226 5587 54
52.5 4104 29 217 5596 54
52.625 4102 31 213 5600 54
52.75 4100 31 208 5607 54
52.875 4096 35 205 5609 55
53 4096 31 207 5611 55
53.125 4093 29 204 5619 55
53.25 4092 28 200 5625 55
53.375 4091 25 202 5627 55
53.5 4090 25 198 5632 55
53.625 4090 23 197 5635 55
53.75 4090 23 195 5637 55
53.875 4090 23 194 5638 55
54 4089 23 192 5641 55
54.125 4085 26 191 5643 55
54.25 4084 26 191 5644 55
54.375 4082 26 193 5644 55
54.5 4080 28 189 5648 55
54.625 4079 29 183 5654 55
54.75 4077 28 182 5658 55
54.875 4075 29 181 5660 55
55 4073 30 173 5669 55
55.125 4073 29 168 5675 55
55.25 4072 28 166 5679 55
55.375 4070 28 164 5683 55
55.5 4068 28 164 5685 55
55.625 4067 27 164 5687 55
55.75 4066 28 160 5691 55
55.875 4064 28 159 5694 55
56 4063 28 155 5699 55
56.125 4062 28 155 5700 55
56.25 4062 25 157 5701 55
56.375 4062 23 159 5701 55
56.5 4059 25 154 5707 55
56.625 4059 24 152 5710 55
56.75 4056 26 151 5712 55
56.875 4056 24 150 5715 55
57 4056 23 147 5719 55
57.125 4055 24 145 5721 55
57.25 4055 23 139 5728 55
57.375 4055 19 138 5733 55
57.5 4054 17 138 5736 55
57.625 4052 19 136 5738 55
57.75 4052 19 134 5740 55
57.875 4051 19 134 5741 55
58 4050 20 133 5742 55
58.125 4050 19 132 5744 55
58.25 4050 19 131 5745 55
58.375 4049 20 129 5747 55
58.5 4048 21 127 5749 55
58.625 4048 20 124 5753 55
58.75 4047 18 124 5756 55
58.875 4047 15 124 5759 55
59 4046 14 126 5759 55
59.125 4046 14 121 5764 55
59.25 4045 12 123 5765 55
59.375 4045 11 123 5766 55
59.5 4045 9 125 5766 55
59.625 4041 13 120 5771 55
59.75 4041 13 120 5771 55
59.875 4040 14 119 5772 55
60 4040 13 119 5773 55
60.125 4040 12 117 5776 55
60.25 4040 11 116 5778 55
60.375 4040 10 117 5778 55
60.5 4040 9 118 5778 55
60.625 4039 8 117 5781 55
60.75 4039 8 114 5784 55
60.875 4038 8 111 5788 55
61 4037 9 104 5795 55
61.125 4036 7 104 5798 55
61.25 4036 6 100 5803 55
61.375 4035 7 97 5806 55
61.5 4034 8 94 5809 55
61.625 4032 10 93 5810 55
61.75 4032 9 91 5813 55
61.875 4031 9 90 5815 55
62 4031 7 91 5816 55
62.125 4030 7 87 5820 56
62.25 4029 8 84 5823 56
62.375 4028 8 84 5824 56
62.5 4028 8 83 5825 56
62.625 4028 6 83 5827 56
62.75 4028 5 80 5831 56
62.875 4028 5 78 5833 56
63 4027 6 77 5833 57
63.125 4026 5 78 5834 57
63.25 4026 5 76 5836 57
63.375 4026 5 76 5836 57
63.5 4026 4 74 5839 57
63.625 4025 5 74 5839 57
63.75 4025 5 73 5840 57
63.875 4025 5 73 5840 57
64 4025 4 73 5841 57
64.125 4025 4 72 5842 57
64.25 4025 4 72 5842 57
64.375 4025 4 71 5843 57
64.5 4025 4 71 5843 57
64.625 4025 4 70 5844 57
64.75 4025 4 69 5845 57
64.875 4023 6 67 5847 57
65 4023 6 65 5849 57
65.125 4022 7 62 5852 57
65.25 4022 6 61 5854 57
65.375 4022 5 61 5855 57
65.5 4021 5 62 5855 57
65.625 4021 5 62 5855 57
65.75 4021 5 62 5855 57
65.875 4021 4 63 5855 57
66 4021 4 60 5858 57
66.125 4020 5 59 5859 57
66.25 4020 5 58 5860 57
66.375 4019 6 54 5864 57
66.5 4019 6 53 5865 57
66.625 4019 5 53 5866 57
66.75 4018 6 51 5868 57
66.875 4018 5 51 5869 57
67 4017 6 50 5870 57
67.125 4016 6 51 5870 57
67.25 4016 6 50 5871 57
67.375 4016 5 50 5872 57
67.5 4016 5 49 5873 57
67.625 4016 4 50 5873 57
67.75 4016 4 49 5874 57
67.875 4015 5 47 5876 57
68 4015 4 47 5877 57
68.125 4015 4 47 5877 57
68.25 4015 4 47 5877 57
68.375 4014 4 48 5877 57
68.5 4014 4 46 5879 57
68.625 4014 4 46 5879 57
68.75 4014 4 46 5879 57
68.875 4014 3 46 5880 57
69 4014 3 42 5884 57
69.125 4014 3 39 5887 57
69.25 4014 2 38 5889 57
69.375 4014 2 38 5889 57
69.5 4014 2 38 5889 57
69.625 4013 3 37 5890 57
69.75 4013 3 37 5890 57
69.875 4013 3 37 5890 57
70 4013 2 38 5890 57
70.125 4013 2 37 5891 57
70.25 4013 2 36 5892 57
70.375 4013 2 36 5892 57
70.5 4013 2 35 5893 57
70.625 4013 1 36 5893 57
70.75 4013 1 36 5893 57
70.875 4013 1 36 5893 57
71 4013 1 35 5894 57
71.125 4013 0 36 5894 57
71.25 4013 0 35 5895 57
71.375 4013 0 34 5896 57
71.5 4013 0 33 5897 57
71.625 4012 1 32 5898 57
71.75 4012 1 32 5898 57
71.875 4012 1 31 5899 57
72 4012 1 31 5899 57
72.125 4012 1 31 5899 57
72.25 4012 1 30 5900 57
72.375 4012 1 28 5902 57
72.5 4012 1 27 5903 57
72.625 4012 1 27 5903 57
72.75 4012 1 25 5905 57
72.875 4012 1 25 5905 57
73 4012 1 24 5906 57
73.125 4012 1 24 5906 57
73.25 4011 2 23 5907 57
73.375 4011 2 23 5907 57
73.5 4011 2 23 5907 57
73.625 4011 2 23 5907 57
73.75 4011 2 22 5908 57
73.875 4011 2 22 5908 57
74 4011 2 21 5909 57
74.125 4011 2 19 5911 57
74.25 4011 2 18 5912 57
74.375 4011 2 18 5912 57
74.5 4011 2 18 5912 57
74.625 4011 2 18 5912 57
74.75 4011 1 19 5912 57
74.875 4011 1 19 5912 57
75 4011 1 18 5913 57
75.125 4011 1 17 5914 57
75.25 4010 2 16 5915 57
75.375 4010 2 15 5916 57
75.5 4010 2 15 5916 57
75.625 4010 1 16 5916 57
75.75 4010 1 15 5917 57
75.875 4010 1 15 5917 57
76 4010 1 15 5917 57
76.125 4010 1 15 5917 57
76.25 4010 1 14 5918 57
76.375 4010 1 14 5918 57
76.5 4010 1 14 5918 57
76.625 4010 1 14 5918 57
76.75 4010 0 15 5918 57
76.875 4009 1 15 5918 57
77 4009 1 15 5918 57
77.125 4009 1 15 5918 57
77.25 4009 1 15 5918 57
77.375 4009 1 15 5918 57
77.5 4009 1 15 5918 57
77.625 4009 1 15 5918 57
77.75 4008 2 15 5918 57
77.875 4008 2 15 5918 57
78 4008 2 14 5919 57
78.125 4008 2 13 5920 57
78.25 4008 1 14 5920 57
78.375 4007 2 14 5920 57
78.5 4007 2 14 5920 57
78.625 4007 2 14 5920 57
78.75 4006 3 14 5920 57
78.875 4006 2 14 5921 57
79 4006 2 13 5922 57
79.125 4006 0 15 5922 57
79.25 4006 0 15 5922 57
79.375 4006 0 15 5922 57
79.5 4006 0 14 5923 57
79.625 4006 0 14 5923 57
79.75 4006 0 14 5923 57
79.875 4006 0 14 5923 57
80 4005 1 14 5923 57
80.125 4005 1 14 5923 57
80.25 4005 1 14 5923 57
80.375 4005 1 14 5923 57
80.5 4005 1 14 5923 57
80.625 4005 1 14 5923 57
80.75 4005 1 14 5923 57
80.875 4005 1 14 5923 57
81 4005 1 12 5925 57
81.125 4005 1 12 5925 57
81.25 4005 1 12 5925 57
81.375 4005 1 12 5925 57
81.5 4005 1 12 5925 57
81.625 4005 1 12 5925 57
81.75 4005 1 11 5926 57
81.875 4005 1 11 5926 57
82 4005 1 10 5927 57
82.125 4005 1 10 5927 57
82.25 4005 1 10 5927 57
82.375 4005 1 9 5928 57
82.5 4005 1 9 5928 57
82.625 4005 1 9 5928 57
82.75 4005 1 9 5928 57
82.875 4005 1 9 5928 57
83 4005 1 9 5928 57
83.125 4005 1 9 5928 57
83.25 4005 1 8 5929 57
83.375 4005 1 8 5929 57
83.5 4005 1 8 5929 57
83.625 4005 1 8 5929 57
83.75 4005 1 8 5929 57
83.875 4005 1 7 5930 57
84 4005 1 7 5930 57
84.125 4005 1 7 5930 57
84.25 4005 1 7 5930 57
84.375 4005 1 7 5930 57
84.5 4005 1 7 5930 57
84.625 4005 1 7 5930 57
84.75 4005 1 7 5930 57
84.875 4005 1 7 5930 57
85 4005 1 6 5931 57
85.125 4005 0 7 5931 57
85.25 4005 0 7 5931 57
85.375 4005 0 7 5931 57
85.5 4005 0 7 5931 57
85.625 4005 0 7 5931 57
85.75 4005 0 6 5932 57
85.875 4005 0 6 5932 57
86 4005 0 6 5932 57
86.125 4005 0 6 5932 57
86.25 4005 0 6 5932 57
86.375 4005 0 6 5932 57
86.5 4005 0 6 5932 57
86.625 4005 0 6 5932 57
86.75 4005 0 6 5932 57
86.875 4005 0 6 5932 57
87 4005 0 6 5932 57
87.125 4005 0 6 5932 57
87.25 4005 0 6 5932 57
87.375 4005 0 6 5932 57
87.5 4005 0 6 5932 57
87.625 4005 0 6 5932 57
87.75 4005 0 6 5932 57
87.875 4005 0 6 5932 57
88 4005 0 6 5932 57
88.125 4005 0 6 5932 57
88.25 4005 0 6 5932 57
88.375 4005 0 6 5932 57
88.5 4005 0 5 5933 57
88.625 4005 0 5 5933 57
88.75 4005 0 5 5933 57
88.875 4005 0 5 5933 57
89 4005 0 5 5933 57
89.125 4005 0 5 5933 57
89.25 4005 0 5 5933 57
89.375 4005 0 5 5933 57
89.5 4005 0 5 5933 57
89.625 4005 0 5 5933 57
89.75 4005 0 5 5933 57
89.875 4005 0 5 5933 57
90 4005 0 5 5933 57
90.125 4005 0 5 5933 57
90.25 4005 0 5 5933 57
90.375 4005 0 5 5933 57
90.5 4005 0 5 5933 57
90.625 4005 0 5 5933 57
90.75 4005 0 5 5933 57
90.875 4005 0 5 5933 57
91 4005 0 5 5933 57
91.125 4005 0 5 5933 57
91.25 4005 0 5 5933 57
91.375 4005 0 5 5933 57
91.5 4005 0 5 5933 57
91.625 4005 0 5 5933 57
91.75 4005 0 5 5933 57
91.875 4005 0 5 5933 57
92 4005 0 5 5933 57
92.125 4005 0 5 5933 57
92.25 4005 0 5 5933 57
92.375 4005 0 5 5933 57
92.5 4005 0 5 5933 57
92.625 4005 0 5 5933 57
92.75 4005 0 5 5933 57
92.875 4005 0 5 5933 57
93 4005 0 5 5933 57
93.125 4005 0 5 5933 57
93.25 4005 0 5 5933 57
93.375 4005 0 4 5934 57
93.5 4005 0 4 5934 57
93.625 4005 0 4 5934 57
93.75 4005 0 4 5934 57
93.875 4005 0 4 5934 57
94 4005 0 4 5934 57
94.125 4005 0 4 5934 57
94.25 4005 0 4 5934 57
94.375 4005 0 4 5934 57
94.5 4005 0 4 5934 57
94.625 4005 0 4 5934 57
94.75 4005 0 4 5934 57
94.875 4005 0 4 5934 57
95 4005 0 4 5934 57
95.125 4005 0 4 5934 57
95.25 4005 0 4 5934 57
95.375 4005 0 4 5934 57
95.5 4005 0 4 5934 57
95.625 4005 0 4 5934 57
95.75 4005 0 4 5934 57
95.875 4005 0 4 5934 57
96 4005 0 4 5934 57
96.125 4005 0 4 5934 57
96.25 4005 0 4 5934 57
96.375 4005 0 4 5934 57
96.5 4005 0 4 5934 57
96.625 4005 0 4 5934 57
96.75 4005 0 4 5934 57
96.875 4005 0 4 5934 57
97 4005 0 4 5934 57
97.125 4005 0 4 5934 57
97.25 4005 0 4 5934 57
97.375 4005 0 4 5934 57
97.5 4005 0 4 5934 57
97.625 4005 0 4 5934 57
97.75 4005 0 4 5934 57
97.875 4005 0 4 5934 57
98 4005 0 4 5934 57
98.125 4005 0 4 5934 57
98.25 4005 0 4 5934 57
98.375 4005 0 4 5934 57
98.5 4005 0 4 5934 57
98.625 4005 0 4 5934 57
98.75 4005 0 4 5934 57
98.875 4005 0 4 5934 57
99 4005 0 4 5934 57
99.125 4005 0 4 5934 57
99.25 4005 0 4 5934 57
99.375 4005 0 4 5934 57
99.5 4005 0 3 5935 57
99.625 4005 0 3 5935 57
99.75 4005 0 3 5935 57
99.875 4005 0 3 5935 57
100 4005 0 3 5935 57
100.125 4005 0 3 5935 57
100.25 4005 0 3 5935 57
100.375 4005 0 3 5935 57
100.5 4005 0 3 5935 57
100.625 4005 0 3 5935 57
100.75 4005 0 3 5935 57
100.875 4005 0 3 5935 57
101 4005 0 3 5935 57
101.125 4005 0 3 5935 57
101.25 4005 0 3 5935 57
101.375 4005 0 2 5936 57
101.5 4005 0 2 5936 57
101.625 4005 0 2 5936 57
101.75 4005 0 2 5936 57
101.875 4005 0 2 5936 57
102 4005 0 2 5936 57
102.125 4005 0 2 5936 57
102.25 4005 0 2 5936 57
102.375 4005 0 2 5936 57
102.5 4005 0 2 5936 57
102.625 4005 0 2 5936 57
102.75 4005 0 2 5936 57
102.875 4005 0 1 5937 57
103 4005 0 1 5937 57
103.125 4005 0 1 5937 57
103.25 4005 0 1 5937 57
103.375 4005 0 1 5937 57
103.5 4005 0 1 5937 57
103.625 4005 0 1 5937 57
103.75 4005 0 1 5937 57
103.875 4005 0 1 5937 57
104 4005 0 1 5937 57
104.125 4005 0 1 5937 57
104.25 4005 0 1 5937 57
104.375 4005 0 1 5937 57
104.5 4005 0 1 5937 57
104.625 4005 0 1 5937 57
104.75 4005 0 1 5937 57
104.875 4005 0 1 5937 57
105 4005 0 1 5937 57
105.125 4005 0 1 5937 57
105.25 4005 0 1 5937 57
105.375 4005 0 1 5937 57
105.5 4005 0 1 5937 57
105.625 4005 0 1 5937 57
105.75 4005 0 1 5937 57
105.875 4005 0 1 5937 57
106 4005 0 1 5937 57
106.125 4005 0 1 5937 57
106.25 4005 0 1 5937 57
106.375 4005 0 1 5937 57
106.5 4005 0 1 5937 57
106.625 4005 0 1 5937 57
106.75 4005 0 1 5937 57
106.875 4005 0 1 5937 57
107 4005 0 1 5937 57
107.125 4005 0 1 5937 57
107.25 4005 0 1 5937 57
107.375 4005 0 1 5937 57
107.5 4005 0 1 5937 57
107.625 4005 0 1 5937 57
107.75 4005 0 1 5937 57
107.875 4005 0 1 5937 57
108 4005 0 1 5937 57
108.125 4005 0 1 5937 57
108.25 4005 0 1 5937 57
108.375 4005 0 1 5937 57
108.5 4005 0 1 5937 57
108.625 4005 0 1 5937 57
108.75 4005 0 1 5937 57
108.875 4005 0 1 5937 57
109 4005 0 1 5937 57
109.125 4005 0 1 5937 57
109.25 4005 0 1 5937 57
109.375 4005 0 1 5937 57
109.5 4005 0 1 5937 57
109.625 4005 0 1 5937 57
109.75 4005 0 1 5937 57
109.875 4005 0 1 5937 57
110 4005 0 1 5937 57
110.125 4005 0 1 5937 57
110.25 4005 0 1 5937 57
110.375 4005 0 1 5937 57
110.5 4005 0 1 5937 57
110.625 4005 0 1 5937 57
110.75 4005 0 1 5937 57
110.875 4005 0 1 5937 57
111 4005 0 1 5937 57
111.125 4005 0 1 5937 57
111.25 4005 0 1 5937 57
111.375 4005 0 1 5937 57
111.5 4005 0 1 5937 57
111.625 4005 0 1 5937 57
111.75 4005 0 1 5937 57
111.875 4005 0 1 5937 57
112 4005 0 1 5937 57
112.125 4005 0 1 5937 57
112.25 4005 0 1 5937 57
112.375 4005 0 1 5937 57
112.5 4005 0 1 5937 57
112.625 4005 0 1 5937 57
112.75 4005 0 1 5937 57
112.875 4005 0 1 5937 57
113 4005 0 1 5937 57
113.125 4005 0 1 5937 57
113.25 4005 0 1 5937 57
113.375 4005 0 1 5937 57
113.5 4005 0 1 5937 57
113.625 4005 0 1 5937 57
113.75 4005 0 0 5938 57
