t S E I R D
0 9998 0 2 0 0
0.125 9998 0 2 0 0
0.25 9998 0 2 0 0
0.375 9998 0 2 0 0
0.5 9997 1 2 0 0
0.625 9997 1 2 0 0
0.75 9997 1 2 0 0
0.875 9997 1 2 0 0
1 9997 1 2 0 0
1.125 9997 1 2 0 0
1.25 9997 1 2 0 0
1.375 9997 1 2 0 0
1.5 9997 1 2 0 0
1.625 9997 1 2 0 0
1.75 9997 1 2 0 0
1.875 9997 1 2 0 0
2 9997 1 2 0 0
2.125 9996 1 3 0 0
2.25 9995 2 3 0 0
2.375 9994 3 3 0 0
2.5 9994 3 3 0 0
2.625 9994 2 4 0 0
2.75 9994 1 5 0 0
2.875 9993 2 5 0 0
3 9993 2 5 0 0
3.125 9992 3 5 0 0
3.25 9990 4 6 0 0
3.375 9988 6 6 0 0
3.5 9987 7 6 0 0
3.625 9986 8 6 0 0
3.75 9985 9 6 0 0
3.875 9984 9 7 0 0
4 9981 12 7 0 0
4.125 9979 12 9 0 0
4.25 9978 13 8 1 0
4.375 9978 13 8 1 0
4.5 9976 13 10 1 0
4.625 9973 16 10 1 0
4.75 9966 22 11 1 0
4.875 9960 28 11 1 0
5 9952 32 15 1 0
5.125 9949 31 19 1 0
5.25 9944 35 20 1 0
5.375 9939 35 25 1 0
5.5 9925 48 25 2 0
5.625 9914 54 30 2 0
5.75 9904 59 35 2 0
5.875 9889 71 37 3 0
6 9878 78 41 3 0
6.125 9864 84 47 5 0
6.25 9843 100 51 6 0
6.375 9832 107 53 8 0
6.5 9813 119 60 8 0
6.625 9798 130 60 12 0
6.75 9775 145 68 12 0
6.875 9753 154 79 14 0
7 9724 176 86 14 0
7.125 9691 200 95 14 0
7.25 9656 222 107 15 0
7.375 9629 236 116 19 0
7.5 9602 252 127 19 0
7.625 9574 271 133 22 0
7.75 9544 283 147 26 0
7.875 9513 293 161 33 0
8 9463 327 173 37 0
8.125 9432 343 185 40 0
8.25 9393 362 202 43 0
8.375 9348 378 225 49 0
8.5 9273 424 250 53 0
8.625 9215 449 278 58 0
8.75 9148 485 304 63 0
8.875 9071 528 332 69 0
9 8997 586 344 73 0
9.125 8917 629 367 87 0
9.25 8842 669 395 94 0
9.375 8762 712 424 102 0
9.5 8681 725 483 111 0
9.625 8589 777 513 121 0
9.75 8500 817 551 132 0
9.875 8394 876 587 143 0
10 8295 912 633 160 0
10.125 8193 958 674 175 0
10.25 8095 996 725 184 0
10.375 7983 1040 772 205 0
10.5 7871 1086 823 220 0
10.625 7739 1155 869 237 0
10.75 7635 1179 927 259 0
10.875 7534 1217 964 285 0
11 7410 1261 1022 307 0
11.125 7290 1308 1076 326 0
11.25 7155 1360 1136 349 0
11.375 7029 1403 1191 375 2
11.5 6917 1425 1261 395 2
11.625 6828 1426 1315 428 3
11.75 6731 1428 1379 459 3
11.875 6643 1421 1454 479 3
12 6553 1414 1524 506 3
12.125 6487 1399 1582 529 3
12.25 6424 1377 1635 561 3
12.375 6353 1359 1700 585 3
12.5 6304 1323 1747 620 6
12.625 6253 1295 1783 663 6
12.75 6206 1256 1829 703 6
12.875 6172 1196 1891 734 7
13 6131 1165 1910 787 7
13.125 6094 1130 1941 828 7
13.25 6061 1084 1981 866 8
13.375 6041 1034 2002 913 10
13.5 6009 1000 2030 951 10
13.625 5989 956 2047 998 10
13.75 5965 930 2055 1040 10
13.875 5941 895 2069 1085 10
14 5928 850 2089 1123 10
14.125 5912 820 2096 1161 11
14.25 5896 785 2107 1201 11
14.375 5876 757 2116 1239 12
14.5 5866 723 2111 1288 12
14.625 5848 697 2124 1319 12
14.75 5839 660 2117 1372 12
14.875 5828 631 2104 1424 13
15 5818 587 2118 1462 15
15.125 5812 557 2117 1499 15
15.25 5802 535 2102 1545 16
15.375 5796 511 2085 1592 16
15.5 5788 489 2060 1646 17
15.625 5782 459 2041 1701 17
15.75 5774 440 2032 1736 18
15.875 5769 415 2022 1776 18
16 5767 397 1994 1824 18
16.125 5761 381 1974 1866 18
16.25 5756 366 1954 1906 18
16.375 5746 351 1947 1938 18
16.5 5743 338 1922 1979 18
16.625 5738 325 1901 2016 20
16.75 5730 316 1871 2063 20
16.875 5726 295 1861 2098 20
17 5717 294 1826 2143 20
17.125 5713 282 1797 2187 21
17.25 5707 270 1773 2229 21
17.375 5704 262 1749 2264 21
17.5 5700 246 1737 2296 21
17.625 5696 238 1710 2335 21
17.75 5687 236 1684 2372 21
17.875 5684 221 1662 2411 22
18 5679 212 1646 2441 22
18.125 5678 197 1628 2474 23
18.25 5676 193 1607 2499 25
18.375 5674 177 1599 2525 25
18.5 5669 169 1575 2562 25
18.625 5668 166 1546 2594 26
18.75 5666 159 1519 2630 26
18.875 5665 146 1506 2657 26
19 5664 141 1488 2681 26
19.125 5662 139 1469 2704 26
19.25 5659 135 1447 2733 26
19.375 5657 130 1420 2766 27
19.5 5655 129 1394 2795 27
19.625 5653 124 1372 2824 27
19.75 5653 117 1347 2856 27
19.875 5653 114 1315 2890 28
20 5649 116 1293 2914 28
20.125 5645 110 1283 2933 29
20.25 5640 109 1268 2954 29
20.375 5638 105 1243 2984 30
20.5 5638 94 1225 3013 30
20.625 5637 90 1205 3038 30
20.75 5634 87 1187 3060 32
20.875 5633 82 1161 3091 33
21 5633 76 1148 3110 33
21.125 5633 73 1127 3134 33
21.25 5632 67 1114 3154 33
21.375 5632 60 1095 3180 33
21.5 5631 58 1066 3212 33
21.625 5631 55 1046 3235 33
21.75 5631 54 1021 3261 33
21.875 5630 52 1000 3285 33
22 5630 52 983 3302 33
22.125 5630 49 965 3322 34
22.25 5628 51 953 3334 34
22.375 5627 49 928 3362 34
22.5 5627 46 912 3381 34
22.625 5625 45 892 3402 36
22.75 5624 43 877 3420 36
22.875 5624 39 859 3442 36
23 5624 36 846 3458 36
23.125 5624 34 830 3476 36
23.25 5624 32 817 3490 37
23.375 5624 31 805 3503 37
23.5 5624 29 783 3527 37
23.625 5623 28 768 3544 37
23.75 5623 26 752 3561 38
23.875 5622 25 744 3571 38
24 5622 21 737 3582 38
24.125 5622 19 719 3601 39
24.25 5622 19 695 3624 40
24.375 5622 19 681 3638 40
24.5 5621 20 669 3650 40
24.625 5621 20 651 3668 40
24.75 5621 18 638 3683 40
24.875 5621 16 629 3694 40
25 5621 16 617 3706 40
25.125 5620 17 607 3716 40
25.25 5620 16 596 3728 40
25.375 5619 14 588 3738 41
25.5 5619 13 579 3748 41
25.625 5618 14 571 3756 41
25.75 5618 14 563 3764 41
25.875 5618 13 555 3773 41
26 5618 13 546 3782 41
26.125 5618 12 532 3797 41
26.25 5618 12 517 3812 41
26.375 5617 11 506 3824 42
26.5 5617 11 499 3831 42
26.625 5617 9 490 3842 42
26.75 5617 9 477 3855 42
26.875 5617 7 467 3866 43
27 5617 6 455 3879 43
27.125 5617 6 445 3889 43
27.25 5617 6 436 3898 43
27.375 5617 6 429 3905 43
27.5 5617 6 420 3914 43
27.625 5617 6 406 3928 43
27.75 5617 6 396 3938 43
27.875 5617 6 389 3945 43
28 5617 6 376 3958 43
28.125 5617 6 370 3964 43
28.25 5617 6 362 3972 43
28.375 5617 6 360 3974 43
28.5 5616 7 354 3980 43
28.625 5615 8 342 3992 43
28.75 5615 8 333 4001 43
28.875 5615 8 328 4006 43
29 5615 8 322 4012 43
29.125 5615 8 311 4023 43
29.25 5615 8 298 4036 43
29.375 5615 7 297 4038 43
29.5 5615 7 294 4041 43
29.625 5615 6 287 4049 43
29.75 5615 6 280 4056 43
29.875 5615 6 271 4065 43
30 5615 5 269 4068 43
30.125 5615 5 264 4073 43
30.25 5615 5 255 4082 43
30.375 5615 4 253 4085 43
30.5 5615 4 245 4093 43
30.625 5615 4 236 4102 43
30.75 5615 4 226 4111 44
30.875 5615 4 224 4113 44
31 5615 4 217 4120 44
31.125 5615 3 211 4127 44
31.25 5615 3 199 4138 45
31.375 5615 3 198 4139 45
31.5 5615 3 195 4142 45
31.625 5615 3 189 4147 46
31.75 5615 3 186 4150 46
31.875 5615 3 177 4159 46
32 5615 3 173 4163 46
32.125 5615 3 171 4165 46
32.25 5615 3 167 4169 46
32.375 5615 3 163 4173 46
32.5 5615 2 162 4175 46
32.625 5615 2 160 4177 46
32.75 5615 2 159 4178 46
32.875 5615 2 157 4180 46
33 5615 2 155 4182 46
33.125 5615 1 155 4183 46
33.25 5615 1 154 4184 46
33.375 5615 1 153 4185 46
33.5 5615 1 148 4190 46
33.625 5615 1 145 4193 46
33.75 5615 1 142 4196 46
33.875 5615 0 139 4200 46
34 5615 0 137 4202 46
34.125 5615 0 134 4205 46
34.25 5615 0 130 4209 46
34.375 5615 0 128 4211 46
34.5 5615 0 125 4214 46
34.625 5615 0 123 4216 46
34.75 5615 0 120 4219 46
34.875 5615 0 119 4220 46
35 5615 0 116 4223 46
35.125 5615 0 115 4224 46
35.25 5615 0 110 4229 46
35.375 5615 0 106 4233 46
35.5 5615 0 101 4238 46
35.625 5615 0 99 4240 46
35.75 5615 0 97 4242 46
35.875 5615 0 94 4245 46
36 5615 0 93 4246 46
36.125 5615 0 90 4249 46
36.25 5615 0 89 4250 46
36.375 5615 0 88 4251 46
36.5 5615 0 86 4253 46
36.625 5615 0 85 4254 46
36.75 5615 0 81 4258 46
36.875 5615 0 79 4260 46
37 5615 0 79 4260 46
37.125 5615 0 78 4261 46
37.25 5615 0 77 4262 46
37.375 5615 0 73 4266 46
37.5 5615 0 72 4267 46
37.625 5615 0 72 4267 46
37.75 5615 0 71 4268 46
37.875 5615 0 69 4270 46
38 5615 0 67 4272 46
38.125 5615 0 66 4273 46
38.25 5615 0 66 4273 46
38.375 5615 0 66 4273 46
38.5 5615 0 65 4274 46
38.625 5615 0 63 4276 46
38.75 5615 0 62 4277 46
38.875 5615 0 62 4277 46
39 5615 0 61 4278 46
39.125 5615 0 59 4280 46
39.25 5615 0 58 4281 46
39.375 5615 0 56 4283 46
39.5 5615 0 55 4284 46
39.625 5615 0 52 4287 46
39.75 5615 0 50 4289 46
39.875 5615 0 49 4290 46
40 5615 0 47 4292 46
40.125 5615 0 47 4292 46
40.25 5615 0 47 4292 46
40.375 5615 0 47 4292 46
40.5 5615 0 46 4292 47
40.625 5615 0 44 4294 47
40.75 5615 0 43 4295 47
40.875 5615 0 42 4296 47
41 5615 0 42 4296 47
41.125 5615 0 42 4296 47
41.25 5615 0 42 4296 47
41.375 5615 0 42 4296 47
41.5 5615 0 42 4296 47
41.625 5615 0 42 4296 47
41.75 5615 0 41 4297 47
41.875 5615 0 39 4299 47
42 5615 0 39 4299 47
42.125 5615 0 36 4302 47
42.25 5615 0 36 4302 47
42.375 5615 0 36 4302 47
42.5 5615 0 34 4304 47
42.625 5615 0 34 4304 47
42.75 5615 0 33 4305 47
42.875 5615 0 31 4307 47
43 5615 0 30 4308 47
43.125 5615 0 29 4309 47
43.25 5615 0 27 4311 47
43.375 5615 0 26 4312 47
43.5 5615 0 25 4313 47
43.625 5615 0 25 4313 47
43.75 5615 0 22 4316 47
43.875 5615 0 22 4316 47
44 5615 0 22 4316 47
44.125 5615 0 22 4316 47
44.25 5615 0 20 4318 47
44.375 5615 0 20 4318 47
44.5 5615 0 20 4318 47
44.625 5615 0 18 4320 47
44.75 5615 0 18 4320 47
44.875 5615 0 18 4320 47
45 5615 0 17 4321 47
45.125 5615 0 16 4322 47
45.25 5615 0 16 4322 47
45.375 5615 0 15 4323 47
45.5 5615 0 15 4323 47
45.625 5615 0 15 4323 47
45.75 5615 0 15 4323 47
45.875 5615 0 15 4323 47
46 5615 0 15 4323 47
46.125 5615 0 14 4324 47
46.25 5615 0 14 4324 47
46.375 5615 0 14 4324 47
46.5 5615 0 13 4325 47
46.625 5615 0 13 4325 47
46.75 5615 0 13 4325 47
46.875 5615 0 12 4326 47
47 5615 0 12 4326 47
47.125 5615 0 12 4326 47
47.25 5615 0 11 4327 47
47.375 5615 0 10 4328 47
47.5 5615 0 10 4328 47
47.625 5615 0 10 4328 47
47.75 5615 0 10 4328 47
47.875 5615 0 10 4328 47
48 5615 0 10 4328 47
48.125 5615 0 10 4328 47
48.25 5615 0 10 4328 47
48.375 5615 0 10 4328 47
48.5 5615 0 10 4328 47
48.625 5615 0 10 4328 47
48.75 5615 0 10 4328 47
48.875 5615 0 9 4329 47
49 5615 0 9 4329 47
49.125 5615 0 9 4329 47
49.25 5615 0 9 4329 47
49.375 5615 0 9 4329 47
49.5 5615 0 9 4329 47
49.625 5615 0 8 4330 47
49.75 5615 0 8 4330 47
49.875 5615 0 6 4332 47
50 5615 0 6 4332 47
50.125 5615 0 6 4332 47
50.25 5615 0 5 4333 47
50.375 5615 0 5 4333 47
50.5 5615 0 5 4333 47
50.625 5615 0 5 4333 47
50.75 5615 0 5 4333 47
50.875 5615 0 5 4333 47
51 5615 0 5 4333 47
51.125 5615 0 5 4333 47
51.25 5615 0 5 4333 47
51.375 5615 0 5 4333 47
51.5 5615 0 5 4333 47
51.625 5615 0 5 4333 47
51.75 5615 0 5 4333 47
51.875 5615 0 5 4333 47
52 5615 0 5 4333 47
52.125 5615 0 5 4333 47
52.25 5615 0 5 4333 47
52.375 5615 0 5 4333 47
52.5 5615 0 5 4333 47
52.625 5615 0 5 4333 47
52.75 5615 0 5 4333 47
52.875 5615 0 5 4333 47
53 5615 0 5 4333 47
53.125 5615 0 4 4334 47
53.25 5615 0 4 4334 47
53.375 5615 0 4 4334 47
53.5 5615 0 4 4334 47
53.625 5615 0 4 4334 47
53.75 5615 0 4 4334 47
53.875 5615 0 4 4334 47
54 5615 0 4 4334 47
54.125 5615 0 4 4334 47
54.25 5615 0 4 4334 47
54.375 5615 0 4 4334 47
54.5 5615 0 4 4334 47
54.625 5615 0 4 4334 47
54.75 5615 0 4 4334 47
54.875 5615 0 3 4335 47
55 5615 0 2 4336 47
55.125 5615 0 2 4336 47
55.25 5615 0 2 4336 47
55.375 5615 0 2 4336 47
55.5 5615 0 2 4336 47
55.625 5615 0 2 4336 47
55.75 5615 0 2 4336 47
55.875 5615 0 2 4336 47
56 5615 0 2 4336 47
56.125 5615 0 2 4336 47
56.25 5615 0 1 4337 47
56.375 5615 0 1 4337 47
56.5 5615 0 1 4337 47
56.625 5615 0 1 4337 47
56.75 5615 0 1 4337 47
56.875 5615 0 1 4337 47
57 5615 0 1 4337 47
57.125 5615 0 1 4337 47
57.25 5615 0 1 4337 47
57.375 5615 0 1 4337 47
57.5 5615 0 1 4337 47
57.625 5615 0 1 4337 47
57.75 5615 0 1 4337 47
57.875 5615 0 1 4337 47
58 5615 0 1 4337 47
58.125 5615 0 1 4337 47
58.25 5615 0 1 4337 47
58.375 5615 0 1 4337 47
58.5 5615 0 1 4337 47
58.625 5615 0 1 4337 47
58.75 5615 0 1 4337 47
58.875 5615 0 1 4337 47
59 5615 0 1 4337 47
59.125 5615 0 1 4337 47
59.25 5615 0 1 4337 47
59.375 5615 0 1 4337 47
59.5 5615 0 1 4337 47
59.625 5615 0 1 4337 47
59.75 5615 0 1 4337 47
59.875 5615 0 1 4337 47
60 5615 0 1 4337 47
60.125 5615 0 1 4337 47
60.25 5615 0 1 4337 47
60.375 5615 0 1 4337 47
60.5 5615 0 1 4337 47
60.625 5615 0 1 4337 47
60.75 5615 0 1 4337 47
60.875 5615 0 1 4337 47
61 5615 0 1 4337 47
61.125 5615 0 1 4337 47
61.25 5615 0 1 4337 47
61.375 5615 0 1 4337 47
61.5 5615 0 1 4337 47
61.625 5615 0 1 4337 47
61.75 5615 0 1 4337 47
61.875 5615 0 1 4337 47
62 5615 0 1 4337 47
62.125 5615 0 1 4337 47
62.25 5615 0 1 4337 47
62.375 5615 0 1 4337 47
62.5 5615 0 1 4337 47
62.625 5615 0 1 4337 47
62.75 5615 0 1 4337 47
62.875 5615 0 1 4337 47
63 5615 0 1 4337 47
63.125 5615 0 1 4337 47
63.25 5615 0 1 4337 47
63.375 5615 0 1 4337 47
63.5 5615 0 1 4337 47
63.625 5615 0 1 4337 47
63.75 5615 0 1 4337 47
63.875 5615 0 1 4337 47
64 5615 0 1 4337 47
64.125 5615 0 1 4337 47
64.25 5615 0 1 4337 47
64.375 5615 0 1 4337 47
64.5 5615 0 1 4337 47
64.625 5615 0 1 4337 47
64.75 5615 0 1 4337 47
64.875 5615 0 1 4337 47
65 5615 0 1 4337 47
65.125 5615 0 1 4337 47
65.25 5615 0 1 4337 47
65.375 5615 0 1 4337 47
65.5 5615 0 1 4337 47
65.625 5615 0 0 4338 47
