t S E I R D
0 9999 0 1 0 0
0.125 9999 0 1 0 0
0.25 9999 0 1 0 0
0.375 9999 0 1 0 0
0.5 9999 0 1 0 0
0.625 9999 0 1 0 0
0.75 9999 0 1 0 0
0.875 9999 0 1 0 0
1 9999 0 1 0 0
1.125 9999 0 1 0 0
1.25 9999 0 1 0 0
1.375 9999 0 1 0 0
1.5 9999 0 1 0 0
1.625 9999 0 1 0 0
1.75 9999 0 1 0 0
1.875 9999 0 1 0 0
2 9998 1 1 0 0
2.125 9998 1 1 0 0
2.25 9998 1 1 0 0
2.375 9998 1 1 0 0
2.5 9998 1 1 0 0
2.625 9997 2 1 0 0
2.75 9997 2 1 0 0
2.875 9997 2 1 0 0
3 9997 1 2 0 0
3.125 9994 4 2 0 0
3.25 9988 10 1 1 0
3.375 9982 15 2 1 0
3.5 9976 20 3 1 0
3.625 9974 20 5 1 0
3.75 9965 29 5 1 0
3.875 9958 33 8 1 0
4 9954 34 11 1 0
4.125 9950 34 15 1 0
4.25 9944 39 16 1 0
4.375 9938 39 22 1 0
4.5 9931 41 27 1 0
4.625 9927 44 27 2 0
4.75 9915 55 26 4 0
4.875 9905 61 29 5 0
5 9897 65 33 5 0
5.125 9890 71 34 5 0
5.25 9882 77 35 6 0
5.375 9880 73 41 6 0
5.5 9871 78 43 8 0
5.625 9863 83 46 8 0
5.75 9858 83 50 9 0
5.875 9849 85 57 9 0
6 9841 89 60 10 0
6.125 9829 96 65 10 0
6.25 9823 95 72 10 0
6.375 9816 97 76 11 0
6.5 9807 96 85 12 0
6.625 9796 104 83 17 0
6.75 9787 109 85 19 0
6.875 9775 108 97 20 0
7 9761 118 97 24 0
7.125 9747 127 100 26 0
7.25 9726 141 104 29 0
7.375 9711 148 112 29 0
7.5 9707 143 119 31 0
7.625 9690 149 129 32 0
7.75 9675 154 137 34 0
7.875 9658 162 145 35 0
8 9644 166 152 38 0
8.125 9623 176 159 42 0
8.25 9606 181 167 46 0
8.375 9594 186 170 50 0
8.5 9572 198 178 52 0
8.625 9552 210 183 55 0
8.75 9526 229 184 61 0
8.875 9504 237 195 63 1
9 9482 239 209 69 1
9.125 9460 246 222 71 1
9.25 9430 263 231 75 1
9.375 9406 269 248 76 1
9.5 9379 286 255 79 1
9.625 9343 309 264 83 1
9.75 9322 306 285 86 1
9.875 9290 325 295 89 1
10 9263 342 295 99 1
10.125 9227 360 310 102 1
10.25 9206 350 336 107 1
10.375 9175 357 353 114 1
10.5 9147 362 367 123 1
10.625 9110 378 381 130 1
10.75 9078 382 401 138 1
10.875 9039 391 420 149 1
11 9000 409 432 158 1
11.125 8967 414 451 167 1
11.25 8934 419 473 173 1
11.375 8903 426 480 190 1
11.5 8856 456 487 200 1
11.625 8810 473 503 213 1
11.75 8770 484 522 223 1
11.875 8731 493 541 234 1
12 8691 502 565 241 1
12.125 8650 505 589 255 1
12.25 8614 516 602 267 1
12.375 8585 508 626 279 2
12.5 8548 509 647 294 2
12.625 8511 515 666 305 3
12.75 8464 516 699 318 3
12.875 8421 517 730 329 3
13 8381 525 745 344 5
13.125 8332 542 761 360 5
13.25 8273 566 786 370 5
13.375 8228 578 810 379 5
13.5 8188 576 840 390 6
13.625 8141 592 849 412 6
13.75 8095 595 882 422 6
13.875 8059 594 903 438 6
14 8006 608 926 454 6
14.125 7965 603 950 476 6
14.25 7909 614 969 502 6
14.375 7868 613 982 531 6
14.5 7821 615 996 562 6
14.625 7772 646 999 577 6
14.75 7721 654 1024 595 6
14.875 7683 648 1052 611 6
15 7638 659 1068 629 6
15.125 7589 656 1103 645 7
15.25 7556 645 1121 671 7
15.375 7504 663 1138 688 7
15.5 7467 667 1152 707 7
15.625 7413 677 1174 729 7
15.75 7362 690 1191 750 7
15.875 7313 695 1213 771 8
16 7259 703 1228 801 9
16.125 7218 705 1245 823 9
16.25 7175 701 1266 849 9
16.375 7138 695 1283 875 9
16.5 7087 693 1315 896 9
16.625 7055 682 1334 920 9
16.75 7008 695 1336 952 9
16.875 6961 692 1349 989 9
17 6921 690 1363 1017 9
17.125 6878 691 1370 1051 10
17.25 6843 690 1381 1076 10
17.375 6808 678 1394 1110 10
17.5 6761 681 1402 1146 10
17.625 6718 677 1416 1179 10
17.75 6677 673 1421 1219 10
17.875 6645 667 1430 1247 11
18 6611 658 1438 1282 11
18.125 6568 652 1452 1317 11
18.25 6529 645 1473 1342 11
18.375 6503 633 1475 1378 11
18.5 6478 622 1481 1407 12
18.625 6438 631 1486 1433 12
18.75 6396 641 1486 1464 13
18.875 6355 642 1488 1500 15
19 6317 639 1510 1519 15
19.125 6283 625 1527 1549 16
19.25 6246 618 1537 1583 16
19.375 6201 621 1542 1618 18
19.5 6170 617 1544 1651 18
19.625 6129 615 1553 1684 19
19.75 6091 608 1563 1719 19
19.875 6056 604 1574 1747 19
20 6029 606 1563 1783 19
20.125 5994 601 1572 1814 19
20.25 5958 602 1570 1851 19
20.375 5939 592 1556 1894 19
20.5 5908 596 1554 1923 19
20.625 5875 594 1548 1964 19
20.75 5855 565 1569 1992 19
20.875 5818 568 1568 2026 20
21 5787 568 1570 2055 20
21.125 5761 566 1574 2079 20
21.25 5734 566 1571 2109 20
21.375 5693 574 1569 2143 21
21.5 5667 579 1558 2175 21
21.625 5633 579 1551 2215 22
21.75 5614 570 1546 2247 23
21.875 5587 550 1557 2281 25
22 5557 547 1560 2311 25
22.125 5536 540 1557 2342 25
22.25 5502 547 1557 2369 25
22.375 5473 537 1562 2402 26
22.5 5452 531 1558 2433 26
22.625 5419 527 1553 2475 26
22.75 5400 507 1565 2502 26
22.875 5370 503 1571 2530 26
23 5348 498 1566 2562 26
23.125 5323 493 1566 2592 26
23.25 5300 482 1557 2635 26
23.375 5270 476 1561 2667 26
23.5 5247 468 1567 2692 26
23.625 5229 462 1551 2732 26
23.75 5206 450 1565 2752 27
23.875 5183 447 1546 2797 27
24 5157 439 1535 2841 28
24.125 5128 439 1528 2876 29
24.25 5110 435 1515 2911 29
24.375 5090 431 1496 2954 29
24.5 5071 422 1499 2979 29
24.625 5049 415 1489 3018 29
24.75 5034 410 1484 3043 29
24.875 5021 400 1475 3075 29
25 5000 406 1461 3104 29
25.125 4987 393 1456 3135 29
25.25 4964 387 1445 3174 30
25.375 4951 375 1439 3205 30
25.5 4928 370 1427 3244 31
25.625 4916 369 1410 3274 31
25.75 4900 365 1400 3304 31
25.875 4885 358 1399 3327 31
26 4869 354 1392 3353 32
26.125 4862 343 1369 3394 32
26.25 4851 331 1352 3434 32
26.375 4830 331 1344 3463 32
26.5 4816 330 1323 3499 32
26.625 4801 319 1316 3532 32
26.75 4779 329 1308 3552 32
26.875 4774 314 1301 3579 32
27 4756 309 1297 3605 33
27.125 4745 294 1299 3629 33
27.25 4721 300 1284 3662 33
27.375 4707 297 1270 3693 33
27.5 4691 297 1258 3720 34
27.625 4676 287 1255 3748 34
27.75 4662 289 1246 3768 35
27.875 4653 281 1240 3791 35
28 4644 266 1234 3820 36
28.125 4631 264 1218 3850 37
28.25 4621 261 1203 3878 37
28.375 4597 272 1186 3907 38
28.5 4578 271 1179 3934 38
28.625 4561 275 1171 3955 38
28.75 4548 266 1161 3987 38
28.875 4535 262 1156 4009 38
29 4524 255 1147 4036 38
29.125 4516 244 1135 4067 38
29.25 4500 247 1127 4088 38
29.375 4486 251 1113 4112 38
29.5 4470 246 1118 4128 38
29.625 4458 246 1102 4156 38
29.75 4448 244 1082 4187 39
29.875 4433 242 1077 4209 39
30 4416 243 1080 4221 40
30.125 4399 246 1070 4244 41
30.25 4385 249 1056 4269 41
30.375 4380 238 1048 4292 42
30.5 4369 227 1050 4312 42
30.625 4356 228 1043 4329 44
30.75 4337 231 1035 4353 44
30.875 4329 231 1020 4376 44
31 4317 226 1017 4396 44
31.125 4297 234 1003 4422 44
31.25 4287 228 998 4442 45
31.375 4275 227 994 4458 46
31.5 4271 221 983 4479 46
31.625 4255 221 977 4501 46
31.75 4245 214 979 4516 46
31.875 4238 201 976 4539 46
32 4229 202 967 4556 46
32.125 4216 192 971 4575 46
32.25 4210 183 963 4598 46
32.375 4199 179 958 4618 46
32.5 4187 174 957 4636 46
32.625 4183 171 945 4655 46
32.75 4164 174 943 4673 46
32.875 4155 165 939 4695 46
33 4148 161 928 4717 46
33.125 4141 158 910 4745 46
33.25 4133 155 908 4758 46
33.375 4127 156 888 4783 46
33.5 4119 159 873 4802 47
33.625 4110 155 857 4831 47
33.75 4101 156 847 4849 47
33.875 4090 153 840 4870 47
34 4084 147 834 4888 47
34.125 4076 144 821 4911 48
34.25 4068 142 807 4935 48
34.375 4059 142 801 4950 48
34.5 4048 144 798 4962 48
34.625 4043 142 789 4978 48
34.75 4038 141 779 4994 48
34.875 4033 144 767 5008 48
35 4028 137 761 5025 49
35.125 4021 135 753 5042 49
35.25 4018 130 746 5057 49
35.375 4014 123 744 5070 49
35.5 4010 116 731 5094 49
35.625 4004 116 730 5101 49
35.75 4000 113 722 5116 49
35.875 3997 108 715 5131 49
36 3990 108 699 5154 49
36.125 3982 105 696 5168 49
36.25 3975 108 683 5185 49
36.375 3968 102 687 5194 49
36.5 3961 100 682 5208 49
36.625 3957 98 667 5229 49
36.75 3945 106 653 5247 49
36.875 3937 110 649 5255 49
37 3928 116 640 5267 49
37.125 3925 113 628 5285 49
37.25 3918 116 621 5296 49
37.375 3916 109 625 5301 49
37.5 3913 108 614 5316 49
37.625 3909 105 606 5330 50
37.75 3904 102 600 5344 50
37.875 3895 104 599 5352 50
38 3889 103 596 5362 50
38.125 3886 95 592 5377 50
38.25 3883 91 592 5384 50
38.375 3880 88 588 5394 50
38.5 3873 85 582 5410 50
38.625 3869 85 574 5422 50
38.75 3865 82 567 5435 51
38.875 3860 80 559 5449 52
39 3858 75 549 5466 52
39.125 3852 77 542 5477 52
39.25 3849 75 532 5492 52
39.375 3846 75 528 5499 52
39.5 3842 75 525 5505 53
39.625 3836 76 524 5511 53
39.75 3827 80 519 5521 53
39.875 3820 84 512 5531 53
40 3818 83 505 5541 53
40.125 3816 78 500 5553 53
40.25 3813 77 494 5563 53
40.375 3808 74 483 5582 53
40.5 3806 70 476 5595 53
40.625 3801 71 469 5606 53
40.75 3796 72 463 5615 54
40.875 3792 72 457 5625 54
41 3789 72 454 5631 54
41.125 3785 73 450 5638 54
41.25 3783 68 450 5645 54
41.375 3778 71 441 5655 55
41.5 3777 68 434 5666 55
41.625 3774 64 432 5675 55
41.75 3768 65 428 5684 55
41.875 3766 61 428 5690 55
42 3765 57 425 5698 55
42.125 3760 59 420 5706 55
42.25 3755 61 417 5712 55
42.375 3752 62 411 5720 55
42.5 3749 62 395 5738 56
42.625 3746 61 391 5746 56
42.75 3745 58 390 5751 56
42.875 3740 59 386 5759 56
43 3739 59 377 5769 56
43.125 3739 54 371 5780 56
43.25 3736 53 362 5793 56
43.375 3734 52 355 5803 56
43.5 3730 50 354 5810 56
43.625 3728 52 350 5814 56
43.75 3722 58 343 5821 56
43.875 3722 56 334 5832 56
44 3720 50 337 5837 56
44.125 3714 54 331 5845 56
44.25 3709 54 328 5853 56
44.375 3707 53 327 5856 57
44.5 3705 50 323 5865 57
44.625 3704 48 320 5871 57
44.75 3702 45 318 5878 57
44.875 3699 47 315 5882 57
45 3697 45 315 5885 58
45.125 3694 47 308 5892 59
45.25 3691 47 307 5896 59
45.375 3691 46 303 5901 59
45.5 3689 45 295 5912 59
45.625 3685 47 293 5916 59
45.75 3684 44 291 5922 59
45.875 3682 45 287 5927 59
46 3680 45 274 5942 59
46.125 3676 48 271 5946 59
46.25 3673 50 263 5955 59
46.375 3671 47 263 5960 59
46.5 3667 48 259 5967 59
46.625 3665 49 251 5976 59
46.75 3663 48 245 5985 59
46.875 3662 46 244 5988 60
47 3658 49 238 5995 60
47.125 3658 46 239 5997 60
47.25 3658 43 235 6004 60
47.375 3656 41 231 6012 60
47.5 3652 44 226 6018 60
47.625 3651 43 224 6022 60
47.75 3649 43 221 6027 60
47.875 3647 42 220 6031 60
48 3646 39 218 6037 60
48.125 3645 36 218 6041 60
48.25 3643 37 218 6042 60
48.375 3641 37 219 6043 60
48.5 3640 36 215 6049 60
48.625 3639 36 211 6054 60
48.75 3638 36 206 6060 60
48.875 3638 34 207 6061 60
49 3636 34 207 6063 60
49.125 3634 33 208 6065 60
49.25 3633 33 205 6069 60
49.375 3631 32 203 6074 60
49.5 3629 33 200 6078 60
49.625 3627 33 200 6080 60
49.75 3626 33 196 6085 60
49.875 3624 33 193 6090 60
50 3621 33 193 6093 60
50.125 3620 31 193 6096 60
50.25 3618 32 194 6096 60
50.375 3617 32 193 6098 60
50.5 3616 32 192 6100 60
50.625 3614 32 190 6104 60
50.75 3614 32 187 6107 60
50.875 3613 33 181 6113 60
51 3613 31 181 6115 60
51.125 3613 28 178 6121 60
51.25 3609 31 174 6126 60
51.375 3609 29 171 6131 60
51.5 3608 27 174 6131 60
51.625 3607 25 175 6133 60
51.75 3605 25 171 6139 60
51.875 3604 26 168 6142 60
52 3604 21 169 6146 60
52.125 3603 20 165 6152 60
52.25 3603 19 162 6156 60
52.375 3603 19 157 6161 60
52.5 3603 19 153 6165 60
52.625 3603 19 150 6168 60
52.75 3603 19 147 6171 60
52.875 3601 20 144 6175 60
53 3598 22 141 6179 60
53.125 3597 23 141 6179 60
53.25 3597 21 140 6182 60
53.375 3597 20 138 6185 60
53.5 3597 19 135 6189 60
53.625 3594 21 135 6190 60
53.75 3593 22 133 6192 60
53.875 3593 21 133 6193 60
54 3592 19 134 6195 60
54.125 3592 17 135 6196 60
54.25 3591 17 135 6197 60
54.375 3591 17 133 6199 60
54.5 3589 18 131 6202 60
54.625 3589 16 131 6204 60
54.75 3589 15 129 6207 60
54.875 3589 14 127 6210 60
55 3589 14 124 6213 60
55.125 3587 15 124 6214 60
55.25 3587 12 123 6218 60
55.375 3586 11 122 6221 60
55.5 3585 11 118 6226 60
55.625 3584 12 114 6230 60
55.75 3584 11 114 6231 60
55.875 3584 10 111 6235 60
56 3582 11 110 6236 61
56.125 3582 11 108 6238 61
56.25 3580 13 106 6240 61
56.375 3579 13 107 6240 61
56.5 3577 15 106 6241 61
56.625 3576 16 101 6246 61
56.75 3575 16 100 6248 61
56.875 3575 15 101 6248 61
57 3575 12 103 6249 61
57.125 3574 11 102 6252 61
57.25 3574 11 102 6252 61
57.375 3573 12 101 6253 61
57.5 3572 13 100 6254 61
57.625 3570 15 97 6257 61
57.75 3569 14 96 6260 61
57.875 3568 13 93 6265 61
58 3568 13 93 6265 61
58.125 3564 16 91 6268 61
58.25 3564 13 92 6270 61
58.375 3564 12 92 6271 61
58.5 3563 12 92 6272 61
58.625 3563 10 91 6275 61
58.75 3563 9 90 6277 61
58.875 3562 9 90 6278 61
59 3561 10 88 6280 61
59.125 3561 10 87 6281 61
59.25 3561 10 87 6281 61
59.375 3561 9 86 6283 61
59.5 3561 8 86 6284 61
59.625 3560 8 87 6284 61
59.75 3560 7 86 6286 61
59.875 3560 7 84 6288 61
60 3560 7 82 6290 61
60.125 3560 7 80 6292 61
60.25 3560 6 80 6293 61
60.375 3560 6 80 6293 61
60.5 3560 6 80 6293 61
60.625 3559 6 81 6293 61
60.75 3559 6 81 6293 61
60.875 3559 6 78 6295 62
61 3559 6 77 6296 62
61.125 3559 6 77 6296 62
61.25 3557 8 77 6296 62
61.375 3556 9 77 6296 62
61.5 3555 10 77 6296 62
61.625 3554 10 76 6298 62
61.75 3554 10 74 6300 62
61.875 3554 9 74 6301 62
62 3554 8 74 6302 62
62.125 3554 8 72 6304 62
62.25 3552 9 73 6304 62
62.375 3552 8 72 6306 62
62.5 3552 7 71 6308 62
62.625 3552 6 68 6312 62
62.75 3552 5 67 6314 62
62.875 3552 5 67 6314 62
63 3552 4 67 6315 62
63.125 3552 3 67 6316 62
63.25 3552 2 68 6316 62
63.375 3552 2 68 6316 62
63.5 3552 2 67 6317 62
63.625 3551 3 66 6318 62
63.75 3550 4 66 6318 62
63.875 3550 4 63 6321 62
64 3550 4 60 6324 62
64.125 3550 4 57 6327 62
64.25 3550 3 58 6327 62
64.375 3550 3 56 6329 62
64.5 3549 4 55 6330 62
64.625 3549 4 53 6332 62
64.75 3549 4 50 6335 62
64.875 3548 5 48 6337 62
65 3548 5 48 6337 62
65.125 3548 5 47 6338 62
65.25 3548 5 47 6338 62
65.375 3547 5 46 6340 62
65.5 3546 6 43 6343 62
65.625 3546 5 44 6343 62
65.75 3545 6 44 6343 62
65.875 3545 6 43 6344 62
66 3545 5 44 6344 62
66.125 3545 5 43 6345 62
66.25 3545 5 42 6346 62
66.375 3545 5 41 6346 63
66.5 3545 5 40 6347 63
66.625 3545 5 40 6347 63
66.75 3545 5 39 6348 63
66.875 3545 4 40 6348 63
67 3545 4 40 6348 63
67.125 3543 6 39 6349 63
67.25 3543 4 39 6351 63
67.375 3543 4 39 6351 63
67.5 3542 5 39 6351 63
67.625 3541 6 39 6351 63
67.75 3540 7 37 6353 63
67.875 3539 7 38 6353 63
68 3539 7 37 6354 63
68.125 3539 6 37 6355 63
68.25 3538 7 37 6355 63
68.375 3538 7 37 6355 63
68.5 3538 6 38 6355 63
68.625 3538 6 37 6356 63
68.75 3538 6 37 6356 63
68.875 3538 6 36 6357 63
69 3537 7 36 6357 63
69.125 3537 7 35 6358 63
69.25 3537 5 37 6358 63
69.375 3537 4 37 6359 63
69.5 3537 4 37 6359 63
69.625 3537 4 35 6361 63
69.75 3536 5 35 6361 63
69.875 3536 4 35 6362 63
70 3535 5 34 6363 63
70.125 3535 3 36 6363 63
70.25 3535 3 36 6363 63
70.375 3534 4 36 6363 63
70.5 3534 3 37 6363 63
70.625 3533 4 36 6364 63
70.75 3530 7 36 6364 63
70.875 3530 7 36 6364 63
71 3530 7 35 6365 63
71.125 3530 6 35 6366 63
71.25 3530 4 35 6368 63
71.375 3530 4 33 6370 63
71.5 3530 4 33 6370 63
71.625 3530 3 33 6371 63
71.75 3530 3 31 6373 63
71.875 3530 3 30 6374 63
72 3530 3 30 6374 63
72.125 3529 4 30 6374 63
72.25 3529 4 30 6374 63
72.375 3529 4 30 6374 63
72.5 3527 6 30 6374 63
72.625 3526 6 30 6375 63
72.75 3526 6 29 6376 63
72.875 3525 7 29 6376 63
73 3524 8 28 6377 63
73.125 3524 6 30 6377 63
73.25 3524 6 30 6377 63
73.375 3524 5 30 6378 63
73.5 3524 5 30 6378 63
73.625 3524 5 29 6379 63
73.75 3524 5 28 6380 63
73.875 3524 5 27 6381 63
74 3524 5 27 6381 63
74.125 3524 3 28 6382 63
74.25 3524 2 29 6382 63
74.375 3523 3 29 6382 63
74.5 3523 3 28 6383 63
74.625 3522 4 27 6384 63
74.75 3522 4 27 6384 63
74.875 3522 4 26 6385 63
75 3522 4 26 6385 63
75.125 3522 4 26 6385 63
75.25 3522 4 26 6385 63
75.375 3522 4 25 6386 63
75.5 3522 4 25 6386 63
75.625 3521 4 24 6388 63
75.75 3521 4 24 6388 63
75.875 3521 4 22 6390 63
76 3521 4 22 6390 63
76.125 3521 4 22 6390 63
76.25 3521 4 22 6390 63
76.375 3521 4 22 6390 63
76.5 3520 5 22 6390 63
76.625 3520 5 22 6390 63
76.75 3520 5 22 6390 63
76.875 3520 4 22 6391 63
77 3520 4 21 6392 63
77.125 3520 4 20 6393 63
77.25 3520 3 21 6393 63
77.375 3520 1 23 6393 63
77.5 3520 1 22 6394 63
77.625 3520 1 22 6394 63
77.75 3520 1 22 6394 63
77.875 3520 1 21 6395 63
78 3520 1 21 6395 63
78.125 3520 1 21 6395 63
78.25 3520 1 20 6396 63
78.375 3520 1 20 6396 63
78.5 3520 1 20 6396 63
78.625 3519 2 19 6397 63
78.75 3519 2 19 6397 63
78.875 3519 2 19 6397 63
79 3519 2 19 6397 63
79.125 3519 2 19 6397 63
79.25 3519 2 19 6397 63
79.375 3518 2 20 6397 63
79.5 3518 2 19 6398 63
79.625 3518 2 19 6398 63
79.75 3518 2 19 6398 63
79.875 3518 2 19 6398 63
80 3518 2 17 6400 63
80.125 3518 2 16 6401 63
80.25 3518 2 16 6401 63
80.375 3518 2 15 6402 63
80.5 3518 2 15 6402 63
80.625 3518 2 15 6402 63
80.75 3518 2 14 6403 63
80.875 3518 2 14 6403 63
81 3518 2 14 6403 63
81.125 3518 2 14 6403 63
81.25 3518 1 14 6404 63
81.375 3518 1 14 6404 63
81.5 3517 2 14 6404 63
81.625 3517 2 14 6404 63
81.75 3517 2 14 6404 63
81.875 3517 2 14 6404 63
82 3517 2 14 6404 63
82.125 3517 2 14 6404 63
82.25 3517 2 14 6404 63
82.375 3516 3 13 6405 63
82.5 3516 3 13 6405 63
82.625 3516 3 12 6406 63
82.75 3516 3 12 6406 63
82.875 3516 3 12 6406 63
83 3516 3 12 6406 63
83.125 3516 3 12 6406 63
83.25 3516 3 11 6407 63
83.375 3516 3 11 6407 63
83.5 3516 3 11 6407 63
83.625 3516 3 11 6407 63
83.75 3516 3 11 6407 63
83.875 3516 3 11 6407 63
84 3516 3 10 6408 63
84.125 3516 3 9 6409 63
84.25 3516 3 8 6410 63
84.375 3516 3 8 6410 63
84.5 3516 3 8 6410 63
84.625 3516 3 7 6411 63
84.75 3516 3 7 6411 63
84.875 3516 3 7 6411 63
85 3516 3 7 6411 63
85.125 3516 3 7 6411 63
85.25 3516 2 8 6411 63
85.375 3516 2 8 6411 63
85.5 3516 1 8 6412 63
85.625 3516 1 8 6412 63
85.75 3516 1 7 6413 63
85.875 3516 1 7 6413 63
86 3516 1 7 6413 63
86.125 3516 1 7 6413 63
86.25 3516 1 7 6413 63
86.375 3516 1 7 6413 63
86.5 3516 1 7 6413 63
86.625 3516 1 7 6413 63
86.75 3516 1 7 6413 63
86.875 3516 1 7 6413 63
87 3516 1 7 6413 63
87.125 3516 1 6 6414 63
87.25 3516 1 6 6414 63
87.375 3516 1 6 6414 63
87.5 3516 1 6 6414 63
87.625 3516 1 6 6414 63
87.75 3516 1 6 6414 63
87.875 3516 1 6 6414 63
88 3516 1 6 6414 63
88.125 3516 1 6 6414 63
88.25 3516 1 6 6414 63
88.375 3516 1 6 6414 63
88.5 3516 1 6 6414 63
88.625 3516 1 6 6414 63
88.75 3516 1 6 6414 63
88.875 3516 1 6 6414 63
89 3516 1 5 6415 63
89.125 3516 1 5 6415 63
89.25 3516 1 5 6415 63
89.375 3516 1 5 6415 63
89.5 3516 1 4 6416 63
89.625 3516 0 4 6417 63
89.75 3516 0 4 6417 63
89.875 3516 0 4 6417 63
90 3516 0 4 6417 63
90.125 3516 0 4 6417 63
90.25 3516 0 4 6417 63
90.375 3516 0 4 6417 63
90.5 3516 0 4 6417 63
90.625 3516 0 3 6418 63
90.75 3516 0 3 6418 63
90.875 3516 0 3 6418 63
91 3516 0 3 6418 63
91.125 3516 0 3 6418 63
91.25 3516 0 3 6418 63
91.375 3516 0 3 6418 63
91.5 3516 0 3 6418 63
91.625 3516 0 3 6418 63
91.75 3516 0 3 6418 63
91.875 3516 0 3 6418 63
92 3516 0 3 6418 63
92.125 3516 0 3 6418 63
92.25 3516 0 3 6418 63
92.375 3516 0 3 6418 63
92.5 3516 0 3 6418 63
92.625 3516 0 3 6418 63
92.75 3516 0 3 6418 63
92.875 3516 0 3 6418 63
93 3516 0 3 6418 63
93.125 3516 0 3 6418 63
93.25 3516 0 3 6418 63
93.375 3516 0 3 6418 63
93.5 3516 0 3 6418 63
93.625 3516 0 3 6418 63
93.75 3516 0 3 6418 63
93.875 3516 0 3 6418 63
94 3516 0 3 6418 63
94.125 3516 0 3 6418 63
94.25 3516 0 3 6418 63
94.375 3516 0 3 6418 63
94.5 3516 0 3 6418 63
94.625 3516 0 3 6418 63
94.75 3516 0 3 6418 63
94.875 3516 0 3 6418 63
95 3516 0 3 6418 63
95.125 3516 0 3 6418 63
95.25 3516 0 2 6419 63
95.375 3516 0 2 6419 63
95.5 3516 0 2 6419 63
95.625 3516 0 2 6419 63
95.75 3516 0 2 6419 63
95.875 3516 0 2 6419 63
96 3516 0 2 6419 63
96.125 3516 0 2 6419 63
96.25 3516 0 2 6419 63
96.375 3516 0 2 6419 63
96.5 3516 0 2 6419 63
96.625 3516 0 2 6419 63
96.75 3516 0 2 6419 63
96.875 3516 0 2 6419 63
97 3516 0 2 6419 63
97.125 3516 0 2 6419 63
97.25 3516 0 2 6419 63
97.375 3516 0 2 6419 63
97.5 3516 0 2 6419 63
97.625 3516 0 2 6419 63
97.75 3516 0 2 6419 63
97.875 3516 0 2 6419 63
98 3516 0 2 6419 63
98.125 3516 0 2 6419 63
98.25 3516 0 2 6419 63
98.375 3516 0 2 6419 63
98.5 3516 0 2 6419 63
98.625 3516 0 2 6419 63
98.75 3516 0 2 6419 63
98.875 3516 0 2 6419 63
99 3516 0 2 6419 63
99.125 3516 0 2 6419 63
99.25 3516 0 2 6419 63
99.375 3516 0 2 6419 63
99.5 3516 0 2 6419 63
99.625 3516 0 2 6419 63
99.75 3516 0 2 6419 63
99.875 3516 0 2 6419 63
100 3516 0 2 6419 63
100.125 3516 0 2 6419 63
100.25 3516 0 2 6419 63
100.375 3516 0 2 6419 63
100.5 3516 0 2 6419 63
100.625 3516 0 2 6419 63
100.75 3516 0 2 6419 63
100.875 3516 0 2 6419 63
101 3516 0 2 6419 63
101.125 3516 0 1 6420 63
101.25 3516 0 1 6420 63
101.375 3516 0 1 6420 63
101.5 3516 0 1 6420 63
101.625 3516 0 1 6420 63
101.75 3516 0 1 6420 63
101.875 3516 0 1 6420 63
102 3516 0 1 6420 63
102.125 3516 0 1 6420 63
102.25 3516 0 1 6420 63
102.375 3516 0 1 6420 63
102.5 3516 0 1 6420 63
102.625 3516 0 1 6420 63
102.75 3516 0 1 6420 63
102.875 3516 0 1 6420 63
103 3516 0 1 6420 63
103.125 3516 0 1 6420 63
103.25 3516 0 0 6421 63
