t S E I R D
0 9998 0 2 0 0
0.125 9998 0 2 0 0
0.25 9997 1 2 0 0
0.375 9996 2 2 0 0
0.5 9996 2 2 0 0
0.625 9996 2 2 0 0
0.75 9996 2 2 0 0
0.875 9995 3 2 0 0
1 9995 3 2 0 0
1.125 9995 3 2 0 0
1.25 9994 4 2 0 0
1.375 9994 4 2 0 0
1.5 9994 4 2 0 0
1.625 9994 4 2 0 0
1.75 9994 4 2 0 0
1.875 9994 4 2 0 0
2 9994 4 2 0 0
2.125 9994 4 2 0 0
2.25 9993 5 2 0 0
2.375 9993 5 2 0 0
2.5 9993 5 2 0 0
2.625 9993 5 2 0 0
2.75 9993 5 2 0 0
2.875 9993 4 3 0 0
3 9993 4 2 1 0
3.125 9993 4 2 1 0
3.25 9993 4 2 1 0
3.375 9993 4 2 1 0
3.5 9993 4 2 1 0
3.625 9993 4 2 1 0
3.75 9992 5 2 1 0
3.875 9992 5 2 1 0
4 9992 5 2 1 0
4.125 9992 5 2 1 0
4.25 9991 5 3 1 0
4.375 9991 5 3 1 0
4.5 9991 5 3 1 0
4.625 9991 5 3 1 0
4.75 9991 5 3 1 0
4.875 9991 4 4 1 0
5 9991 4 4 1 0
5.125 9991 4 4 1 0
5.25 9989 6 4 1 0
5.375 9988 6 5 1 0
5.5 9988 5 6 1 0
5.625 9987 5 7 1 0
5.75 9983 9 7 1 0
5.875 9978 13 8 1 0
6 9973 18 8 1 0
6.125 9970 20 9 1 0
6.25 9968 18 13 1 0
6.375 9966 20 13 1 0
6.5 9960 23 16 1 0
6.625 9958 24 17 1 0
6.75 9958 24 17 1 0
6.875 9957 24 17 1 1
7 9952 29 17 1 1
7.125 9947 34 16 2 1
7.25 9947 33 17 2 1
7.375 9944 35 18 2 1
7.5 9942 35 20 2 1
7.625 9939 37 21 2 1
7.75 9934 40 21 4 1
7.875 9932 39 24 4 1
8 9926 42 27 4 1
8.125 9921 45 28 5 1
8.25 9916 47 31 5 1
8.375 9909 49 35 6 1
8.5 9904 50 38 7 1
8.625 9897 56 39 7 1
8.75 9893 54 43 9 1
8.875 9886 59 44 10 1
9 9876 66 47 10 1
9.125 9867 67 53 12 1
9.25 9858 71 56 14 1
9.375 9849 75 59 16 1
9.5 9833 85 61 20 1
9.625 9804 105 66 24 1
9.75 9787 116 72 24 1
9.875 9765 132 75 27 1
10 9740 150 81 28 1
10.125 9707 172 88 32 1
10.25 9685 177 105 32 1
10.375 9643 211 112 33 1
10.5 9619 226 120 34 1
10.625 9586 243 133 37 1
10.75 9550 266 140 43 1
10.875 9514 285 157 43 1
11 9459 323 171 46 1
11.125 9402 366 181 50 1
11.25 9361 389 194 55 1
11.375 9318 409 213 59 1
11.5 9276 438 223 62 1
11.625 9217 470 244 68 1
11.75 9156 504 267 72 1
11.875 9098 526 298 77 1
12 9035 552 326 86 1
12.125 8956 592 361 90 1
12.25 8886 626 394 93 1
12.375 8816 655 426 102 1
12.5 8722 709 460 108 1
12.625 8652 735 494 118 1
12.75 8561 776 535 127 1
12.875 8473 825 562 139 1
13 8370 876 598 155 1
13.125 8273 919 638 169 1
13.25 8193 952 671 181 3
13.375 8088 998 718 193 3
13.5 8008 1027 754 208 3
13.625 7916 1054 807 220 3
13.75 7818 1086 858 235 3
13.875 7734 1118 892 253 3
14 7650 1135 944 268 3
14.125 7554 1159 993 291 3
14.25 7460 1183 1047 307 3
14.375 7363 1198 1103 333 3
14.5 7268 1215 1157 356 4
14.625 7188 1218 1209 381 4
14.75 7098 1228 1258 412 4
14.875 7001 1235 1321 439 4
15 6896 1273 1359 468 4
15.125 6813 1274 1419 490 4
15.25 6723 1283 1475 515 4
15.375 6623 1305 1519 549 4
15.5 6522 1315 1587 572 4
15.625 6427 1338 1612 619 4
15.75 6328 1359 1666 643 4
15.875 6249 1359 1710 678 4
16 6168 1368 1748 712 4
16.125 6080 1387 1788 740 5
16.25 5974 1400 1850 770 6
16.375 5896 1403 1875 820 6
16.5 5810 1404 1927 853 6
16.625 5741 1404 1956 892 7
16.75 5660 1394 2010 929 7
16.875 5578 1396 2052 967 7
17 5510 1383 2089 1011 7
17.125 5437 1373 2121 1061 8
17.25 5365 1355 2161 1111 8
17.375 5294 1339 2189 1170 8
17.5 5221 1335 2221 1215 8
17.625 5130 1334 2270 1258 8
17.75 5047 1341 2293 1311 8
17.875 4979 1327 2313 1373 8
18 4892 1345 2345 1410 8
18.125 4823 1336 2375 1457 9
18.25 4753 1313 2430 1494 10
18.375 4688 1292 2462 1548 10
18.5 4621 1270 2505 1593 11
18.625 4565 1243 2535 1645 12
18.75 4501 1223 2571 1693 12
18.875 4424 1219 2589 1756 12
19 4372 1192 2623 1800 13
19.125 4304 1197 2638 1848 13
19.25 4241 1181 2654 1911 13
19.375 4184 1166 2670 1967 13
19.5 4138 1146 2667 2036 13
19.625 4087 1138 2682 2078 15
19.75 4042 1131 2685 2127 15
19.875 3999 1097 2712 2177 15
20 3958 1059 2722 2245 16
20.125 3910 1043 2742 2288 17
20.25 3851 1040 2741 2350 18
20.375 3812 1003 2749 2417 19
20.5 3767 979 2753 2482 19
20.625 3710 972 2784 2515 19
20.75 3660 956 2798 2567 19
20.875 3611 948 2794 2626 21
21 3558 930 2813 2677 22
21.125 3508 931 2812 2726 23
21.25 3466 919 2820 2770 25
21.375 3430 892 2815 2838 25
21.5 3384 891 2804 2896 25
21.625 3345 883 2785 2960 27
21.75 3300 876 2780 3017 27
21.875 3263 857 2771 3082 27
22 3218 856 2756 3142 28
22.125 3177 845 2758 3192 28
22.25 3140 829 2758 3244 29
22.375 3103 828 2722 3318 29
22.5 3077 801 2718 3375 29
22.625 3041 782 2717 3431 29
22.75 3004 770 2715 3482 29
22.875 2982 738 2716 3535 29
23 2949 736 2684 3602 29
23.125 2917 731 2660 3663 29
23.25 2892 711 2647 3721 29
23.375 2867 683 2643 3778 29
23.5 2836 671 2627 3837 29
23.625 2811 659 2607 3892 31
23.75 2783 643 2592 3951 31
23.875 2756 634 2567 4011 32
24 2725 622 2557 4064 32
24.125 2701 602 2548 4116 33
24.25 2677 578 2526 4186 33
24.375 2655 553 2522 4237 33
24.5 2634 541 2510 4282 33
24.625 2607 529 2495 4335 34
24.75 2580 522 2487 4376 35
24.875 2557 520 2456 4431 36
25 2536 507 2435 4485 37
25.125 2507 504 2417 4534 38
25.25 2491 498 2380 4593 38
25.375 2463 497 2336 4663 41
25.5 2437 498 2315 4709 41
25.625 2416 491 2303 4749 41
25.75 2402 477 2286 4794 41
25.875 2382 470 2265 4841 42
26 2358 475 2234 4890 43
26.125 2335 474 2211 4937 43
26.25 2320 459 2189 4989 43
26.375 2304 434 2188 5030 44
26.5 2282 424 2172 5077 45
26.625 2263 417 2154 5121 45
26.75 2244 410 2137 5164 45
26.875 2232 398 2124 5201 45
27 2212 386 2115 5242 45
27.125 2194 375 2104 5282 45
27.25 2181 359 2080 5335 45
27.375 2161 351 2072 5371 45
27.5 2151 348 2044 5412 45
27.625 2134 341 2027 5453 45
27.75 2119 342 1987 5506 46
27.875 2100 341 1961 5552 46
28 2085 336 1936 5597 46
28.125 2069 333 1923 5629 46
28.25 2057 326 1895 5675 47
28.375 2046 315 1876 5716 47
28.5 2031 306 1864 5752 47
28.625 2017 301 1848 5786 48
28.75 1998 301 1818 5835 48
28.875 1985 294 1805 5868 48
29 1970 287 1798 5896 49
29.125 1959 276 1772 5944 49
29.25 1952 263 1750 5986 49
29.375 1938 265 1725 6023 49
29.5 1928 261 1715 6047 49
29.625 1922 245 1702 6082 49
29.75 1912 240 1692 6106 50
29.875 1899 241 1671 6139 50
30 1889 237 1649 6175 50
30.125 1883 229 1619 6219 50
30.25 1874 221 1605 6250 50
30.375 1866 215 1584 6284 51
30.5 1858 212 1570 6309 51
30.625 1851 208 1547 6341 53
30.75 1845 200 1528 6373 54
30.875 1844 183 1516 6403 54
31 1833 183 1498 6432 54
31.125 1824 180 1475 6466 55
31.25 1816 173 1447 6508 56
31.375 1810 168 1432 6533 57
31.5 1798 170 1413 6562 57
31.625 1793 169 1392 6588 58
31.75 1788 167 1374 6613 58
31.875 1782 165 1355 6640 58
32 1774 164 1339 6664 59
32.125 1769 160 1314 6698 59
32.25 1762 157 1296 6726 59
32.375 1758 145 1282 6756 59
32.5 1756 141 1263 6781 59
32.625 1748 140 1233 6819 60
32.75 1740 141 1214 6845 60
32.875 1734 144 1192 6870 60
33 1727 141 1182 6890 60
33.125 1721 138 1151 6929 61
33.25 1717 131 1138 6953 61
33.375 1706 135 1129 6969 61
33.5 1703 129 1113 6993 62
33.625 1694 130 1103 7011 62
33.75 1690 127 1093 7028 62
33.875 1681 132 1075 7050 62
34 1677 124 1057 7079 63
34.125 1671 120 1040 7105 64
34.25 1666 120 1021 7129 64
34.375 1662 116 1009 7148 65
34.5 1653 118 986 7177 66
34.625 1650 115 977 7192 66
34.75 1644 115 968 7207 66
34.875 1638 114 960 7221 67
35 1633 112 951 7237 67
35.125 1627 110 940 7256 67
35.25 1623 108 920 7282 67
35.375 1619 104 911 7299 67
35.5 1617 100 889 7327 67
35.625 1614 102 862 7355 67
35.75 1608 102 847 7376 67
35.875 1601 102 834 7395 68
36 1597 101 828 7406 68
36.125 1594 98 814 7426 68
36.25 1591 96 799 7444 70
36.375 1585 97 787 7461 70
36.5 1584 91 775 7480 70
36.625 1581 89 759 7501 70
36.75 1577 84 758 7511 70
36.875 1574 80 753 7522 71
37 1572 78 742 7537 71
37.125 1569 75 737 7548 71
37.25 1565 76 722 7566 71
37.375 1560 74 715 7579 72
37.5 1553 80 697 7598 72
37.625 1549 80 686 7613 72
37.75 1546 75 683 7624 72
37.875 1544 71 672 7641 72
38 1543 64 667 7654 72
38.125 1540 60 658 7670 72
38.25 1539 57 642 7690 72
38.375 1537 58 639 7694 72
38.5 1533 59 627 7708 73
38.625 1529 58 617 7723 73
38.75 1528 58 611 7730 73
38.875 1526 55 607 7739 73
39 1522 58 597 7750 73
39.125 1520 58 584 7765 73
39.25 1518 56 574 7779 73
39.375 1517 51 564 7795 73
39.5 1516 48 557 7806 73
39.625 1514 49 542 7822 73
39.75 1512 47 527 7841 73
39.875 1508 49 515 7855 73
40 1507 47 512 7861 73
40.125 1507 45 502 7872 74
40.25 1504 44 491 7887 74
40.375 1502 43 484 7897 74
40.5 1499 42 480 7905 74
40.625 1496 44 469 7917 74
40.75 1495 42 460 7929 74
40.875 1495 39 453 7939 74
41 1494 37 445 7949 75
41.125 1494 34 439 7958 75
41.25 1493 33 427 7972 75
41.375 1492 30 420 7982 76
41.5 1492 28 413 7991 76
41.625 1488 31 405 8000 76
41.75 1486 31 393 8014 76
41.875 1486 28 393 8017 76
42 1485 28 383 8028 76
42.125 1485 26 367 8046 76
42.25 1480 30 353 8061 76
42.375 1478 29 349 8068 76
42.5 1476 29 340 8079 76
42.625 1474 29 337 8084 76
42.75 1472 30 333 8089 76
42.875 1471 28 328 8097 76
43 1469 29 326 8100 76
43.125 1468 29 316 8111 76
43.25 1467 28 314 8115 76
43.375 1466 28 312 8118 76
43.5 1464 29 307 8124 76
43.625 1463 29 304 8128 76
43.75 1462 28 297 8137 76
43.875 1461 26 296 8141 76
44 1460 23 290 8150 77
44.125 1460 22 283 8158 77
44.25 1460 20 277 8166 77
44.375 1459 21 266 8177 77
44.5 1457 21 263 8182 77
44.625 1455 22 257 8189 77
44.75 1454 22 253 8194 77
44.875 1453 23 250 8197 77
45 1450 24 250 8199 77
45.125 1450 23 249 8201 77
45.25 1450 21 245 8207 77
45.375 1450 20 237 8216 77
45.5 1449 18 234 8222 77
45.625 1448 18 235 8222 77
45.75 1447 18 227 8231 77
45.875 1446 18 224 8235 77
46 1445 19 219 8240 77
46.125 1444 19 215 8245 77
46.25 1444 18 212 8249 77
46.375 1443 15 210 8255 77
46.5 1441 16 204 8262 77
46.625 1441 16 200 8266 77
46.75 1441 15 196 8271 77
46.875 1440 16 195 8272 77
47 1439 17 191 8276 77
47.125 1439 16 189 8279 77
47.25 1439 16 183 8285 77
47.375 1438 17 179 8289 77
47.5 1437 18 176 8292 77
47.625 1436 18 173 8296 77
47.75 1434 19 173 8297 77
47.875 1434 17 169 8303 77
48 1433 16 166 8308 77
48.125 1431 18 165 8309 77
48.25 1431 17 161 8313 78
48.375 1430 18 158 8316 78
48.5 1428 20 154 8320 78
48.625 1427 19 154 8322 78
48.75 1427 18 151 8326 78
48.875 1426 18 149 8329 78
49 1425 18 146 8333 78
49.125 1424 18 144 8336 78
49.25 1423 19 142 8338 78
49.375 1423 15 142 8342 78
49.5 1423 15 140 8344 78
49.625 1423 14 138 8347 78
49.75 1423 13 137 8349 78
49.875 1423 12 133 8354 78
50 1423 12 131 8356 78
50.125 1422 13 129 8357 79
50.25 1422 13 127 8359 79
50.375 1420 15 124 8362 79
50.5 1419 16 121 8365 79
50.625 1419 15 118 8369 79
50.75 1418 15 117 8371 79
50.875 1417 16 116 8372 79
51 1416 15 115 8375 79
51.125 1415 12 116 8378 79
51.25 1415 10 115 8381 79
51.375 1415 10 113 8383 79
51.5 1415 9 113 8384 79
51.625 1414 10 110 8387 79
51.75 1414 9 110 8388 79
51.875 1413 10 106 8392 79
52 1412 11 106 8392 79
52.125 1412 11 102 8396 79
52.25 1412 11 98 8400 79
52.375 1412 11 96 8402 79
52.5 1411 12 94 8404 79
52.625 1411 11 92 8407 79
52.75 1410 11 90 8410 79
52.875 1409 11 90 8411 79
53 1409 9 89 8414 79
53.125 1409 8 89 8415 79
53.25 1409 6 89 8417 79
53.375 1409 6 87 8419 79
53.5 1408 6 86 8421 79
53.625 1408 6 85 8422 79
53.75 1408 6 82 8425 79
53.875 1408 6 81 8426 79
54 1408 6 80 8427 79
54.125 1408 5 79 8429 79
54.25 1408 5 79 8429 79
54.375 1407 5 79 8429 80
54.5 1407 5 78 8430 80
54.625 1407 5 76 8432 80
54.75 1407 4 76 8433 80
54.875 1407 4 75 8434 80
55 1407 3 74 8436 80
55.125 1407 3 72 8438 80
55.25 1407 3 72 8438 80
55.375 1406 4 69 8441 80
55.5 1406 4 68 8442 80
55.625 1406 4 64 8446 80
55.75 1406 4 63 8447 80
55.875 1406 4 61 8449 80
56 1406 4 58 8452 80
56.125 1406 4 58 8452 80
56.25 1406 4 58 8452 80
56.375 1406 3 59 8452 80
56.5 1406 2 58 8453 81
56.625 1406 2 57 8454 81
56.75 1406 2 56 8455 81
56.875 1406 2 56 8455 81
57 1406 2 56 8455 81
57.125 1406 2 55 8456 81
57.25 1406 2 55 8456 81
57.375 1406 2 55 8456 81
57.5 1406 2 55 8456 81
57.625 1406 2 55 8456 81
57.75 1406 2 54 8457 81
57.875 1406 2 54 8457 81
58 1406 2 54 8457 81
58.125 1406 1 54 8458 81
58.25 1406 1 54 8458 81
58.375 1406 0 54 8459 81
58.5 1406 0 50 8463 81
58.625 1406 0 49 8464 81
58.75 1406 0 47 8466 81
58.875 1406 0 46 8467 81
59 1406 0 44 8469 81
59.125 1406 0 41 8472 81
59.25 1406 0 39 8474 81
59.375 1406 0 37 8476 81
59.5 1406 0 36 8477 81
59.625 1405 1 32 8481 81
59.75 1405 0 32 8482 81
59.875 1405 0 32 8482 81
60 1405 0 32 8482 81
60.125 1405 0 32 8482 81
60.25 1405 0 31 8483 81
60.375 1405 0 31 8483 81
60.5 1405 0 29 8485 81
60.625 1405 0 28 8486 81
60.75 1405 0 26 8488 81
60.875 1405 0 25 8489 81
61 1405 0 25 8489 81
61.125 1405 0 25 8489 81
61.25 1405 0 25 8489 81
61.375 1405 0 25 8489 81
61.5 1405 0 24 8490 81
61.625 1405 0 24 8490 81
61.75 1405 0 23 8491 81
61.875 1405 0 22 8492 81
62 1405 0 21 8493 81
62.125 1405 0 21 8493 81
62.25 1405 0 21 8493 81
62.375 1405 0 21 8493 81
62.5 1405 0 21 8493 81
62.625 1405 0 19 8495 81
62.75 1405 0 18 8496 81
62.875 1405 0 18 8496 81
63 1405 0 18 8496 81
63.125 1405 0 15 8499 81
63.25 1405 0 15 8499 81
63.375 1405 0 14 8500 81
63.5 1405 0 14 8500 81
63.625 1405 0 14 8500 81
63.75 1405 0 14 8500 81
63.875 1405 0 13 8501 81
64 1405 0 13 8501 81
64.125 1405 0 12 8502 81
64.25 1405 0 12 8502 81
64.375 1405 0 11 8503 81
64.5 1405 0 11 8503 81
64.625 1405 0 10 8504 81
64.75 1405 0 10 8504 81
64.875 1405 0 10 8504 81
65 1405 0 10 8504 81
65.125 1405 0 10 8504 81
65.25 1405 0 10 8504 81
65.375 1405 0 10 8504 81
65.5 1405 0 10 8504 81
65.625 1405 0 10 8504 81
65.75 1405 0 10 8504 81
65.875 1405 0 10 8504 81
66 1405 0 9 8505 81
66.125 1405 0 8 8506 81
66.25 1405 0 8 8506 81
66.375 1405 0 7 8507 81
66.5 1405 0 7 8507 81
66.625 1405 0 7 8507 81
66.75 1405 0 7 8507 81
66.875 1405 0 7 8507 81
67 1405 0 6 8508 81
67.125 1405 0 6 8508 81
67.25 1405 0 6 8508 81
67.375 1405 0 6 8508 81
67.5 1405 0 6 8508 81
67.625 1405 0 6 8508 81
67.75 1405 0 6 8508 81
67.875 1405 0 6 8508 81
68 1405 0 5 8509 81
68.125 1405 0 5 8509 81
68.25 1405 0 5 8509 81
68.375 1405 0 5 8509 81
68.5 1405 0 5 8509 81
68.625 1405 0 5 8509 81
68.75 1405 0 5 8509 81
68.875 1405 0 5 8509 81
69 1405 0 5 8509 81
69.125 1405 0 5 8509 81
69.25 1405 0 5 8509 81
69.375 1405 0 5 8509 81
69.5 1405 0 5 8509 81
69.625 1405 0 5 8509 81
69.75 1405 0 5 8509 81
69.875 1405 0 5 8509 81
70 1405 0 5 8509 81
70.125 1405 0 5 8509 81
70.25 1405 0 5 8509 81
70.375 1405 0 5 8509 81
70.5 1405 0 5 8509 81
70.625 1405 0 5 8509 81
70.75 1405 0 5 8509 81
70.875 1405 0 5 8509 81
71 1405 0 5 8509 81
71.125 1405 0 5 8509 81
71.25 1405 0 5 8509 81
71.375 1405 0 4 8510 81
71.5 1405 0 4 8510 81
71.625 1405 0 4 8510 81
71.75 1405 0 4 8510 81
71.875 1405 0 4 8510 81
72 1405 0 4 8510 81
72.125 1405 0 4 8510 81
72.25 1405 0 4 8510 81
72.375 1405 0 4 8510 81
72.5 1405 0 4 8510 81
72.625 1405 0 4 8510 81
72.75 1405 0 4 8510 81
72.875 1405 0 4 8510 81
73 1405 0 4 8510 81
73.125 1405 0 4 8510 81
73.25 1405 0 4 8510 81
73.375 1405 0 4 8510 81
73.5 1405 0 4 8510 81
73.625 1405 0 4 8510 81
73.75 1405 0 4 8510 81
73.875 1405 0 4 8510 81
74 1405 0 4 8510 81
74.125 1405 0 4 8510 81
74.25 1405 0 4 8510 81
74.375 1405 0 4 8510 81
74.5 1405 0 4 8510 81
74.625 1405 0 4 8510 81
74.75 1405 0 4 8510 81
74.875 1405 0 4 8510 81
75 1405 0 4 8510 81
75.125 1405 0 4 8510 81
75.25 1405 0 4 8510 81
75.375 1405 0 4 8510 81
75.5 1405 0 4 8510 81
75.625 1405 0 4 8510 81
75.75 1405 0 4 8510 81
75.875 1405 0 4 8510 81
76 1405 0 4 8510 81
76.125 1405 0 4 8510 81
76.25 1405 0 4 8510 81
76.375 1405 0 4 8510 81
76.5 1405 0 4 8510 81
76.625 1405 0 4 8510 81
76.75 1405 0 4 8510 81
76.875 1405 0 3 8511 81
77 1405 0 3 8511 81
77.125 1405 0 3 8511 81
77.25 1405 0 3 8511 81
77.375 1405 0 3 8511 81
77.5 1405 0 3 8511 81
77.625 1405 0 3 8511 81
77.75 1405 0 3 8511 81
77.875 1405 0 3 8511 81
78 1405 0 3 8511 81
78.125 1405 0 3 8511 81
78.25 1405 0 3 8511 81
78.375 1405 0 3 8511 81
78.5 1405 0 3 8511 81
78.625 1405 0 3 8511 81
78.75 1405 0 3 8511 81
78.875 1405 0 3 8511 81
79 1405 0 3 8511 81
79.125 1405 0 3 8511 81
79.25 1405 0 3 8511 81
79.375 1405 0 3 8511 81
79.5 1405 0 3 8511 81
79.625 1405 0 3 8511 81
79.75 1405 0 3 8511 81
79.875 1405 0 3 8511 81
80 1405 0 3 8511 81
80.125 1405 0 3 8511 81
80.25 1405 0 3 8511 81
80.375 1405 0 3 8511 81
80.5 1405 0 3 8511 81
80.625 1405 0 3 8511 81
80.75 1405 0 3 8511 81
80.875 1405 0 3 8511 81
81 1405 0 3 8511 81
81.125 1405 0 3 8511 81
81.25 1405 0 3 8511 81
81.375 1405 0 3 8511 81
81.5 1405 0 3 8511 81
81.625 1405 0 3 8511 81
81.75 1405 0 3 8511 81
81.875 1405 0 3 8511 81
82 1405 0 3 8511 81
82.125 1405 0 3 8511 81
82.25 1405 0 3 8511 81
82.375 1405 0 3 8511 81
82.5 1405 0 3 8511 81
82.625 1405 0 2 8512 81
82.75 1405 0 2 8512 81
82.875 1405 0 2 8512 81
83 1405 0 2 8512 81
83.125 1405 0 2 8512 81
83.25 1405 0 1 8513 81
83.375 1405 0 1 8513 81
83.5 1405 0 1 8513 81
83.625 1405 0 1 8513 81
83.75 1405 0 1 8513 81
83.875 1405 0 1 8513 81
84 1405 0 1 8513 81
84.125 1405 0 1 8513 81
84.25 1405 0 1 8513 81
84.375 1405 0 1 8513 81
84.5 1405 0 1 8513 81
84.625 1405 0 1 8513 81
84.75 1405 0 1 8513 81
84.875 1405 0 1 8513 81
85 1405 0 1 8513 81
85.125 1405 0 1 8513 81
85.25 1405 0 1 8513 81
85.375 1405 0 1 8513 81
85.5 1405 0 1 8513 81
85.625 1405 0 1 8513 81
85.75 1405 0 1 8513 81
85.875 1405 0 1 8513 81
86 1405 0 1 8513 81
86.125 1405 0 1 8513 81
86.25 1405 0 1 8513 81
86.375 1405 0 1 8513 81
86.5 1405 0 1 8513 81
86.625 1405 0 1 8513 81
86.75 1405 0 1 8513 81
86.875 1405 0 1 8513 81
87 1405 0 1 8513 81
87.125 1405 0 1 8513 81
87.25 1405 0 1 8513 81
87.375 1405 0 1 8513 81
87.5 1405 0 1 8513 81
87.625 1405 0 1 8513 81
87.75 1405 0 1 8513 81
87.875 1405 0 1 8513 81
88 1405 0 1 8513 81
88.125 1405 0 1 8513 81
88.25 1405 0 1 8513 81
88.375 1405 0 1 8513 81
88.5 1405 0 1 8513 81
88.625 1405 0 1 8513 81
88.75 1405 0 1 8513 81
88.875 1405 0 1 8513 81
89 1405 0 1 8513 81
89.125 1405 0 1 8513 81
89.25 1405 0 1 8513 81
89.375 1405 0 1 8513 81
89.5 1405 0 1 8513 81
89.625 1405 0 1 8513 81
89.75 1405 0 1 8513 81
89.875 1405 0 1 8513 81
90 1405 0 1 8513 81
90.125 1405 0 1 8513 81
90.25 1405 0 1 8513 81
90.375 1405 0 1 8513 81
90.5 1405 0 1 8513 81
90.625 1405 0 1 8513 81
90.75 1405 0 1 8513 81
90.875 1405 0 1 8513 81
91 1405 0 1 8513 81
91.125 1405 0 1 8513 81
91.25 1405 0 1 8513 81
91.375 1405 0 1 8513 81
91.5 1405 0 1 8513 81
91.625 1405 0 1 8513 81
91.75 1405 0 1 8513 81
91.875 1405 0 1 8513 81
92 1405 0 1 8513 81
92.125 1405 0 1 8513 81
92.25 1405 0 1 8513 81
92.375 1405 0 1 8513 81
92.5 1405 0 1 8513 81
92.625 1405 0 1 8513 81
92.75 1405 0 1 8513 81
92.875 1405 0 1 8513 81
93 1405 0 0 8514 81
