t S E I R D
0 9998 0 2 0 0
0.125 9998 0 2 0 0
0.25 9998 0 2 0 0
0.375 9998 0 2 0 0
0.5 9998 0 2 0 0
0.625 9998 0 2 0 0
0.75 9998 0 2 0 0
0.875 9998 0 2 0 0
1 9998 0 1 1 0
1.125 9998 0 1 1 0
1.25 9998 0 1 1 0
1.375 9998 0 1 1 0
1.5 9998 0 1 1 0
1.625 9998 0 1 1 0
1.75 9997 1 1 1 0
1.875 9997 1 1 1 0
2 9996 2 1 1 0
2.125 9996 2 1 1 0
2.25 9996 2 1 1 0
2.375 9996 2 1 1 0
2.5 9996 2 1 1 0
2.625 9996 2 1 1 0
2.75 9996 2 1 1 0
2.875 9996 2 1 1 0
3 9996 2 1 1 0
3.125 9996 2 1 1 0
3.25 9996 2 1 1 0
3.375 9996 2 1 1 0
3.5 9996 2 1 1 0
3.625 9996 1 2 1 0
3.75 9996 1 2 1 0
3.875 9996 1 2 1 0
4 9995 2 2 1 0
4.125 9995 2 2 1 0
4.25 9995 2 2 1 0
4.375 9995 2 2 1 0
4.5 9994 3 2 1 0
4.625 9994 2 3 1 0
4.75 9994 2 3 1 0
4.875 9994 2 3 1 0
5 9994 1 4 1 0
5.125 9993 2 4 1 0
5.25 9992 3 4 1 0
5.375 9992 3 4 1 0
5.5 9992 3 4 1 0
5.625 9992 2 5 1 0
5.75 9992 2 5 1 0
5.875 9990 4 5 1 0
6 9990 4 5 1 0
6.125 9990 4 5 1 0
6.25 9989 5 4 2 0
6.375 9988 5 4 3 0
6.5 9987 6 4 3 0
6.625 9986 6 5 3 0
6.75 9986 6 5 3 0
6.875 9985 7 5 3 0
7 9985 7 5 3 0
7.125 9981 11 4 4 0
7.25 9981 11 4 4 0
7.375 9979 13 4 4 0
7.5 9979 13 4 4 0
7.625 9979 13 4 4 0
7.75 9979 13 4 4 0
7.875 9978 12 6 4 0
8 9977 11 8 4 0
8.125 9971 17 7 5 0
8.25 9968 18 8 6 0
8.375 9968 16 10 6 0
8.5 9966 17 11 6 0
8.625 9965 15 14 6 0
8.75 9963 17 14 6 0
8.875 9962 17 15 6 0
9 9962 14 17 7 0
9.125 9961 13 19 7 0
9.25 9959 14 19 8 0
9.375 9955 18 19 8 0
9.5 9951 22 19 8 0
9.625 9948 25 19 8 0
9.75 9945 28 19 8 0
9.875 9939 33 19 9 0
10 9936 35 20 9 0
10.125 9929 42 19 10 0
10.25 9923 44 23 10 0
10.375 9917 47 25 11 0
10.5 9913 50 26 11 0
10.625 9901 62 25 12 0
10.75 9895 63 30 12 0
10.875 9887 69 32 12 0
11 9881 70 36 13 0
11.125 9868 80 39 13 0
11.25 9855 85 46 14 0
11.375 9841 92 53 14 0
11.5 9829 98 56 17 0
11.625 9818 100 64 18 0
11.75 9797 116 66 21 0
11.875 9782 125 70 23 0
12 9757 143 74 26 0
12.125 9724 169 80 27 0
12.25 9689 193 91 27 0
12.375 9653 220 99 28 0
12.5 9624 237 109 30 0
12.625 9588 260 120 32 0
12.75 9551 286 129 34 0
12.875 9520 300 144 36 0
13 9475 327 158 40 0
13.125 9436 343 177 44 0
13.25 9378 366 203 53 0
13.375 9302 422 222 54 0
13.5 9223 470 244 63 0
13.625 9150 512 271 67 0
13.75 9082 543 300 75 0
13.875 9001 585 331 83 0
14 8914 641 354 91 0
14.125 8830 683 384 103 0
14.25 8710 767 414 109 0
14.375 8587 831 462 120 0
14.5 8479 886 507 128 0
14.625 8364 947 552 137 0
14.75 8248 984 622 146 0
14.875 8115 1056 673 156 0
15 7967 1123 744 166 0
15.125 7848 1173 795 184 0
15.25 7700 1238 856 206 0
15.375 7551 1305 921 223 0
15.5 7406 1364 981 248 1
15.625 7278 1419 1038 264 1
15.75 7154 1454 1103 288 1
15.875 7026 1489 1174 308 3
16 6891 1525 1251 329 4
16.125 6789 1531 1322 354 4
16.25 6707 1508 1402 379 4
16.375 6619 1507 1467 402 5
16.5 6555 1486 1517 437 5
16.625 6496 1463 1573 462 6
16.75 6445 1419 1642 488 6
16.875 6391 1387 1704 512 6
17 6359 1342 1747 546 6
17.125 6320 1280 1819 575 6
17.25 6281 1236 1873 604 6
17.375 6235 1199 1928 631 7
17.5 6188 1173 1957 675 7
17.625 6151 1134 1995 712 8
17.75 6124 1100 2006 762 8
17.875 6094 1069 2024 805 8
18 6067 1020 2046 858 9
18.125 6046 957 2084 904 9
18.25 6023 916 2105 947 9
18.375 5998 880 2118 995 9
18.5 5976 854 2124 1036 10
18.625 5948 826 2133 1082 11
18.75 5931 797 2130 1131 11
18.875 5914 766 2140 1169 11
19 5896 731 2150 1211 12
19.125 5879 697 2160 1252 12
19.25 5858 670 2156 1303 13
19.375 5849 637 2138 1363 13
19.5 5834 596 2140 1417 13
19.625 5817 580 2131 1458 14
19.75 5806 562 2101 1517 14
19.875 5800 533 2087 1565 15
20 5790 512 2077 1605 16
20.125 5781 486 2067 1650 16
20.25 5772 454 2058 1700 16
20.375 5768 436 2036 1744 16
20.5 5762 421 2010 1791 16
20.625 5751 400 2006 1827 16
20.75 5739 378 2011 1856 16
20.875 5732 364 2007 1881 16
21 5730 347 1968 1938 17
21.125 5722 332 1956 1972 18
21.25 5713 319 1936 2014 18
21.375 5710 307 1916 2049 18
21.5 5705 287 1903 2085 20
21.625 5699 278 1875 2128 20
21.75 5695 270 1844 2171 20
21.875 5691 259 1819 2211 20
22 5684 253 1797 2245 21
22.125 5677 240 1774 2288 21
22.25 5676 223 1746 2334 21
22.375 5669 217 1715 2377 22
22.5 5667 207 1686 2418 22
22.625 5665 198 1652 2462 23
22.75 5659 196 1633 2489 23
22.875 5655 184 1613 2524 24
23 5649 178 1587 2561 25
23.125 5645 173 1552 2605 25
23.25 5641 165 1526 2643 25
23.375 5638 160 1510 2667 25
23.5 5637 149 1484 2705 25
23.625 5636 137 1468 2734 25
23.75 5633 130 1451 2761 25
23.875 5631 125 1420 2798 26
24 5628 118 1400 2827 27
24.125 5627 114 1372 2860 27
24.25 5626 106 1358 2883 27
24.375 5624 103 1327 2918 28
24.5 5620 98 1308 2946 28
24.625 5617 96 1266 2990 31
24.75 5617 93 1243 3016 31
24.875 5616 83 1231 3038 32
25 5615 78 1199 3075 33
25.125 5615 75 1183 3093 34
25.25 5614 70 1157 3124 35
25.375 5614 66 1144 3141 35
25.5 5614 63 1122 3164 37
25.625 5614 60 1101 3188 37
25.75 5614 58 1074 3216 38
25.875 5613 55 1060 3233 39
26 5613 50 1049 3249 39
26.125 5613 47 1031 3270 39
26.25 5612 46 1016 3286 40
26.375 5611 44 1006 3299 40
26.5 5609 44 987 3320 40
26.625 5608 43 974 3335 40
26.75 5608 43 954 3354 41
26.875 5607 40 934 3378 41
27 5606 39 921 3393 41
27.125 5606 37 903 3413 41
27.25 5606 33 885 3435 41
27.375 5605 33 873 3446 43
27.5 5604 29 855 3469 43
27.625 5604 26 836 3491 43
27.75 5604 26 821 3506 43
27.875 5604 24 808 3521 43
28 5602 25 795 3535 43
28.125 5601 21 785 3550 43
28.25 5601 19 772 3564 44
28.375 5600 19 754 3583 44
28.5 5598 21 733 3604 44
28.625 5597 22 719 3618 44
28.75 5597 19 710 3630 44
28.875 5597 16 698 3645 44
29 5597 14 686 3658 45
29.125 5596 12 677 3670 45
29.25 5596 11 665 3683 45
29.375 5596 11 647 3701 45
29.5 5596 11 632 3716 45
29.625 5596 11 621 3727 45
29.75 5594 13 604 3744 45
29.875 5594 13 588 3760 45
30 5594 11 576 3774 45
30.125 5592 13 565 3785 45
30.25 5592 13 557 3793 45
30.375 5592 12 545 3806 45
30.5 5591 11 532 3821 45
30.625 5590 12 524 3829 45
30.75 5590 11 513 3841 45
30.875 5590 11 499 3855 45
31 5590 10 492 3863 45
31.125 5590 10 479 3876 45
31.25 5590 10 472 3883 45
31.375 5590 9 460 3896 45
31.5 5589 9 453 3904 45
31.625 5589 8 443 3915 45
31.75 5589 8 431 3926 46
31.875 5589 7 418 3940 46
32 5589 7 407 3951 46
32.125 5589 6 405 3954 46
32.25 5588 6 396 3964 46
32.375 5588 6 386 3974 46
32.5 5588 6 378 3982 46
32.625 5588 6 371 3989 46
32.75 5588 5 368 3993 46
32.875 5588 5 358 4003 46
33 5588 5 353 4008 46
33.125 5588 3 350 4013 46
33.25 5588 3 342 4020 47
33.375 5588 2 337 4026 47
33.5 5588 2 326 4037 47
33.625 5588 2 321 4042 47
33.75 5588 2 315 4048 47
33.875 5588 2 309 4054 47
34 5588 2 303 4060 47
34.125 5588 2 295 4068 47
34.25 5588 2 289 4074 47
34.375 5588 2 279 4084 47
34.5 5588 2 271 4092 47
34.625 5588 2 267 4096 47
34.75 5588 2 265 4098 47
34.875 5588 2 256 4107 47
35 5588 2 252 4111 47
35.125 5588 2 248 4115 47
35.25 5588 2 244 4119 47
35.375 5588 2 241 4122 47
35.5 5588 2 237 4126 47
35.625 5588 2 234 4129 47
35.75 5588 2 226 4137 47
35.875 5588 1 220 4144 47
36 5588 1 215 4149 47
36.125 5588 1 211 4153 47
36.25 5588 1 208 4156 47
36.375 5588 1 203 4160 48
36.5 5587 2 201 4162 48
36.625 5587 2 196 4167 48
36.75 5587 1 194 4169 49
36.875 5587 1 190 4173 49
37 5587 1 188 4175 49
37.125 5587 1 184 4179 49
37.25 5586 2 183 4180 49
37.375 5586 2 179 4184 49
37.5 5586 2 175 4188 49
37.625 5586 2 172 4191 49
37.75 5586 2 167 4196 49
37.875 5586 2 165 4198 49
38 5586 2 163 4200 49
38.125 5586 2 160 4203 49
38.25 5586 2 158 4205 49
38.375 5586 2 156 4207 49
38.5 5586 2 153 4209 50
38.625 5586 2 149 4213 50
38.75 5586 2 146 4216 50
38.875 5586 2 144 4218 50
39 5586 2 143 4219 50
39.125 5586 2 137 4225 50
39.25 5586 2 133 4229 50
39.375 5586 2 128 4234 50
39.5 5586 2 126 4236 50
39.625 5586 2 119 4243 50
39.75 5586 2 118 4244 50
39.875 5586 2 117 4245 50
40 5586 2 115 4247 50
40.125 5586 2 113 4249 50
40.25 5586 2 113 4249 50
40.375 5586 2 111 4251 50
40.5 5586 2 109 4253 50
40.625 5586 2 107 4255 50
40.75 5586 2 106 4256 50
40.875 5586 1 106 4257 50
41 5586 1 104 4258 51
41.125 5586 1 101 4261 51
41.25 5586 1 98 4263 52
41.375 5586 1 97 4264 52
41.5 5586 1 92 4269 52
41.625 5586 1 88 4273 52
41.75 5586 1 86 4275 52
41.875 5586 1 83 4278 52
42 5586 1 80 4281 52
42.125 5586 1 80 4281 52
42.25 5586 1 80 4281 52
42.375 5586 1 79 4282 52
42.5 5586 1 76 4285 52
42.625 5586 0 70 4292 52
42.75 5586 0 70 4292 52
42.875 5586 0 69 4293 52
43 5586 0 67 4295 52
43.125 5586 0 65 4297 52
43.25 5586 0 64 4298 52
43.375 5586 0 63 4299 52
43.5 5586 0 60 4302 52
43.625 5586 0 58 4304 52
43.75 5586 0 58 4304 52
43.875 5586 0 57 4305 52
44 5586 0 56 4306 52
44.125 5586 0 55 4307 52
44.25 5586 0 54 4308 52
44.375 5586 0 54 4308 52
44.5 5586 0 52 4310 52
44.625 5586 0 50 4312 52
44.75 5586 0 50 4312 52
44.875 5586 0 46 4316 52
45 5586 0 45 4317 52
45.125 5586 0 45 4317 52
45.25 5586 0 41 4321 52
45.375 5586 0 40 4322 52
45.5 5586 0 39 4323 52
45.625 5586 0 38 4324 52
45.75 5586 0 38 4324 52
45.875 5586 0 36 4326 52
46 5586 0 36 4326 52
46.125 5586 0 35 4327 52
46.25 5586 0 35 4327 52
46.375 5586 0 32 4330 52
46.5 5586 0 32 4330 52
46.625 5586 0 32 4330 52
46.75 5586 0 31 4331 52
46.875 5586 0 28 4334 52
47 5586 0 28 4334 52
47.125 5586 0 28 4334 52
47.25 5586 0 27 4335 52
47.375 5586 0 27 4335 52
47.5 5586 0 27 4335 52
47.625 5586 0 27 4335 52
47.75 5586 0 26 4336 52
47.875 5586 0 26 4336 52
48 5586 0 26 4336 52
48.125 5586 0 24 4338 52
48.25 5586 0 21 4341 52
48.375 5586 0 20 4342 52
48.5 5586 0 20 4342 52
48.625 5586 0 20 4342 52
48.75 5586 0 20 4342 52
48.875 5586 0 20 4342 52
49 5586 0 20 4342 52
49.125 5586 0 17 4345 52
49.25 5586 0 17 4345 52
49.375 5586 0 17 4345 52
49.5 5586 0 17 4345 52
49.625 5586 0 17 4345 52
49.75 5586 0 16 4346 52
49.875 5586 0 15 4347 52
50 5586 0 14 4348 52
50.125 5586 0 14 4348 52
50.25 5586 0 14 4348 52
50.375 5586 0 14 4348 52
50.5 5586 0 14 4348 52
50.625 5586 0 14 4348 52
50.75 5586 0 14 4348 52
50.875 5586 0 14 4348 52
51 5586 0 14 4348 52
51.125 5586 0 14 4348 52
51.25 5586 0 14 4348 52
51.375 5586 0 14 4348 52
51.5 5586 0 14 4348 52
51.625 5586 0 14 4348 52
51.75 5586 0 14 4348 52
51.875 5586 0 12 4350 52
52 5586 0 12 4350 52
52.125 5586 0 12 4350 52
52.25 5586 0 12 4350 52
52.375 5586 0 12 4350 52
52.5 5586 0 12 4350 52
52.625 5586 0 12 4350 52
52.75 5586 0 12 4350 52
52.875 5586 0 12 4350 52
53 5586 0 12 4350 52
53.125 5586 0 12 4350 52
53.25 5586 0 12 4350 52
53.375 5586 0 12 4350 52
53.5 5586 0 12 4350 52
53.625 5586 0 12 4350 52
53.75 5586 0 12 4350 52
53.875 5586 0 12 4350 52
54 5586 0 12 4350 52
54.125 5586 0 12 4350 52
54.25 5586 0 11 4351 52
54.375 5586 0 11 4351 52
54.5 5586 0 11 4351 52
54.625 5586 0 11 4351 52
54.75 5586 0 11 4351 52
54.875 5586 0 11 4351 52
55 5586 0 11 4351 52
55.125 5586 0 11 4351 52
55.25 5586 0 11 4351 52
55.375 5586 0 11 4351 52
55.5 5586 0 11 4351 52
55.625 5586 0 11 4351 52
55.75 5586 0 11 4351 52
55.875 5586 0 11 4351 52
56 5586 0 11 4351 52
56.125 5586 0 11 4351 52
56.25 5586 0 11 4351 52
56.375 5586 0 11 4351 52
56.5 5586 0 11 4351 52
56.625 5586 0 11 4351 52
56.75 5586 0 11 4351 52
56.875 5586 0 11 4351 52
57 5586 0 10 4352 52
57.125 5586 0 9 4353 52
57.25 5586 0 9 4353 52
57.375 5586 0 9 4353 52
57.5 5586 0 9 4353 52
57.625 5586 0 9 4353 52
57.75 5586 0 9 4353 52
57.875 5586 0 8 4354 52
58 5586 0 8 4354 52
58.125 5586 0 8 4354 52
58.25 5586 0 8 4354 52
58.375 5586 0 8 4354 52
58.5 5586 0 7 4355 52
58.625 5586 0 7 4355 52
58.75 5586 0 7 4355 52
58.875 5586 0 7 4355 52
59 5586 0 7 4355 52
59.125 5586 0 7 4355 52
59.25 5586 0 7 4355 52
59.375 5586 0 6 4356 52
59.5 5586 0 6 4356 52
59.625 5586 0 6 4356 52
59.75 5586 0 6 4356 52
59.875 5586 0 6 4356 52
60 5586 0 5 4357 52
60.125 5586 0 5 4357 52
60.25 5586 0 4 4358 52
60.375 5586 0 4 4358 52
60.5 5586 0 4 4358 52
60.625 5586 0 4 4358 52
60.75 5586 0 4 4358 52
60.875 5586 0 4 4358 52
61 5586 0 4 4358 52
61.125 5586 0 4 4358 52
61.25 5586 0 4 4358 52
61.375 5586 0 4 4358 52
61.5 5586 0 4 4358 52
61.625 5586 0 4 4358 52
61.75 5586 0 4 4358 52
61.875 5586 0 4 4358 52
62 5586 0 3 4359 52
62.125 5586 0 3 4359 52
62.25 5586 0 3 4359 52
62.375 5586 0 3 4359 52
62.5 5586 0 3 4359 52
62.625 5586 0 3 4359 52
62.75 5586 0 3 4359 52
62.875 5586 0 3 4359 52
63 5586 0 3 4359 52
63.125 5586 0 3 4359 52
63.25 5586 0 3 4359 52
63.375 5586 0 3 4359 52
63.5 5586 0 3 4359 52
63.625 5586 0 3 4359 52
63.75 5586 0 3 4359 52
63.875 5586 0 3 4359 52
64 5586 0 3 4359 52
64.125 5586 0 3 4359 52
64.25 5586 0 3 4359 52
64.375 5586 0 2 4360 52
64.5 5586 0 2 4360 52
64.625 5586 0 2 4360 52
64.75 5586 0 2 4360 52
64.875 5586 0 2 4360 52
65 5586 0 2 4360 52
65.125 5586 0 2 4360 52
65.25 5586 0 2 4360 52
65.375 5586 0 2 4360 52
65.5 5586 0 2 4360 52
65.625 5586 0 2 4360 52
65.75 5586 0 2 4360 52
65.875 5586 0 2 4360 52
66 5586 0 2 4360 52
66.125 5586 0 2 4360 52
66.25 5586 0 2 4360 52
66.375 5586 0 2 4360 52
66.5 5586 0 2 4360 52
66.625 5586 0 2 4360 52
66.75 5586 0 2 4360 52
66.875 5586 0 2 4360 52
67 5586 0 1 4361 52
67.125 5586 0 1 4361 52
67.25 5586 0 1 4361 52
67.375 5586 0 1 4361 52
67.5 5586 0 1 4361 52
67.625 5586 0 1 4361 52
67.75 5586 0 1 4361 52
67.875 5586 0 1 4361 52
68 5586 0 1 4361 52
68.125 5586 0 1 4361 52
68.25 5586 0 1 4361 52
68.375 5586 0 1 4361 52
68.5 5586 0 0 4362 52
