t S E I R D
0 9999 0 1 0 0
0.125 9999 0 1 0 0
0.25 9999 0 1 0 0
0.375 9999 0 1 0 0
0.5 9999 0 1 0 0
0.625 9999 0 1 0 0
0.75 9999 0 1 0 0
0.875 9999 0 1 0 0
1 9999 0 1 0 0
1.125 9999 0 1 0 0
1.25 9999 0 1 0 0
1.375 9999 0 1 0 0
1.5 9999 0 1 0 0
1.625 9999 0 1 0 0
1.75 9999 0 1 0 0
1.875 9999 0 1 0 0
2 9999 0 1 0 0
2.125 9999 0 1 0 0
2.25 9999 0 1 0 0
2.375 9999 0 1 0 0
2.5 9999 0 1 0 0
2.625 9999 0 1 0 0
2.75 9999 0 1 0 0
2.875 9999 0 1 0 0
3 9999 0 1 0 0
3.125 9999 0 1 0 0
3.25 9999 0 1 0 0
3.375 9999 0 1 0 0
3.5 9999 0 1 0 0
3.625 9999 0 1 0 0
3.75 9999 0 1 0 0
3.875 9999 0 1 0 0
4 9999 0 1 0 0
4.125 9999 0 1 0 0
4.25 9999 0 1 0 0
4.375 9999 0 1 0 0
4.5 9999 0 1 0 0
4.625 9999 0 1 0 0
4.75 9999 0 1 0 0
4.875 9999 0 1 0 0
5 9999 0 1 0 0
5.125 9999 0 1 0 0
5.25 9999 0 1 0 0
5.375 9999 0 1 0 0
5.5 9999 0 1 0 0
5.625 9999 0 1 0 0
5.75 9998 1 1 0 0
5.875 9998 1 1 0 0
6 9998 1 1 0 0
6.125 9998 1 1 0 0
6.25 9998 1 1 0 0
6.375 9998 1 1 0 0
6.5 9998 1 1 0 0
6.625 9998 1 1 0 0
6.75 9998 1 1 0 0
6.875 9998 1 1 0 0
7 9998 1 1 0 0
7.125 9998 1 1 0 0
7.25 9998 1 1 0 0
7.375 9998 0 2 0 0
7.5 9998 0 2 0 0
7.625 9998 0 2 0 0
7.75 9998 0 2 0 0
7.875 9997 1 2 0 0
8 9997 1 2 0 0
8.125 9997 0 3 0 0
8.25 9996 1 3 0 0
8.375 9996 1 3 0 0
8.5 9996 0 4 0 0
8.625 9995 1 4 0 0
8.75 9995 1 4 0 0
8.875 9993 3 3 1 0
9 9993 3 3 1 0
9.125 9993 3 3 1 0
9.25 9993 3 3 1 0
9.375 9993 3 3 1 0
9.5 9992 4 3 1 0
9.625 9992 4 3 1 0
9.75 9992 4 3 1 0
9.875 9992 2 5 1 0
10 9992 2 5 1 0
10.125 9990 4 4 2 0
10.25 9989 5 4 2 0
10.375 9988 6 4 2 0
10.5 9988 5 5 2 0
10.625 9988 5 5 2 0
10.75 9987 6 4 3 0
10.875 9987 5 5 3 0
11 9987 5 5 3 0
11.125 9986 6 5 3 0
11.25 9986 6 5 3 0
11.375 9986 5 6 3 0
11.5 9986 4 7 3 0
11.625 9982 8 7 3 0
11.75 9982 8 7 3 0
11.875 9982 6 9 3 0
12 9982 6 9 3 0
12.125 9982 4 11 3 0
12.25 9976 10 11 3 0
12.375 9973 13 11 3 0
12.5 9971 15 11 3 0
12.625 9963 22 11 4 0
12.75 9957 28 11 4 0
12.875 9954 28 14 4 0
13 9944 36 16 4 0
13.125 9937 42 16 5 0
13.25 9932 44 19 5 0
13.375 9927 45 23 5 0
13.5 9915 53 27 5 0
13.625 9907 54 34 5 0
13.75 9899 60 35 5 1
13.875 9885 71 38 5 1
14 9875 81 38 5 1
14.125 9868 80 44 7 1
14.25 9857 88 47 7 1
14.375 9846 98 47 8 1
14.5 9839 98 53 9 1
14.625 9830 106 53 10 1
14.75 9814 116 57 12 1
14.875 9806 116 62 15 1
15 9795 121 66 17 1
15.125 9778 128 76 17 1
15.25 9766 127 86 20 1
15.375 9757 130 92 20 1
15.5 9742 136 99 22 1
15.625 9724 141 109 25 1
15.75 9707 149 116 27 1
15.875 9691 159 120 29 1
16 9678 167 122 32 1
16.125 9664 175 128 32 1
16.25 9648 182 133 36 1
16.375 9630 190 137 42 1
16.5 9622 183 151 43 1
16.625 9605 193 154 47 1
16.75 9592 201 158 48 1
16.875 9584 202 159 54 1
17 9570 207 167 55 1
17.125 9557 208 176 58 1
17.25 9545 209 183 62 1
17.375 9531 211 190 67 1
17.5 9523 209 197 70 1
17.625 9509 211 207 72 1
17.75 9503 205 212 79 1
17.875 9493 207 209 90 1
18 9489 206 210 94 1
18.125 9477 200 224 98 1
18.25 9463 204 228 104 1
18.375 9453 201 232 113 1
18.5 9446 199 238 116 1
18.625 9434 201 240 124 1
18.75 9423 202 246 128 1
18.875 9412 204 246 137 1
19 9399 201 257 142 1
19.125 9389 199 264 147 1
19.25 9381 197 271 150 1
19.375 9375 192 276 156 1
19.5 9363 190 283 163 1
19.625 9351 188 289 171 1
19.75 9340 190 290 179 1
19.875 9326 196 293 184 1
20 9318 197 296 188 1
20.125 9305 198 301 195 1
20.25 9301 187 310 201 1
20.375 9290 186 316 207 1
20.5 9283 188 315 213 1
20.625 9275 185 316 223 1
20.75 9267 181 322 229 1
20.875 9259 182 320 238 1
21 9249 184 318 248 1
21.125 9243 174 329 253 1
21.25 9237 172 329 261 1
21.375 9229 169 329 271 2
21.5 9222 164 334 278 2
21.625 9208 170 337 283 2
21.75 9195 175 337 291 2
21.875 9191 166 344 297 2
22 9183 165 344 305 3
22.125 9177 160 351 309 3
22.25 9165 162 358 311 4
22.375 9157 159 356 324 4
22.5 9147 158 361 330 4
22.625 9137 157 361 341 4
22.75 9133 150 363 350 4
22.875 9126 150 361 359 4
23 9118 147 366 365 4
23.125 9115 139 375 367 4
23.25 9111 133 380 372 4
23.375 9105 131 378 382 4
23.5 9100 131 376 389 4
23.625 9096 122 382 396 4
23.75 9089 123 383 401 4
23.875 9085 115 386 410 4
24 9073 122 380 421 4
24.125 9066 125 381 424 4
24.25 9059 124 382 431 4
24.375 9049 129 379 439 4
24.5 9043 126 376 451 4
24.625 9040 124 374 458 4
24.75 9034 119 375 468 4
24.875 9029 113 375 479 4
25 9026 112 372 486 4
25.125 9018 112 372 494 4
25.25 9016 106 376 498 4
25.375 9009 104 384 499 4
25.5 9003 101 384 508 4
25.625 8995 100 382 519 4
25.75 8989 101 381 525 4
25.875 8981 104 376 534 5
26 8977 102 377 539 5
26.125 8975 92 377 551 5
26.25 8972 90 376 557 5
26.375 8971 87 371 566 5
26.5 8965 88 371 571 5
26.625 8956 94 370 575 5
26.75 8955 89 371 580 5
26.875 8952 89 368 586 5
27 8950 87 365 593 5
27.125 8945 86 363 600 6
27.25 8943 83 363 604 7
27.375 8941 80 356 616 7
27.5 8941 77 350 625 7
27.625 8938 76 343 636 7
27.75 8932 75 341 645 7
27.875 8932 71 339 651 7
28 8929 69 335 660 7
28.125 8927 62 336 668 7
28.25 8926 58 336 673 7
28.375 8921 61 331 680 7
28.5 8919 62 324 688 7
28.625 8916 62 323 692 7
28.75 8914 59 321 699 7
28.875 8912 55 316 710 7
29 8910 54 308 721 7
29.125 8907 52 304 730 7
29.25 8904 50 301 737 8
29.375 8904 49 297 742 8
29.5 8902 45 297 748 8
29.625 8900 39 298 755 8
29.75 8894 42 292 764 8
29.875 8894 38 293 767 8
30 8891 39 289 773 8
30.125 8888 42 282 780 8
30.25 8888 41 279 784 8
30.375 8887 40 274 791 8
30.5 8885 41 268 798 8
30.625 8884 41 265 802 8
30.75 8880 44 265 803 8
30.875 8880 42 264 806 8
31 8880 40 260 812 8
31.125 8880 40 257 815 8
31.25 8877 40 254 821 8
31.375 8876 41 248 826 9
31.5 8874 42 240 835 9
31.625 8874 38 237 842 9
31.75 8873 37 232 849 9
31.875 8873 35 230 853 9
32 8872 31 232 856 9
32.125 8872 30 227 862 9
32.25 8871 29 224 867 9
32.375 8871 28 218 874 9
32.5 8871 26 214 880 9
32.625 8871 25 210 885 9
32.75 8870 24 205 892 9
32.875 8869 23 204 895 9
33 8867 24 203 897 9
33.125 8867 22 203 899 9
33.25 8867 20 201 903 9
33.375 8867 18 198 908 9
33.5 8866 19 195 911 9
33.625 8866 19 192 914 9
33.75 8866 16 192 917 9
33.875 8866 16 187 922 9
34 8866 16 184 925 9
34.125 8864 18 181 928 9
34.25 8864 18 174 935 9
34.375 8864 17 171 939 9
34.5 8862 19 169 941 9
34.625 8862 15 169 945 9
34.75 8862 14 169 946 9
34.875 8862 13 168 948 9
35 8862 13 161 955 9
35.125 8861 13 156 961 9
35.25 8861 12 155 962 10
35.375 8859 12 151 968 10
35.5 8859 11 150 970 10
35.625 8857 12 147 974 10
35.75 8857 12 143 978 10
35.875 8857 11 142 980 10
36 8857 10 138 985 10
36.125 8857 9 139 985 10
36.25 8857 7 137 989 10
36.375 8857 7 133 993 10
36.5 8857 5 131 997 10
36.625 8857 4 130 999 10
36.75 8857 3 129 1001 10
36.875 8857 2 129 1002 10
37 8855 4 127 1004 10
37.125 8855 4 127 1004 10
37.25 8854 4 125 1007 10
37.375 8854 4 124 1008 10
37.5 8854 3 124 1009 10
37.625 8854 2 125 1009 10
37.75 8854 2 123 1011 10
37.875 8854 2 120 1014 10
38 8854 2 117 1017 10
38.125 8854 2 113 1021 10
38.25 8854 2 111 1023 10
38.375 8853 3 107 1027 10
38.5 8852 4 104 1030 10
38.625 8852 4 103 1031 10
38.75 8852 4 103 1031 10
38.875 8852 4 102 1032 10
39 8852 3 99 1036 10
39.125 8852 3 97 1038 10
39.25 8852 3 95 1040 10
39.375 8852 3 94 1041 10
39.5 8852 3 92 1043 10
39.625 8852 3 92 1043 10
39.75 8852 3 87 1048 10
39.875 8852 3 86 1049 10
40 8852 3 83 1052 10
40.125 8852 3 82 1053 10
40.25 8852 3 79 1056 10
40.375 8852 2 79 1057 10
40.5 8852 2 75 1061 10
40.625 8852 2 74 1062 10
40.75 8852 2 74 1062 10
40.875 8852 2 71 1064 11
41 8852 2 67 1068 11
41.125 8852 2 66 1069 11
41.25 8852 2 65 1070 11
41.375 8852 2 64 1071 11
41.5 8852 2 60 1075 11
41.625 8852 2 60 1075 11
41.75 8852 2 59 1076 11
41.875 8852 2 58 1077 11
42 8852 2 56 1079 11
42.125 8852 1 55 1081 11
42.25 8852 1 54 1082 11
42.375 8851 2 53 1083 11
42.5 8851 2 51 1085 11
42.625 8851 2 50 1086 11
42.75 8851 2 49 1087 11
42.875 8851 2 49 1087 11
43 8851 2 49 1087 11
43.125 8850 3 49 1087 11
43.25 8850 3 48 1088 11
43.375 8850 3 48 1088 11
43.5 8850 3 47 1089 11
43.625 8850 2 48 1089 11
43.75 8850 2 47 1090 11
43.875 8850 1 47 1091 11
44 8849 2 45 1093 11
44.125 8849 2 43 1095 11
44.25 8849 2 43 1095 11
44.375 8849 2 42 1096 11
44.5 8849 2 42 1096 11
44.625 8849 2 42 1096 11
44.75 8849 2 39 1099 11
44.875 8849 2 38 1100 11
45 8849 2 38 1100 11
45.125 8849 2 37 1101 11
45.25 8849 2 36 1102 11
45.375 8849 2 36 1102 11
45.5 8849 2 36 1102 11
45.625 8849 2 36 1102 11
45.75 8849 2 36 1102 11
45.875 8849 2 35 1103 11
46 8849 2 34 1104 11
46.125 8849 2 34 1104 11
46.25 8849 2 32 1106 11
46.375 8849 2 31 1107 11
46.5 8849 2 31 1107 11
46.625 8849 2 30 1108 11
46.75 8849 2 30 1108 11
46.875 8849 2 29 1109 11
47 8849 2 29 1109 11
47.125 8849 2 29 1109 11
47.25 8849 2 28 1110 11
47.375 8849 2 28 1110 11
47.5 8849 2 28 1110 11
47.625 8849 2 27 1111 11
47.75 8849 2 27 1111 11
47.875 8849 2 27 1111 11
48 8849 2 27 1111 11
48.125 8849 2 27 1111 11
48.25 8849 2 26 1112 11
48.375 8849 2 26 1112 11
48.5 8849 2 25 1113 11
48.625 8849 2 25 1113 11
48.75 8849 2 24 1114 11
48.875 8849 2 24 1114 11
49 8849 2 23 1115 11
49.125 8849 2 21 1117 11
49.25 8849 2 21 1117 11
49.375 8849 2 21 1117 11
49.5 8849 2 21 1117 11
49.625 8849 2 21 1117 11
49.75 8849 2 21 1117 11
49.875 8849 1 22 1117 11
50 8849 1 21 1118 11
50.125 8849 1 21 1118 11
50.25 8849 1 21 1118 11
50.375 8849 1 21 1118 11
50.5 8849 1 21 1118 11
50.625 8849 1 21 1118 11
50.75 8849 1 21 1118 11
50.875 8849 1 21 1118 11
51 8849 1 21 1118 11
51.125 8849 1 21 1118 11
51.25 8849 1 21 1118 11
51.375 8849 0 22 1118 11
51.5 8849 0 20 1120 11
51.625 8849 0 20 1120 11
51.75 8849 0 20 1120 11
51.875 8849 0 20 1120 11
52 8849 0 17 1123 11
52.125 8849 0 17 1123 11
52.25 8849 0 17 1123 11
52.375 8849 0 17 1123 11
52.5 8849 0 15 1125 11
52.625 8849 0 15 1125 11
52.75 8849 0 15 1125 11
52.875 8849 0 15 1125 11
53 8849 0 14 1126 11
53.125 8849 0 13 1127 11
53.25 8849 0 12 1128 11
53.375 8849 0 12 1128 11
53.5 8849 0 12 1128 11
53.625 8849 0 12 1128 11
53.75 8849 0 12 1128 11
53.875 8849 0 12 1128 11
54 8849 0 12 1128 11
54.125 8849 0 12 1128 11
54.25 8849 0 12 1128 11
54.375 8849 0 11 1129 11
54.5 8849 0 11 1129 11
54.625 8849 0 11 1129 11
54.75 8849 0 11 1129 11
54.875 8849 0 11 1129 11
55 8849 0 11 1129 11
55.125 8849 0 11 1129 11
55.25 8849 0 11 1129 11
55.375 8849 0 11 1129 11
55.5 8849 0 11 1129 11
55.625 8849 0 11 1129 11
55.75 8849 0 10 1130 11
55.875 8849 0 10 1130 11
56 8849 0 10 1130 11
56.125 8849 0 10 1130 11
56.25 8849 0 10 1130 11
56.375 8849 0 10 1130 11
56.5 8849 0 10 1130 11
56.625 8849 0 10 1130 11
56.75 8849 0 9 1131 11
56.875 8849 0 9 1131 11
57 8849 0 9 1131 11
57.125 8849 0 9 1131 11
57.25 8849 0 8 1132 11
57.375 8849 0 8 1132 11
57.5 8849 0 8 1132 11
57.625 8849 0 8 1132 11
57.75 8849 0 8 1132 11
57.875 8849 0 8 1132 11
58 8849 0 7 1133 11
58.125 8849 0 7 1133 11
58.25 8849 0 7 1133 11
58.375 8849 0 7 1133 11
58.5 8849 0 7 1133 11
58.625 8849 0 6 1134 11
58.75 8849 0 6 1134 11
58.875 8849 0 6 1134 11
59 8849 0 6 1134 11
59.125 8849 0 4 1136 11
59.25 8849 0 3 1137 11
59.375 8849 0 3 1137 11
59.5 8849 0 3 1137 11
59.625 8849 0 3 1137 11
59.75 8849 0 3 1137 11
59.875 8849 0 3 1137 11
60 8849 0 3 1137 11
60.125 8849 0 3 1137 11
60.25 8849 0 2 1138 11
60.375 8849 0 2 1138 11
60.5 8849 0 2 1138 11
60.625 8849 0 2 1138 11
60.75 8849 0 2 1138 11
60.875 8849 0 2 1138 11
61 8849 0 2 1138 11
61.125 8849 0 2 1138 11
61.25 8849 0 2 1138 11
61.375 8849 0 2 1138 11
61.5 8849 0 2 1138 11
61.625 8849 0 2 1138 11
61.75 8849 0 2 1138 11
61.875 8849 0 2 1138 11
62 8849 0 2 1138 11
62.125 8849 0 2 1138 11
62.25 8849 0 2 1138 11
62.375 8849 0 2 1138 11
62.5 8849 0 2 1138 11
62.625 8849 0 2 1138 11
62.75 8849 0 2 1138 11
62.875 8849 0 2 1138 11
63 8849 0 2 1138 11
63.125 8849 0 2 1138 11
63.25 8849 0 2 1138 11
63.375 8849 0 2 1138 11
63.5 8849 0 2 1138 11
63.625 8849 0 2 1138 11
63.75 8849 0 2 1138 11
63.875 8849 0 2 1138 11
64 8849 0 2 1138 11
64.125 8849 0 2 1138 11
64.25 8849 0 2 1138 11
64.375 8849 0 2 1138 11
64.5 8849 0 2 1138 11
64.625 8849 0 2 1138 11
64.75 8849 0 2 1138 11
64.875 8849 0 2 1138 11
65 8849 0 2 1138 11
65.125 8849 0 2 1138 11
65.25 8849 0 2 1138 11
65.375 8849 0 1 1139 11
65.5 8849 0 1 1139 11
65.625 8849 0 1 1139 11
65.75 8849 0 1 1139 11
65.875 8849 0 1 1139 11
66 8849 0 1 1139 11
66.125 8849 0 1 1139 11
66.25 8849 0 1 1139 11
66.375 8849 0 1 1139 11
66.5 8849 0 1 1139 11
66.625 8849 0 1 1139 11
66.75 8849 0 1 1139 11
66.875 8849 0 1 1139 11
67 8849 0 1 1139 11
67.125 8849 0 1 1139 11
67.25 8849 0 1 1139 11
67.375 8849 0 1 1139 11
67.5 8849 0 1 1139 11
67.625 8849 0 1 1139 11
67.75 8849 0 1 1139 11
67.875 8849 0 1 1139 11
68 8849 0 1 1139 11
68.125 8849 0 1 1139 11
68.25 8849 0 1 1139 11
68.375 8849 0 1 1139 11
68.5 8849 0 1 1139 11
68.625 8849 0 1 1139 11
68.75 8849 0 1 1139 11
68.875 8849 0 1 1139 11
69 8849 0 1 1139 11
69.125 8849 0 1 1139 11
69.25 8849 0 1 1139 11
69.375 8849 0 1 1139 11
69.5 8849 0 1 1139 11
69.625 8849 0 1 1139 11
69.75 8849 0 1 1139 11
69.875 8849 0 1 1139 11
70 8849 0 1 1139 11
70.125 8849 0 1 1139 11
70.25 8849 0 1 1139 11
70.375 8849 0 1 1139 11
70.5 8849 0 1 1139 11
70.625 8849 0 1 1139 11
70.75 8849 0 1 1139 11
70.875 8849 0 1 1139 11
71 8849 0 1 1139 11
71.125 8849 0 1 1139 11
71.25 8849 0 1 1139 11
71.375 8849 0 1 1139 11
71.5 8849 0 1 1139 11
71.625 8849 0 1 1139 11
71.75 8849 0 1 1139 11
71.875 8849 0 1 1139 11
72 8849 0 1 1139 11
72.125 8849 0 1 1139 11
72.25 8849 0 1 1139 11
72.375 8849 0 1 1139 11
72.5 8849 0 1 1139 11
72.625 8849 0 1 1139 11
72.75 8849 0 1 1139 11
72.875 8849 0 1 1139 11
73 8849 0 1 1139 11
73.125 8849 0 1 1139 11
73.25 8849 0 1 1139 11
73.375 8849 0 1 1139 11
73.5 8849 0 1 1139 11
73.625 8849 0 1 1139 11
73.75 8849 0 1 1139 11
73.875 8849 0 1 1139 11
74 8849 0 1 1139 11
74.125 8849 0 1 1139 11
74.25 8849 0 1 1139 11
74.375 8849 0 1 1139 11
74.5 8849 0 1 1139 11
74.625 8849 0 1 1139 11
74.75 8849 0 1 1139 11
74.875 8849 0 1 1139 11
75 8849 0 1 1139 11
75.125 8849 0 0 1140 11
