t S E I R D
0 9998 0 2 0 0
0.125 9998 0 2 0 0
0.25 9998 0 2 0 0
0.375 9998 0 2 0 0
0.5 9998 0 2 0 0
0.625 9996 2 2 0 0
0.75 9996 2 2 0 0
0.875 9996 2 1 1 0
1 9996 2 1 1 0
1.125 9996 2 1 1 0
1.25 9996 1 2 1 0
1.375 9995 2 2 1 0
1.5 9995 2 2 1 0
1.625 9995 2 2 1 0
1.75 9995 2 2 1 0
1.875 9994 3 2 1 0
2 9994 2 3 1 0
2.125 9994 2 3 1 0
2.25 9993 3 3 1 0
2.375 9993 2 4 1 0
2.5 9993 1 5 1 0
2.625 9992 2 5 1 0
2.75 9990 4 5 1 0
2.875 9990 4 5 1 0
3 9987 7 5 1 0
3.125 9985 8 6 1 0
3.25 9982 10 7 1 0
3.375 9982 9 8 1 0
3.5 9982 9 6 3 0
3.625 9982 9 6 3 0
3.75 9982 7 8 3 0
3.875 9981 7 9 3 0
4 9979 8 10 3 0
4.125 9970 17 10 3 0
4.25 9962 25 9 4 0
4.375 9952 33 11 4 0
4.5 9944 39 13 4 0
4.625 9934 43 18 5 0
4.75 9919 52 24 5 0
4.875 9910 60 25 5 0
5 9897 67 29 7 0
5.125 9883 75 34 8 0
5.25 9869 85 38 8 0
5.375 9853 97 39 11 0
5.5 9832 109 47 12 0
5.625 9815 116 56 13 0
5.75 9795 132 59 14 0
5.875 9779 140 66 15 0
6 9755 153 75 17 0
6.125 9740 160 82 18 0
6.25 9714 180 86 20 0
6.375 9690 186 102 22 0
6.5 9665 206 104 25 0
6.625 9642 219 113 26 0
6.75 9630 219 124 27 0
6.875 9600 228 144 28 0
7 9580 237 153 30 0
7.125 9561 240 166 33 0
7.25 9529 257 178 36 0
7.375 9487 287 186 40 0
7.5 9443 313 201 43 0
7.625 9411 329 215 45 0
7.75 9369 359 222 50 0
7.875 9323 383 240 54 0
8 9270 416 251 63 0
8.125 9217 444 269 70 0
8.25 9164 480 282 74 0
8.375 9109 504 311 76 0
8.5 9035 553 328 84 0
8.625 8948 592 371 89 0
8.75 8867 633 401 99 0
8.875 8781 677 432 110 0
9 8672 740 473 115 0
9.125 8572 806 500 122 0
9.25 8479 842 544 135 0
9.375 8368 891 594 147 0
9.5 8255 957 630 158 0
9.625 8141 1005 675 178 1
9.75 8029 1045 730 195 1
9.875 7920 1089 776 213 2
10 7815 1123 829 231 2
10.125 7733 1126 889 250 2
10.25 7642 1160 927 269 2
10.375 7556 1174 978 290 2
10.5 7491 1164 1032 311 2
10.625 7418 1168 1084 328 2
10.75 7356 1150 1140 352 2
10.875 7282 1150 1181 384 3
11 7218 1152 1228 398 4
11.125 7162 1141 1255 438 4
11.25 7109 1103 1314 469 5
11.375 7043 1103 1346 503 5
11.5 6991 1079 1393 532 5
11.625 6932 1068 1439 556 5
11.75 6878 1052 1475 589 6
11.875 6840 1025 1511 618 6
12 6805 998 1544 647 6
12.125 6772 962 1578 681 7
12.25 6740 935 1602 716 7
12.375 6710 907 1621 755 7
12.5 6675 883 1647 788 7
12.625 6650 864 1651 828 7
12.75 6628 834 1677 854 7
12.875 6609 798 1696 888 9
13 6593 773 1713 912 9
13.125 6568 749 1721 953 9
13.25 6550 720 1734 986 10
13.375 6530 703 1731 1026 10
13.5 6512 678 1740 1060 10
13.625 6493 650 1750 1097 10
13.75 6475 637 1735 1141 12
13.875 6455 619 1740 1174 12
14 6443 604 1729 1210 14
14.125 6429 582 1724 1251 14
14.25 6414 551 1745 1276 14
14.375 6402 527 1737 1320 14
14.5 6389 511 1732 1354 14
14.625 6381 478 1741 1386 14
14.75 6371 464 1729 1422 14
14.875 6364 445 1723 1454 14
15 6354 427 1717 1488 14
15.125 6350 405 1709 1521 15
15.25 6341 391 1705 1548 15
15.375 6333 363 1699 1590 15
15.5 6329 342 1688 1625 16
15.625 6317 329 1675 1663 16
15.75 6311 320 1651 1700 18
15.875 6298 308 1634 1742 18
16 6297 294 1611 1780 18
16.125 6288 288 1589 1816 19
16.25 6281 277 1563 1859 20
16.375 6276 261 1547 1896 20
16.5 6270 253 1526 1931 20
16.625 6265 236 1510 1968 21
16.75 6260 228 1499 1992 21
16.875 6256 217 1481 2024 22
17 6253 205 1467 2052 23
17.125 6250 193 1451 2082 24
17.25 6249 183 1429 2115 24
17.375 6245 175 1403 2153 24
17.5 6243 163 1386 2183 25
17.625 6241 154 1363 2217 25
17.75 6236 146 1340 2253 25
17.875 6234 140 1321 2280 25
18 6231 136 1293 2315 25
18.125 6228 129 1273 2345 25
18.25 6225 123 1256 2371 25
18.375 6224 116 1236 2399 25
18.5 6223 111 1218 2423 25
18.625 6220 106 1203 2445 26
18.75 6216 101 1185 2472 26
18.875 6216 96 1166 2496 26
19 6215 83 1162 2514 26
19.125 6213 80 1133 2548 26
19.25 6212 76 1120 2566 26
19.375 6211 75 1107 2581 26
19.5 6209 70 1087 2608 26
19.625 6207 68 1067 2632 26
19.75 6203 68 1049 2654 26
19.875 6202 65 1027 2680 26
20 6202 63 1009 2700 26
20.125 6201 60 991 2722 26
20.25 6201 56 969 2747 27
20.375 6201 55 939 2778 27
20.5 6200 52 928 2793 27
20.625 6199 51 914 2808 28
20.75 6199 50 901 2822 28
20.875 6198 49 887 2838 28
21 6197 45 872 2858 28
21.125 6196 45 851 2880 28
21.25 6196 41 838 2897 28
21.375 6196 36 832 2908 28
21.5 6195 36 816 2925 28
21.625 6195 34 805 2938 28
21.75 6194 32 793 2953 28
21.875 6194 31 780 2967 28
22 6194 26 770 2981 29
22.125 6193 23 761 2994 29
22.25 6193 20 753 3005 29
22.375 6192 21 737 3020 30
22.5 6189 22 729 3030 30
22.625 6189 19 718 3044 30
22.75 6189 18 705 3058 30
22.875 6188 19 687 3076 30
23 6187 18 676 3089 30
23.125 6187 16 667 3100 30
23.25 6186 17 650 3117 30
23.375 6186 17 641 3126 30
23.5 6186 16 628 3140 30
23.625 6185 17 618 3150 30
23.75 6185 16 611 3158 30
23.875 6185 14 607 3164 30
24 6184 14 595 3176 31
24.125 6184 13 585 3187 31
24.25 6183 14 568 3204 31
24.375 6183 13 551 3221 32
24.5 6183 12 540 3233 32
24.625 6183 12 524 3249 32
24.75 6183 10 517 3257 33
24.875 6183 9 512 3263 33
25 6183 9 501 3274 33
25.125 6183 9 495 3280 33
25.25 6183 9 486 3289 33
25.375 6182 9 477 3299 33
25.5 6182 9 463 3313 33
25.625 6182 8 454 3323 33
25.75 6182 8 441 3335 34
25.875 6182 8 431 3345 34
26 6181 8 423 3354 34
26.125 6181 8 412 3365 34
26.25 6181 8 406 3371 34
26.375 6181 8 398 3379 34
26.5 6181 7 385 3393 34
26.625 6181 6 378 3401 34
26.75 6181 6 373 3405 35
26.875 6180 6 368 3411 35
27 6179 7 365 3414 35
27.125 6178 8 359 3420 35
27.25 6178 8 351 3428 35
27.375 6177 6 341 3441 35
27.5 6177 5 335 3448 35
27.625 6177 5 324 3459 35
27.75 6177 4 320 3464 35
27.875 6177 4 314 3470 35
28 6177 4 307 3477 35
28.125 6177 4 303 3481 35
28.25 6177 3 296 3489 35
28.375 6177 3 287 3498 35
28.5 6176 4 281 3504 35
28.625 6175 5 280 3505 35
28.75 6175 5 276 3509 35
28.875 6175 5 265 3520 35
29 6175 5 252 3533 35
29.125 6175 5 246 3539 35
29.25 6175 4 243 3543 35
29.375 6175 4 237 3549 35
29.5 6175 4 228 3558 35
29.625 6175 4 226 3560 35
29.75 6175 4 222 3564 35
29.875 6175 4 218 3568 35
30 6174 5 211 3575 35
30.125 6174 5 205 3581 35
30.25 6174 4 201 3586 35
30.375 6174 4 195 3592 35
30.5 6174 4 190 3597 35
30.625 6174 4 185 3602 35
30.75 6174 4 182 3605 35
30.875 6174 4 178 3609 35
31 6174 4 174 3613 35
31.125 6174 4 170 3617 35
31.25 6174 3 168 3620 35
31.375 6174 3 163 3625 35
31.5 6174 3 159 3629 35
31.625 6173 4 156 3632 35
31.75 6173 4 151 3637 35
31.875 6173 4 148 3640 35
32 6173 4 143 3645 35
32.125 6173 4 140 3648 35
32.25 6173 4 137 3651 35
32.375 6173 3 133 3656 35
32.5 6173 2 130 3660 35
32.625 6172 3 127 3663 35
32.75 6172 3 126 3664 35
32.875 6170 4 124 3667 35
33 6170 4 123 3668 35
33.125 6170 4 121 3670 35
33.25 6170 4 117 3674 35
33.375 6170 3 116 3676 35
33.5 6170 3 114 3678 35
33.625 6170 3 114 3678 35
33.75 6170 2 112 3680 36
33.875 6170 2 109 3683 36
34 6170 2 107 3685 36
34.125 6170 1 107 3686 36
34.25 6170 1 107 3686 36
34.375 6170 1 103 3690 36
34.5 6170 1 99 3694 36
34.625 6170 1 99 3694 36
34.75 6170 1 99 3694 36
34.875 6170 1 99 3694 36
35 6170 1 97 3696 36
35.125 6170 1 96 3697 36
35.25 6170 1 94 3699 36
35.375 6170 1 92 3701 36
35.5 6170 1 87 3706 36
35.625 6170 1 86 3707 36
35.75 6170 1 83 3710 36
35.875 6170 1 82 3710 37
36 6170 1 79 3713 37
36.125 6170 1 76 3716 37
36.25 6170 1 76 3716 37
36.375 6170 1 72 3720 37
36.5 6170 1 70 3722 37
36.625 6170 1 66 3726 37
36.75 6170 1 63 3729 37
36.875 6170 1 63 3729 37
37 6170 1 63 3729 37
37.125 6170 1 62 3730 37
37.25 6170 1 61 3731 37
37.375 6170 1 58 3734 37
37.5 6170 1 58 3734 37
37.625 6170 1 55 3737 37
37.75 6170 1 53 3739 37
37.875 6170 1 52 3740 37
38 6170 1 50 3742 37
38.125 6170 1 50 3742 37
38.25 6170 1 48 3744 37
38.375 6170 1 48 3744 37
38.5 6170 1 48 3744 37
38.625 6170 1 47 3745 37
38.75 6170 1 46 3746 37
38.875 6170 1 46 3746 37
39 6170 1 46 3746 37
39.125 6170 1 44 3748 37
39.25 6170 1 44 3748 37
39.375 6170 1 44 3748 37
39.5 6170 1 43 3749 37
39.625 6170 1 42 3750 37
39.75 6170 1 41 3751 37
39.875 6170 1 41 3751 37
40 6170 1 39 3753 37
40.125 6170 1 39 3753 37
40.25 6170 0 39 3754 37
40.375 6170 0 38 3755 37
40.5 6170 0 38 3755 37
40.625 6170 0 38 3755 37
40.75 6170 0 38 3755 37
40.875 6170 0 38 3755 37
41 6170 0 38 3755 37
41.125 6170 0 38 3755 37
41.25 6170 0 38 3755 37
41.375 6170 0 38 3755 37
41.5 6170 0 38 3755 37
41.625 6170 0 36 3757 37
41.75 6170 0 36 3757 37
41.875 6170 0 36 3757 37
42 6170 0 35 3758 37
42.125 6170 0 35 3758 37
42.25 6170 0 35 3758 37
42.375 6170 0 35 3758 37
42.5 6170 0 35 3758 37
42.625 6170 0 34 3759 37
42.75 6170 0 33 3760 37
42.875 6170 0 33 3760 37
43 6170 0 33 3760 37
43.125 6170 0 33 3760 37
43.25 6170 0 32 3760 38
43.375 6170 0 30 3762 38
43.5 6170 0 29 3763 38
43.625 6170 0 29 3763 38
43.75 6170 0 29 3763 38
43.875 6170 0 29 3763 38
44 6170 0 28 3764 38
44.125 6170 0 28 3764 38
44.25 6170 0 28 3764 38
44.375 6170 0 28 3764 38
44.5 6170 0 26 3766 38
44.625 6170 0 26 3766 38
44.75 6170 0 25 3767 38
44.875 6170 0 24 3768 38
45 6170 0 23 3769 38
45.125 6170 0 22 3770 38
45.25 6170 0 22 3770 38
45.375 6170 0 21 3771 38
45.5 6170 0 20 3772 38
45.625 6170 0 20 3772 38
45.75 6170 0 19 3773 38
45.875 6170 0 18 3774 38
46 6170 0 17 3775 38
46.125 6170 0 16 3776 38
46.25 6170 0 16 3776 38
46.375 6170 0 16 3776 38
46.5 6170 0 14 3778 38
46.625 6170 0 14 3778 38
46.75 6170 0 14 3778 38
46.875 6170 0 14 3778 38
47 6170 0 14 3778 38
47.125 6170 0 14 3778 38
47.25 6170 0 14 3778 38
47.375 6170 0 14 3778 38
47.5 6170 0 13 3779 38
47.625 6170 0 13 3779 38
47.75 6170 0 13 3779 38
47.875 6170 0 13 3779 38
48 6170 0 12 3780 38
48.125 6170 0 11 3781 38
48.25 6170 0 11 3781 38
48.375 6170 0 11 3781 38
48.5 6170 0 11 3781 38
48.625 6170 0 11 3781 38
48.75 6170 0 11 3781 38
48.875 6170 0 11 3781 38
49 6170 0 11 3781 38
49.125 6170 0 11 3781 38
49.25 6170 0 11 3781 38
49.375 6170 0 11 3781 38
49.5 6170 0 10 3782 38
49.625 6170 0 10 3782 38
49.75 6170 0 9 3783 38
49.875 6170 0 9 3783 38
50 6170 0 9 3783 38
50.125 6170 0 7 3785 38
50.25 6170 0 7 3785 38
50.375 6170 0 7 3785 38
50.5 6170 0 7 3785 38
50.625 6170 0 7 3785 38
50.75 6170 0 7 3785 38
50.875 6170 0 7 3785 38
51 6170 0 7 3785 38
51.125 6170 0 7 3785 38
51.25 6170 0 7 3785 38
51.375 6170 0 7 3785 38
51.5 6170 0 7 3785 38
51.625 6170 0 7 3785 38
51.75 6170 0 6 3786 38
51.875 6170 0 5 3787 38
52 6170 0 5 3787 38
52.125 6170 0 5 3787 38
52.25 6170 0 5 3787 38
52.375 6170 0 5 3787 38
52.5 6170 0 5 3787 38
52.625 6170 0 5 3787 38
52.75 6170 0 5 3787 38
52.875 6170 0 5 3787 38
53 6170 0 5 3787 38
53.125 6170 0 5 3787 38
53.25 6170 0 5 3787 38
53.375 6170 0 5 3787 38
53.5 6170 0 5 3787 38
53.625 6170 0 4 3788 38
53.75 6170 0 4 3788 38
53.875 6170 0 4 3788 38
54 6170 0 3 3789 38
54.125 6170 0 3 3789 38
54.25 6170 0 3 3789 38
54.375 6170 0 3 3789 38
54.5 6170 0 3 3789 38
54.625 6170 0 3 3789 38
54.75 6170 0 3 3789 38
54.875 6170 0 3 3789 38
55 6170 0 3 3789 38
55.125 6170 0 3 3789 38
55.25 6170 0 3 3789 38
55.375 6170 0 3 3789 38
55.5 6170 0 3 3789 38
55.625 6170 0 2 3790 38
55.75 6170 0 2 3790 38
55.875 6170 0 2 3790 38
56 6170 0 2 3790 38
56.125 6170 0 2 3790 38
56.25 6170 0 2 3790 38
56.375 6170 0 2 3790 38
56.5 6170 0 1 3791 38
56.625 6170 0 1 3791 38
56.75 6170 0 1 3791 38
56.875 6170 0 1 3791 38
57 6170 0 1 3791 38
57.125 6170 0 1 3791 38
57.25 6170 0 1 3791 38
57.375 6170 0 1 3791 38
57.5 6170 0 1 3791 38
57.625 6170 0 1 3791 38
57.75 6170 0 1 3791 38
57.875 6170 0 1 3791 38
58 6170 0 1 3791 38
58.125 6170 0 1 3791 38
58.25 6170 0 1 3791 38
58.375 6170 0 1 3791 38
58.5 6170 0 1 3791 38
58.625 6170 0 1 3791 38
58.75 6170 0 1 3791 38
58.875 6170 0 1 3791 38
59 6170 0 1 3791 38
59.125 6170 0 1 3791 38
59.25 6170 0 1 3791 38
59.375 6170 0 1 3791 38
59.5 6170 0 1 3791 38
59.625 6170 0 1 3791 38
59.75 6170 0 1 3791 38
59.875 6170 0 1 3791 38
60 6170 0 1 3791 38
60.125 6170 0 1 3791 38
60.25 6170 0 1 3791 38
60.375 6170 0 1 3791 38
60.5 6170 0 1 3791 38
60.625 6170 0 1 3791 38
60.75 6170 0 1 3791 38
60.875 6170 0 1 3791 38
61 6170 0 1 3791 38
61.125 6170 0 1 3791 38
61.25 6170 0 1 3791 38
61.375 6170 0 1 3791 38
61.5 6170 0 1 3791 38
61.625 6170 0 1 3791 38
61.75 6170 0 1 3791 38
61.875 6170 0 1 3791 38
62 6170 0 1 3791 38
62.125 6170 0 1 3791 38
62.25 6170 0 1 3791 38
62.375 6170 0 1 3791 38
62.5 6170 0 1 3791 38
62.625 6170 0 1 3791 38
62.75 6170 0 1 3791 38
62.875 6170 0 1 3791 38
63 6170 0 1 3791 38
63.125 6170 0 1 3791 38
63.25 6170 0 1 3791 38
63.375 6170 0 1 3791 38
63.5 6170 0 1 3791 38
63.625 6170 0 1 3791 38
63.75 6170 0 1 3791 38
63.875 6170 0 1 3791 38
64 6170 0 1 3791 38
64.125 6170 0 1 3791 38
64.25 6170 0 1 3791 38
64.375 6170 0 1 3791 38
64.5 6170 0 1 3791 38
64.625 6170 0 1 3791 38
64.75 6170 0 1 3791 38
64.875 6170 0 1 3791 38
65 6170 0 1 3791 38
65.125 6170 0 1 3791 38
65.25 6170 0 1 3791 38
65.375 6170 0 1 3791 38
65.5 6170 0 1 3791 38
65.625 6170 0 1 3791 38
65.75 6170 0 1 3791 38
65.875 6170 0 1 3791 38
66 6170 0 1 3791 38
66.125 6170 0 1 3791 38
66.25 6170 0 1 3791 38
66.375 6170 0 1 3791 38
66.5 6170 0 1 3791 38
66.625 6170 0 1 3791 38
66.75 6170 0 1 3791 38
66.875 6170 0 0 3792 38
