t S E I R D
0 9998 0 2 0 0
0.125 9997 1 2 0 0
0.25 9997 1 2 0 0
0.375 9997 1 2 0 0
0.5 9997 1 2 0 0
0.625 9997 1 2 0 0
0.75 9997 1 2 0 0
0.875 9997 1 2 0 0
1 9997 1 2 0 0
1.125 9997 1 2 0 0
1.25 9997 1 2 0 0
1.375 9997 1 2 0 0
1.5 9997 1 2 0 0
1.625 9997 1 2 0 0
1.75 9997 1 2 0 0
1.875 9996 2 2 0 0
2 9996 2 2 0 0
2.125 9996 2 2 0 0
2.25 9996 2 2 0 0
2.375 9996 1 3 0 0
2.5 9996 1 3 0 0
2.625 9994 3 3 0 0
2.75 9993 4 3 0 0
2.875 9993 4 3 0 0
3 9991 6 3 0 0
3.125 9991 6 3 0 0
3.25 9990 7 3 0 0
3.375 9990 7 3 0 0
3.5 9988 8 4 0 0
3.625 9985 11 4 0 0
3.75 9981 14 5 0 0
3.875 9977 18 5 0 0
4 9973 21 6 0 0
4.125 9972 21 7 0 0
4.25 9966 23 10 1 0
4.375 9961 28 10 1 0
4.5 9960 27 12 1 0
4.625 9954 32 13 1 0
4.75 9950 34 15 1 0
4.875 9941 41 15 3 0
5 9937 44 16 3 0
5.125 9932 43 22 3 0
5.25 9911 63 22 4 0
5.375 9892 75 28 5 0
5.5 9871 93 31 5 0
5.625 9843 113 39 5 0
5.75 9820 126 49 5 0
5.875 9803 136 55 6 0
6 9774 155 64 7 0
6.125 9754 165 74 7 0
6.25 9721 186 83 10 0
6.375 9697 201 92 10 0
6.5 9670 213 105 12 0
6.625 9632 240 115 13 0
6.75 9589 265 130 16 0
6.875 9552 286 145 17 0
7 9510 315 158 17 0
7.125 9466 344 169 21 0
7.25 9419 367 192 22 0
7.375 9363 407 205 25 0
7.5 9295 453 222 30 0
7.625 9249 468 246 36 1
7.75 9242 443 269 45 1
7.875 9234 416 297 52 1
8 9227 399 314 59 1
8.125 9222 378 334 65 1
8.25 9212 362 355 70 1
8.375 9207 344 373 75 1
8.5 9200 329 387 83 1
8.625 9187 323 400 89 1
8.75 9179 306 414 100 1
8.875 9173 306 409 111 1
9 9164 297 413 125 1
9.125 9155 282 431 131 1
9.25 9140 283 438 138 1
9.375 9133 265 454 147 1
9.5 9127 260 458 154 1
9.625 9117 249 473 160 1
9.75 9106 240 485 168 1
9.875 9094 239 493 173 1
10 9082 244 489 184 1
10.125 9070 248 486 195 1
10.25 9060 241 493 205 1
10.375 9054 240 490 214 2
10.5 9049 233 497 219 2
10.625 9041 230 492 235 2
10.75 9037 221 493 247 2
10.875 9029 215 497 257 2
11 9023 203 509 263 2
11.125 9020 193 516 269 2
11.25 9013 187 522 276 2
11.375 9007 180 520 291 2
11.5 9001 178 516 303 2
11.625 8995 179 509 315 2
11.75 8988 176 509 325 2
11.875 8984 165 514 335 2
12 8979 157 516 346 2
12.125 8975 146 523 354 2
12.25 8970 140 525 362 3
12.375 8965 134 530 368 3
12.5 8960 132 526 379 3
12.625 8958 127 523 389 3
12.75 8956 121 525 395 3
12.875 8953 108 534 402 3
13 8946 108 531 411 4
13.125 8944 100 527 425 4
13.25 8940 96 518 442 4
13.375 8937 96 506 457 4
13.5 8932 97 498 469 4
13.625 8928 93 491 484 4
13.75 8926 85 495 490 4
13.875 8925 74 494 503 4
14 8922 72 486 516 4
14.125 8919 75 478 524 4
14.25 8917 68 476 535 4
14.375 8916 65 473 542 4
14.5 8915 63 472 546 4
14.625 8912 62 467 555 4
14.75 8911 58 461 566 4
14.875 8909 58 452 577 4
15 8907 58 447 584 4
15.125 8904 59 444 589 4
15.25 8903 57 441 595 4
15.375 8898 56 437 605 4
15.5 8896 56 429 615 4
15.625 8893 58 422 623 4
15.75 8889 60 416 631 4
15.875 8887 56 418 634 5
16 8886 55 413 641 5
16.125 8886 53 407 649 5
16.25 8885 49 401 660 5
16.375 8883 47 396 669 5
16.5 8879 46 389 681 5
16.625 8877 46 383 689 5
16.75 8876 43 379 697 5
16.875 8874 38 383 700 5
17 8874 37 376 708 5
17.125 8869 38 373 715 5
17.25 8869 37 369 720 5
17.375 8869 35 362 729 5
17.5 8868 36 351 740 5
17.625 8868 33 344 750 5
17.75 8867 32 342 754 5
17.875 8866 29 342 758 5
18 8866 29 332 768 5
18.125 8864 30 324 777 5
18.25 8863 29 320 783 5
18.375 8862 29 317 787 5
18.5 8861 28 312 794 5
18.625 8860 27 305 803 5
18.75 8858 28 294 815 5
18.875 8856 29 292 818 5
19 8855 29 288 823 5
19.125 8854 26 286 829 5
19.25 8854 23 283 835 5
19.375 8853 23 281 838 5
19.5 8852 23 273 847 5
19.625 8851 23 268 853 5
19.75 8850 23 262 860 5
19.875 8850 20 263 862 5
20 8849 21 256 869 5
20.125 8849 18 256 872 5
20.25 8848 19 253 875 5
20.375 8847 20 252 876 5
20.5 8847 20 242 886 5
20.625 8847 17 244 887 5
20.75 8847 16 239 893 5
20.875 8846 16 231 902 5
21 8845 17 225 908 5
21.125 8844 18 220 913 5
21.25 8844 17 217 917 5
21.375 8844 17 213 921 5
21.5 8844 15 209 927 5
21.625 8842 16 208 929 5
21.75 8841 17 204 933 5
21.875 8839 18 201 937 5
22 8837 19 196 943 5
22.125 8837 19 192 946 6
22.25 8836 17 190 951 6
22.375 8834 19 184 957 6
22.5 8833 20 180 961 6
22.625 8833 16 183 962 6
22.75 8833 15 179 967 6
22.875 8832 16 175 971 6
23 8832 15 172 975 6
23.125 8832 15 170 977 6
23.25 8832 15 169 978 6
23.375 8832 15 167 980 6
23.5 8832 15 164 983 6
23.625 8831 14 164 985 6
23.75 8831 13 162 988 6
23.875 8830 13 160 991 6
24 8829 14 155 996 6
24.125 8829 12 156 997 6
24.25 8829 10 154 1000 7
24.375 8829 9 153 1002 7
24.5 8829 8 150 1006 7
24.625 8828 8 151 1006 7
24.75 8828 7 148 1010 7
24.875 8828 6 146 1013 7
25 8828 5 145 1015 7
25.125 8826 5 144 1018 7
25.25 8826 4 140 1023 7
25.375 8826 3 134 1030 7
25.5 8826 3 133 1031 7
25.625 8826 3 132 1032 7
25.75 8825 4 130 1034 7
25.875 8824 5 127 1037 7
26 8824 5 125 1039 7
26.125 8824 5 121 1043 7
26.25 8824 5 119 1045 7
26.375 8824 5 119 1045 7
26.5 8824 5 118 1046 7
26.625 8824 5 118 1046 7
26.75 8824 5 117 1047 7
26.875 8823 5 117 1048 7
27 8823 5 115 1050 7
27.125 8823 5 112 1053 7
27.25 8823 4 110 1056 7
27.375 8823 4 109 1057 7
27.5 8823 4 104 1062 7
27.625 8822 5 101 1064 8
27.75 8822 3 102 1065 8
27.875 8822 3 101 1066 8
28 8821 4 100 1067 8
28.125 8820 5 96 1071 8
28.25 8820 5 94 1073 8
28.375 8820 5 93 1074 8
28.5 8820 5 92 1075 8
28.625 8820 5 92 1075 8
28.75 8819 5 91 1077 8
28.875 8819 5 90 1078 8
29 8819 5 89 1079 8
29.125 8819 5 88 1080 8
29.25 8818 5 87 1082 8
29.375 8818 4 85 1085 8
29.5 8818 4 83 1087 8
29.625 8818 4 82 1088 8
29.75 8818 4 80 1090 8
29.875 8817 5 79 1091 8
30 8817 4 77 1094 8
30.125 8817 3 77 1095 8
30.25 8817 3 74 1098 8
30.375 8817 3 72 1100 8
30.5 8817 3 70 1102 8
30.625 8817 3 68 1104 8
30.75 8817 3 65 1107 8
30.875 8817 3 63 1109 8
31 8816 4 63 1109 8
31.125 8816 4 62 1110 8
31.25 8816 4 60 1112 8
31.375 8816 4 60 1112 8
31.5 8816 3 60 1113 8
31.625 8816 3 58 1115 8
31.75 8816 2 57 1117 8
31.875 8816 1 58 1117 8
32 8816 1 58 1117 8
32.125 8816 1 57 1118 8
32.25 8816 1 56 1119 8
32.375 8816 1 54 1121 8
32.5 8816 1 53 1122 8
32.625 8816 1 51 1124 8
32.75 8816 1 50 1125 8
32.875 8816 1 50 1125 8
33 8815 2 48 1127 8
33.125 8815 2 48 1127 8
33.25 8815 2 45 1130 8
33.375 8815 2 44 1131 8
33.5 8814 3 44 1131 8
33.625 8814 3 43 1132 8
33.75 8814 3 41 1134 8
33.875 8814 3 40 1135 8
34 8814 3 40 1135 8
34.125 8813 4 38 1137 8
34.25 8813 4 37 1138 8
34.375 8813 4 37 1138 8
34.5 8813 2 39 1138 8
34.625 8813 2 37 1140 8
34.75 8812 3 36 1141 8
34.875 8812 2 37 1141 8
35 8812 2 37 1141 8
35.125 8812 2 36 1142 8
35.25 8812 2 35 1143 8
35.375 8812 2 33 1145 8
35.5 8812 2 32 1146 8
35.625 8812 2 31 1147 8
35.75 8812 2 30 1148 8
35.875 8812 2 30 1148 8
36 8812 2 30 1148 8
36.125 8812 2 30 1148 8
36.25 8812 2 28 1150 8
36.375 8812 0 30 1150 8
36.5 8812 0 27 1153 8
36.625 8812 0 27 1153 8
36.75 8812 0 26 1154 8
36.875 8812 0 26 1154 8
37 8812 0 26 1154 8
37.125 8812 0 26 1154 8
37.25 8812 0 26 1154 8
37.375 8812 0 23 1157 8
37.5 8812 0 23 1157 8
37.625 8812 0 22 1158 8
37.75 8812 0 22 1158 8
37.875 8812 0 22 1158 8
38 8812 0 19 1161 8
38.125 8812 0 19 1161 8
38.25 8812 0 18 1162 8
38.375 8812 0 18 1162 8
38.5 8812 0 18 1162 8
38.625 8812 0 18 1162 8
38.75 8812 0 17 1163 8
38.875 8812 0 17 1163 8
39 8812 0 17 1163 8
39.125 8812 0 17 1163 8
39.25 8812 0 17 1163 8
39.375 8812 0 17 1163 8
39.5 8812 0 17 1163 8
39.625 8812 0 17 1163 8
39.75 8812 0 17 1163 8
39.875 8812 0 16 1164 8
40 8812 0 15 1165 8
40.125 8812 0 14 1166 8
40.25 8812 0 14 1166 8
40.375 8812 0 14 1166 8
40.5 8812 0 14 1166 8
40.625 8812 0 14 1166 8
40.75 8812 0 14 1166 8
40.875 8812 0 14 1166 8
41 8812 0 14 1166 8
41.125 8812 0 13 1167 8
41.25 8812 0 13 1167 8
41.375 8812 0 12 1168 8
41.5 8812 0 12 1168 8
41.625 8812 0 12 1168 8
41.75 8812 0 12 1168 8
41.875 8812 0 12 1168 8
42 8812 0 11 1169 8
42.125 8812 0 11 1169 8
42.25 8812 0 11 1169 8
42.375 8812 0 10 1170 8
42.5 8812 0 10 1170 8
42.625 8812 0 10 1170 8
42.75 8812 0 9 1171 8
42.875 8812 0 9 1171 8
43 8812 0 9 1171 8
43.125 8812 0 9 1171 8
43.25 8812 0 9 1171 8
43.375 8812 0 9 1171 8
43.5 8812 0 9 1171 8
43.625 8812 0 9 1171 8
43.75 8812 0 9 1171 8
43.875 8812 0 9 1171 8
44 8812 0 9 1171 8
44.125 8812 0 9 1171 8
44.25 8812 0 9 1171 8
44.375 8812 0 9 1171 8
44.5 8812 0 9 1171 8
44.625 8812 0 9 1171 8
44.75 8812 0 8 1172 8
44.875 8812 0 8 1172 8
45 8812 0 8 1172 8
45.125 8812 0 8 1172 8
45.25 8812 0 8 1172 8
45.375 8812 0 8 1172 8
45.5 8812 0 7 1173 8
45.625 8812 0 7 1173 8
45.75 8812 0 7 1173 8
45.875 8812 0 7 1173 8
46 8812 0 7 1173 8
46.125 8812 0 7 1173 8
46.25 8812 0 7 1173 8
46.375 8812 0 7 1173 8
46.5 8812 0 7 1173 8
46.625 8812 0 7 1173 8
46.75 8812 0 7 1173 8
46.875 8812 0 7 1173 8
47 8812 0 7 1173 8
47.125 8812 0 7 1173 8
47.25 8812 0 7 1173 8
47.375 8812 0 7 1173 8
47.5 8812 0 7 1173 8
47.625 8812 0 6 1174 8
47.75 8812 0 6 1174 8
47.875 8812 0 6 1174 8
48 8812 0 6 1174 8
48.125 8812 0 6 1174 8
48.25 8812 0 6 1174 8
48.375 8812 0 5 1175 8
48.5 8812 0 4 1176 8
48.625 8812 0 4 1176 8
48.75 8812 0 4 1176 8
48.875 8812 0 4 1176 8
49 8812 0 4 1176 8
49.125 8812 0 4 1176 8
49.25 8812 0 4 1176 8
49.375 8812 0 4 1176 8
49.5 8812 0 4 1176 8
49.625 8812 0 4 1176 8
49.75 8812 0 4 1176 8
49.875 8812 0 4 1176 8
50 8812 0 4 1176 8
50.125 8812 0 4 1176 8
50.25 8812 0 4 1176 8
50.375 8812 0 4 1176 8
50.5 8812 0 4 1176 8
50.625 8812 0 4 1176 8
50.75 8812 0 4 1176 8
50.875 8812 0 4 1176 8
51 8812 0 4 1176 8
51.125 8812 0 4 1176 8
51.25 8812 0 4 1176 8
51.375 8812 0 4 1176 8
51.5 8812 0 4 1176 8
51.625 8812 0 4 1176 8
51.75 8812 0 4 1176 8
51.875 8812 0 4 1176 8
52 8812 0 4 1176 8
52.125 8812 0 4 1176 8
52.25 8812 0 4 1176 8
52.375 8812 0 4 1176 8
52.5 8812 0 3 1177 8
52.625 8812 0 3 1177 8
52.75 8812 0 3 1177 8
52.875 8812 0 3 1177 8
53 8812 0 3 1177 8
53.125 8812 0 3 1177 8
53.25 8812 0 2 1178 8
53.375 8812 0 2 1178 8
53.5 8812 0 2 1178 8
53.625 8812 0 2 1178 8
53.75 8812 0 2 1178 8
53.875 8812 0 2 1178 8
54 8812 0 2 1178 8
54.125 8812 0 2 1178 8
54.25 8812 0 2 1178 8
54.375 8812 0 1 1179 8
54.5 8812 0 1 1179 8
54.625 8812 0 1 1179 8
54.75 8812 0 1 1179 8
54.875 8812 0 1 1179 8
55 8812 0 1 1179 8
55.125 8812 0 1 1179 8
55.25 8812 0 1 1179 8
55.375 8812 0 1 1179 8
55.5 8812 0 1 1179 8
55.625 8812 0 1 1179 8
55.75 8812 0 1 1179 8
55.875 8812 0 1 1179 8
56 8812 0 1 1179 8
56.125 8812 0 1 1179 8
56.25 8812 0 1 1179 8
56.375 8812 0 1 1179 8
56.5 8812 0 1 1179 8
56.625 8812 0 1 1179 8
56.75 8812 0 1 1179 8
56.875 8812 0 1 1179 8
57 8812 0 1 1179 8
57.125 8812 0 1 1179 8
57.25 8812 0 1 1179 8
57.375 8812 0 1 1179 8
57.5 8812 0 1 1179 8
57.625 8812 0 1 1179 8
57.75 8812 0 1 1179 8
57.875 8812 0 1 1179 8
58 8812 0 1 1179 8
58.125 8812 0 1 1179 8
58.25 8812 0 1 1179 8
58.375 8812 0 1 1179 8
58.5 8812 0 1 1179 8
58.625 8812 0 1 1179 8
58.75 8812 0 1 1179 8
58.875 8812 0 1 1179 8
59 8812 0 1 1179 8
59.125 8812 0 1 1179 8
59.25 8812 0 1 1179 8
59.375 8812 0 1 1179 8
59.5 8812 0 1 1179 8
59.625 8812 0 1 1179 8
59.75 8812 0 1 1179 8
59.875 8812 0 1 1179 8
60 8812 0 1 1179 8
60.125 8812 0 1 1179 8
60.25 8812 0 1 1179 8
60.375 8812 0 1 1179 8
60.5 8812 0 1 1179 8
60.625 8812 0 1 1179 8
60.75 8812 0 1 1179 8
60.875 8812 0 1 1179 8
61 8812 0 1 1179 8
61.125 8812 0 1 1179 8
61.25 8812 0 1 1179 8
61.375 8812 0 0 1180 8
