t S E I R D
0 9998 0 2 0 0
0.125 9997 1 2 0 0
0.25 9997 1 2 0 0
0.375 9997 1 2 0 0
0.5 9997 1 1 1 0
0.625 9997 1 1 1 0
0.75 9997 0 2 1 0
0.875 9978 19 2 1 0
1 9960 37 2 1 0
1.125 9945 50 4 1 0
1.25 9929 62 8 1 0
1.375 9909 80 10 1 0
1.5 9890 95 13 2 0
1.625 9867 112 19 2 0
1.75 9856 116 26 2 0
1.875 9836 130 31 3 0
2 9816 139 41 4 0
2.125 9797 148 50 5 0
2.25 9770 166 59 5 0
2.375 9749 176 69 6 0
2.5 9712 201 80 7 0
2.625 9680 221 88 11 0
2.75 9653 239 95 13 0
2.875 9617 256 114 13 0
3 9590 262 131 17 0
3.125 9558 280 142 20 0
3.25 9519 302 159 20 0
3.375 9472 331 175 22 0
3.5 9417 366 190 27 0
3.625 9375 378 212 35 0
3.75 9329 390 239 42 0
3.875 9286 416 253 45 0
4 9236 442 274 48 0
4.125 9183 471 292 54 0
4.25 9099 513 321 67 0
4.375 9029 556 336 79 0
4.5 8978 575 362 85 0
4.625 8906 604 401 89 0
4.75 8835 638 431 96 0
4.875 8746 687 454 112 1
5 8677 696 508 117 2
5.125 8598 741 528 131 2
5.25 8517 779 563 139 2
5.375 8452 798 606 142 2
5.5 8379 825 644 150 2
5.625 8313 835 689 161 2
5.75 8241 849 732 176 2
5.875 8180 866 764 188 2
6 8125 865 809 199 2
6.125 8049 892 847 210 2
6.25 7969 918 882 229 2
6.375 7916 902 929 251 2
6.5 7857 903 970 268 2
6.625 7803 902 997 295 3
6.75 7759 900 1020 318 3
6.875 7710 891 1053 343 3
7 7673 876 1088 360 3
7.125 7627 874 1115 380 4
7.25 7581 869 1150 396 4
7.375 7535 858 1190 413 4
7.5 7486 851 1211 448 4
7.625 7448 848 1225 475 4
7.75 7418 821 1256 501 4
7.875 7398 780 1288 530 4
8 7367 762 1317 550 4
8.125 7316 758 1357 565 4
8.25 7286 753 1366 591 4
8.375 7261 727 1389 619 4
8.5 7230 717 1399 649 5
8.625 7205 697 1415 678 5
8.75 7175 684 1427 709 5
8.875 7148 668 1440 739 5
9 7126 658 1442 768 6
9.125 7101 637 1448 808 6
9.25 7079 613 1466 835 7
9.375 7058 596 1467 872 7
9.5 7046 574 1471 902 7
9.625 7031 552 1484 926 7
9.75 7017 533 1484 959 7
9.875 6997 521 1489 986 7
10 6985 496 1492 1020 7
10.125 6969 489 1485 1049 8
10.25 6955 467 1483 1086 9
10.375 6935 460 1473 1123 9
10.5 6923 441 1472 1155 9
10.625 6911 431 1462 1187 9
10.75 6902 414 1458 1216 10
10.875 6893 390 1454 1252 11
11 6880 377 1458 1272 13
11.125 6868 367 1447 1305 13
11.25 6860 356 1427 1344 13
11.375 6853 343 1410 1381 13
11.5 6843 326 1411 1407 13
11.625 6834 315 1405 1433 13
11.75 6827 300 1393 1467 13
11.875 6820 291 1384 1492 13
12 6810 278 1370 1528 14
12.125 6807 259 1362 1558 14
12.25 6802 245 1346 1591 16
12.375 6796 233 1329 1626 16
12.5 6791 225 1308 1658 18
12.625 6784 219 1293 1686 18
12.75 6781 201 1288 1712 18
12.875 6778 194 1259 1751 18
13 6773 188 1254 1767 18
13.125 6770 176 1237 1799 18
13.25 6768 169 1222 1823 18
13.375 6765 162 1208 1846 19
13.5 6759 162 1185 1875 19
13.625 6758 155 1159 1909 19
13.75 6756 150 1147 1928 19
13.875 6753 143 1140 1945 19
14 6748 138 1124 1971 19
14.125 6745 131 1120 1985 19
14.25 6741 127 1099 2013 20
14.375 6740 120 1086 2034 20
14.5 6738 115 1076 2051 20
14.625 6737 111 1065 2067 20
14.75 6737 102 1048 2092 21
14.875 6732 101 1026 2120 21
15 6732 97 1007 2143 21
15.125 6728 97 991 2163 21
15.25 6726 91 973 2189 21
15.375 6725 86 959 2209 21
15.5 6724 83 937 2235 21
15.625 6721 81 916 2261 21
15.75 6717 83 896 2282 22
15.875 6715 79 878 2306 22
16 6712 75 866 2325 22
16.125 6709 71 848 2350 22
16.25 6708 67 835 2368 22
16.375 6706 65 818 2389 22
16.5 6704 62 795 2417 22
16.625 6704 56 781 2437 22
16.75 6702 54 768 2454 22
16.875 6700 54 757 2467 22
17 6697 50 745 2486 22
17.125 6697 46 729 2506 22
17.25 6697 42 715 2524 22
17.375 6697 40 701 2540 22
17.5 6695 42 686 2555 22
17.625 6695 39 674 2570 22
17.75 6695 36 658 2589 22
17.875 6695 33 649 2601 22
18 6695 31 640 2612 22
18.125 6695 30 626 2627 22
18.25 6695 28 620 2635 22
18.375 6695 27 605 2650 23
18.5 6694 26 586 2670 24
18.625 6694 22 584 2676 24
18.75 6694 22 572 2688 24
18.875 6694 20 565 2696 25
19 6693 18 552 2712 25
19.125 6693 18 533 2731 25
19.25 6693 17 523 2742 25
19.375 6693 16 511 2755 25
19.5 6693 15 503 2764 25
19.625 6691 16 498 2770 25
19.75 6690 17 490 2778 25
19.875 6689 17 479 2790 25
20 6689 16 470 2800 25
20.125 6689 16 461 2809 25
20.25 6688 16 454 2817 25
20.375 6688 15 448 2823 26
20.5 6688 15 437 2834 26
20.625 6688 15 431 2840 26
20.75 6688 15 424 2847 26
20.875 6687 14 418 2854 27
21 6685 15 408 2865 27
21.125 6685 14 400 2874 27
21.25 6684 15 398 2876 27
21.375 6683 14 392 2884 27
21.5 6682 13 387 2891 27
21.625 6681 13 381 2898 27
21.75 6680 14 371 2908 27
21.875 6680 13 362 2918 27
22 6680 13 358 2922 27
22.125 6680 13 346 2933 28
22.25 6680 12 345 2935 28
22.375 6680 12 337 2943 28
22.5 6680 8 336 2948 28
22.625 6680 8 331 2953 28
22.75 6680 7 321 2964 28
22.875 6680 6 315 2971 28
23 6680 5 310 2977 28
23.125 6680 5 302 2985 28
23.25 6680 5 296 2991 28
23.375 6680 5 291 2996 28
23.5 6680 5 287 3000 28
23.625 6680 5 283 3004 28
23.75 6679 6 279 3008 28
23.875 6679 5 276 3012 28
24 6679 5 268 3020 28
24.125 6679 3 264 3026 28
24.25 6679 3 259 3031 28
24.375 6679 3 254 3036 28
24.5 6679 3 246 3044 28
24.625 6679 3 242 3048 28
24.75 6679 3 238 3052 28
24.875 6679 3 236 3054 28
25 6679 3 235 3055 28
25.125 6679 3 228 3062 28
25.25 6679 3 219 3071 28
25.375 6679 2 212 3079 28
25.5 6679 1 210 3082 28
25.625 6679 1 208 3084 28
25.75 6679 1 204 3088 28
25.875 6678 2 199 3093 28
26 6678 2 197 3095 28
26.125 6678 1 195 3098 28
26.25 6678 1 190 3103 28
26.375 6678 1 187 3106 28
26.5 6678 1 180 3112 29
26.625 6678 1 173 3119 29
26.75 6678 1 172 3120 29
26.875 6678 1 168 3124 29
27 6678 1 165 3127 29
27.125 6678 1 160 3132 29
27.25 6678 1 154 3138 29
27.375 6678 1 150 3142 29
27.5 6678 0 148 3145 29
27.625 6677 1 146 3147 29
27.75 6677 1 145 3148 29
27.875 6677 1 144 3149 29
28 6677 0 142 3152 29
28.125 6677 0 136 3158 29
28.25 6677 0 130 3164 29
28.375 6677 0 129 3165 29
28.5 6677 0 129 3165 29
28.625 6677 0 125 3169 29
28.75 6676 1 121 3173 29
28.875 6676 1 118 3176 29
29 6676 1 112 3182 29
29.125 6676 1 111 3183 29
29.25 6676 1 106 3188 29
29.375 6676 1 104 3190 29
29.5 6676 1 103 3191 29
29.625 6676 1 102 3192 29
29.75 6675 2 101 3193 29
29.875 6675 2 101 3193 29
30 6675 2 100 3194 29
30.125 6675 2 96 3198 29
30.25 6675 2 95 3199 29
30.375 6675 2 91 3203 29
30.5 6675 2 90 3204 29
30.625 6675 2 89 3205 29
30.75 6675 2 88 3206 29
30.875 6675 1 85 3210 29
31 6675 1 82 3212 30
31.125 6675 1 80 3214 30
31.25 6675 1 79 3215 30
31.375 6675 1 76 3218 30
31.5 6675 1 75 3219 30
31.625 6674 2 74 3220 30
31.75 6674 2 73 3221 30
31.875 6674 2 73 3221 30
32 6674 2 73 3221 30
32.125 6674 2 69 3225 30
32.25 6674 2 67 3227 30
32.375 6674 2 66 3228 30
32.5 6674 2 65 3229 30
32.625 6674 2 64 3230 30
32.75 6673 3 62 3232 30
32.875 6673 3 59 3235 30
33 6673 3 59 3235 30
33.125 6673 2 59 3236 30
33.25 6673 2 56 3239 30
33.375 6673 2 56 3239 30
33.5 6673 2 55 3240 30
33.625 6673 1 55 3241 30
33.75 6673 1 55 3241 30
33.875 6673 1 54 3242 30
34 6673 1 53 3243 30
34.125 6673 1 50 3246 30
34.25 6673 0 49 3248 30
34.375 6673 0 49 3248 30
34.5 6673 0 49 3248 30
34.625 6673 0 49 3248 30
34.75 6673 0 48 3249 30
34.875 6673 0 47 3250 30
35 6673 0 46 3251 30
35.125 6673 0 44 3253 30
35.25 6673 0 44 3253 30
35.375 6673 0 43 3254 30
35.5 6673 0 43 3254 30
35.625 6673 0 42 3255 30
35.75 6673 0 41 3256 30
35.875 6673 0 40 3257 30
36 6673 0 39 3258 30
36.125 6673 0 39 3258 30
36.25 6673 0 37 3260 30
36.375 6673 0 36 3261 30
36.5 6673 0 36 3261 30
36.625 6673 0 36 3261 30
36.75 6673 0 36 3261 30
36.875 6673 0 35 3262 30
37 6673 0 35 3262 30
37.125 6673 0 35 3262 30
37.25 6673 0 34 3263 30
37.375 6673 0 33 3264 30
37.5 6673 0 33 3264 30
37.625 6673 0 32 3265 30
37.75 6673 0 30 3267 30
37.875 6673 0 30 3267 30
38 6673 0 29 3268 30
38.125 6673 0 29 3268 30
38.25 6673 0 28 3269 30
38.375 6673 0 26 3271 30
38.5 6673 0 26 3271 30
38.625 6673 0 25 3272 30
38.75 6673 0 25 3272 30
38.875 6673 0 24 3273 30
39 6673 0 24 3273 30
39.125 6673 0 23 3274 30
39.25 6673 0 22 3275 30
39.375 6673 0 22 3275 30
39.5 6673 0 22 3275 30
39.625 6673 0 22 3275 30
39.75 6673 0 22 3275 30
39.875 6673 0 22 3275 30
40 6673 0 22 3275 30
40.125 6673 0 20 3277 30
40.25 6673 0 20 3277 30
40.375 6673 0 19 3278 30
40.5 6673 0 19 3278 30
40.625 6673 0 19 3278 30
40.75 6673 0 19 3278 30
40.875 6673 0 19 3278 30
41 6673 0 18 3279 30
41.125 6673 0 18 3279 30
41.25 6673 0 18 3279 30
41.375 6673 0 18 3279 30
41.5 6673 0 18 3279 30
41.625 6673 0 18 3279 30
41.75 6673 0 18 3279 30
41.875 6673 0 17 3280 30
42 6673 0 17 3280 30
42.125 6673 0 16 3281 30
42.25 6673 0 16 3281 30
42.375 6673 0 16 3281 30
42.5 6673 0 16 3281 30
42.625 6673 0 15 3282 30
42.75 6673 0 15 3282 30
42.875 6673 0 14 3283 30
43 6673 0 14 3283 30
43.125 6673 0 14 3283 30
43.25 6673 0 14 3283 30
43.375 6673 0 14 3283 30
43.5 6673 0 13 3284 30
43.625 6673 0 13 3284 30
43.75 6673 0 13 3284 30
43.875 6673 0 13 3284 30
44 6673 0 12 3285 30
44.125 6673 0 12 3285 30
44.25 6673 0 12 3285 30
44.375 6673 0 12 3285 30
44.5 6673 0 12 3285 30
44.625 6673 0 12 3285 30
44.75 6673 0 12 3285 30
44.875 6673 0 12 3285 30
45 6673 0 11 3286 30
45.125 6673 0 11 3286 30
45.25 6673 0 10 3287 30
45.375 6673 0 10 3287 30
45.5 6673 0 10 3287 30
45.625 6673 0 10 3287 30
45.75 6673 0 10 3287 30
45.875 6673 0 10 3287 30
46 6673 0 10 3287 30
46.125 6673 0 10 3287 30
46.25 6673 0 10 3287 30
46.375 6673 0 10 3287 30
46.5 6673 0 10 3287 30
46.625 6673 0 10 3287 30
46.75 6673 0 9 3288 30
46.875 6673 0 9 3288 30
47 6673 0 8 3289 30
47.125 6673 0 8 3289 30
47.25 6673 0 8 3289 30
47.375 6673 0 8 3289 30
47.5 6673 0 8 3289 30
47.625 6673 0 8 3289 30
47.75 6673 0 7 3290 30
47.875 6673 0 7 3290 30
48 6673 0 7 3290 30
48.125 6673 0 7 3290 30
48.25 6673 0 7 3290 30
48.375 6673 0 7 3290 30
48.5 6673 0 7 3290 30
48.625 6673 0 7 3290 30
48.75 6673 0 7 3290 30
48.875 6673 0 6 3291 30
49 6673 0 6 3291 30
49.125 6673 0 6 3291 30
49.25 6673 0 5 3292 30
49.375 6673 0 5 3292 30
49.5 6673 0 5 3292 30
49.625 6673 0 5 3292 30
49.75 6673 0 5 3292 30
49.875 6673 0 5 3292 30
50 6673 0 5 3292 30
50.125 6673 0 5 3292 30
50.25 6673 0 5 3292 30
50.375 6673 0 5 3292 30
50.5 6673 0 5 3292 30
50.625 6673 0 5 3292 30
50.75 6673 0 5 3292 30
50.875 6673 0 4 3293 30
51 6673 0 4 3293 30
51.125 6673 0 4 3293 30
51.25 6673 0 4 3293 30
51.375 6673 0 4 3293 30
51.5 6673 0 4 3293 30
51.625 6673 0 4 3293 30
51.75 6673 0 4 3293 30
51.875 6673 0 4 3293 30
52 6673 0 4 3293 30
52.125 6673 0 4 3293 30
52.25 6673 0 4 3293 30
52.375 6673 0 4 3293 30
52.5 6673 0 4 3293 30
52.625 6673 0 4 3293 30
52.75 6673 0 4 3293 30
52.875 6673 0 4 3293 30
53 6673 0 4 3293 30
53.125 6673 0 4 3293 30
53.25 6673 0 4 3293 30
53.375 6673 0 4 3293 30
53.5 6673 0 4 3293 30
53.625 6673 0 4 3293 30
53.75 6673 0 4 3293 30
53.875 6673 0 3 3294 30
54 6673 0 3 3294 30
54.125 6673 0 3 3294 30
54.25 6673 0 3 3294 30
54.375 6673 0 3 3294 30
54.5 6673 0 2 3295 30
54.625 6673 0 2 3295 30
54.75 6673 0 2 3295 30
54.875 6673 0 2 3295 30
55 6673 0 2 3295 30
55.125 6673 0 2 3295 30
55.25 6673 0 1 3296 30
55.375 6673 0 1 3296 30
55.5 6673 0 1 3296 30
55.625 6673 0 1 3296 30
55.75 6673 0 1 3296 30
55.875 6673 0 1 3296 30
56 6673 0 1 3296 30
56.125 6673 0 1 3296 30
56.25 6673 0 1 3296 30
56.375 6673 0 1 3296 30
56.5 6673 0 1 3296 30
56.625 6673 0 1 3296 30
56.75 6673 0 1 3296 30
56.875 6673 0 1 3296 30
57 6673 0 1 3296 30
57.125 6673 0 1 3296 30
57.25 6673 0 1 3296 30
57.375 6673 0 1 3296 30
57.5 6673 0 1 3296 30
57.625 6673 0 1 3296 30
57.75 6673 0 1 3296 30
57.875 6673 0 1 3296 30
58 6673 0 1 3296 30
58.125 6673 0 1 3296 30
58.25 6673 0 1 3296 30
58.375 6673 0 1 3296 30
58.5 6673 0 1 3296 30
58.625 6673 0 1 3296 30
58.75 6673 0 1 3296 30
58.875 6673 0 1 3296 30
59 6673 0 0 3297 30
