t S E I R D
0 9999 0 1 0 0
0.125 9999 0 1 0 0
0.25 9999 0 1 0 0
0.375 9999 0 1 0 0
0.5 9999 0 1 0 0
0.625 9999 0 1 0 0
0.75 9999 0 1 0 0
0.875 9999 0 1 0 0
1 9999 0 1 0 0
1.125 9999 0 1 0 0
1.25 9999 0 1 0 0
1.375 9999 0 1 0 0
1.5 9999 0 1 0 0
1.625 9998 1 1 0 0
1.75 9998 1 1 0 0
1.875 9998 1 1 0 0
2 9998 0 2 0 0
2.125 9998 0 2 0 0
2.25 9998 0 2 0 0
2.375 9998 0 2 0 0
2.5 9998 0 1 1 0
2.625 9998 0 1 1 0
2.75 9998 0 1 1 0
2.875 9998 0 1 1 0
3 9998 0 1 1 0
3.125 9998 0 1 1 0
3.25 9998 0 1 1 0
3.375 9998 0 1 1 0
3.5 9998 0 1 1 0
3.625 9998 0 1 1 0
3.75 9998 0 1 1 0
3.875 9998 0 1 1 0
4 9997 1 1 1 0
4.125 9997 1 1 1 0
4.25 9997 1 1 1 0
4.375 9997 1 1 1 0
4.5 9997 0 2 1 0
4.625 9997 0 2 1 0
4.75 9997 0 2 1 0
4.875 9997 0 1 2 0
5 9996 1 1 2 0
5.125 9996 1 1 2 0
5.25 9996 1 1 2 0
5.375 9996 1 1 2 0
5.5 9996 1 1 2 0
5.625 9996 1 1 2 0
5.75 9996 1 1 2 0
5.875 9996 1 1 2 0
6 9996 1 1 2 0
6.125 9996 1 1 2 0
6.25 9996 1 1 2 0
6.375 9996 1 1 2 0
6.5 9996 1 1 2 0
6.625 9996 1 1 2 0
6.75 9996 1 1 2 0
6.875 9996 1 1 2 0
7 9996 1 1 2 0
7.125 9996 1 1 2 0
7.25 9996 1 1 2 0
7.375 9996 1 1 2 0
7.5 9996 1 1 2 0
7.625 9996 1 1 2 0
7.75 9995 2 1 2 0
7.875 9995 2 1 2 0
8 9995 2 1 2 0
8.125 9995 2 1 2 0
8.25 9995 2 1 2 0
8.375 9995 2 1 2 0
8.5 9995 2 1 2 0
8.625 9995 2 1 2 0
8.75 9995 2 1 2 0
8.875 9995 2 1 2 0
9 9995 2 1 2 0
9.125 9995 2 1 2 0
9.25 9995 2 1 2 0
9.375 9995 2 1 2 0
9.5 9995 2 1 2 0
9.625 9995 2 1 2 0
9.75 9995 2 1 2 0
9.875 9995 2 1 2 0
10 9995 2 1 2 0
10.125 9995 1 2 2 0
10.25 9995 1 2 2 0
10.375 9995 1 2 2 0
10.5 9995 1 2 2 0
10.625 9995 1 2 2 0
10.75 9995 1 2 2 0
10.875 9995 0 3 2 0
11 9994 1 3 2 0
11.125 9994 1 3 2 0
11.25 9994 1 3 2 0
11.375 9993 2 3 2 0
11.5 9992 3 3 2 0
11.625 9992 3 3 2 0
11.75 9992 3 3 2 0
11.875 9992 3 3 2 0
12 9991 4 3 2 0
12.125 9991 4 3 2 0
12.25 9988 7 3 2 0
12.375 9988 7 3 2 0
12.5 9987 8 3 2 0
12.625 9987 8 3 2 0
12.75 9984 11 3 2 0
12.875 9984 9 5 2 0
13 9983 10 5 2 0
13.125 9982 11 5 2 0
13.25 9982 9 7 2 0
13.375 9980 11 7 2 0
13.5 9980 10 8 2 0
13.625 9979 11 8 2 0
13.75 9977 13 8 2 0
13.875 9977 13 8 2 0
14 9977 13 8 2 0
14.125 9977 13 8 2 0
14.25 9976 13 9 2 0
14.375 9976 13 9 2 0
14.5 9973 15 10 2 0
14.625 9972 15 11 2 0
14.75 9971 15 11 3 0
14.875 9971 15 11 3 0
15 9970 15 11 4 0
15.125 9970 13 13 4 0
15.25 9970 13 13 4 0
15.375 9967 16 13 4 0
15.5 9964 17 15 4 0
15.625 9964 15 17 4 0
15.75 9962 15 19 4 0
15.875 9961 16 18 5 0
16 9960 17 18 5 0
16.125 9958 19 18 5 0
16.25 9956 20 19 5 0
16.375 9953 22 20 5 0
16.5 9951 22 22 5 0
16.625 9946 26 23 5 0
16.75 9939 32 24 5 0
16.875 9937 34 24 5 0
17 9936 30 29 5 0
17.125 9930 34 30 6 0
17.25 9926 36 32 6 0
17.375 9921 37 34 8 0
17.5 9916 42 34 8 0
17.625 9913 44 35 8 0
17.75 9905 51 35 9 0
17.875 9898 55 37 10 0
18 9895 51 44 10 0
18.125 9879 61 50 10 0
18.25 9865 73 50 12 0
18.375 9853 81 54 12 0
18.5 9832 97 56 15 0
18.625 9815 109 60 16 0
18.75 9799 118 66 17 0
18.875 9789 120 73 18 0
19 9775 127 79 19 0
19.125 9755 135 89 21 0
19.25 9730 153 95 22 0
19.375 9704 168 104 24 0
19.5 9670 190 114 26 0
19.625 9639 208 127 26 0
19.75 9609 218 143 30 0
19.875 9586 227 155 32 0
20 9560 239 167 34 0
20.125 9520 268 176 36 0
20.25 9487 288 187 38 0
20.375 9457 299 203 41 0
20.5 9419 316 222 43 0
20.625 9372 342 236 50 0
20.75 9333 361 252 54 0
20.875 9294 379 267 60 0
21 9248 397 291 64 0
21.125 9220 399 311 70 0
21.25 9176 426 316 82 0
21.375 9156 424 330 90 0
21.5 9122 425 357 96 0
21.625 9088 438 373 101 0
21.75 9041 462 387 110 0
21.875 8985 490 405 120 0
22 8938 510 423 129 0
22.125 8891 522 452 135 0
22.25 8849 542 460 148 1
22.375 8811 540 488 160 1
22.5 8771 547 512 169 1
22.625 8734 549 540 176 1
22.75 8689 562 566 182 1
22.875 8657 557 587 197 2
23 8635 532 623 208 2
23.125 8596 539 645 218 2
23.25 8570 534 654 240 2
23.375 8542 534 676 246 2
23.5 8510 531 700 257 2
23.625 8479 528 727 264 2
23.75 8455 526 737 280 2
23.875 8439 512 755 292 2
24 8423 495 776 304 2
24.125 8395 494 784 325 2
24.25 8373 487 796 342 2
24.375 8346 493 801 358 2
24.5 8329 483 812 373 3
24.625 8300 485 825 387 3
24.75 8281 470 843 403 3
24.875 8261 457 866 413 3
25 8243 440 883 430 4
25.125 8233 432 887 444 4
25.25 8222 416 893 465 4
25.375 8207 405 900 484 4
25.5 8187 404 896 508 5
25.625 8179 377 920 519 5
25.75 8161 372 923 539 5
25.875 8146 363 926 559 6
26 8136 353 926 579 6
26.125 8123 343 930 598 6
26.25 8116 331 926 620 7
26.375 8103 321 928 640 8
26.5 8093 309 925 665 8
26.625 8087 290 932 682 9
26.75 8079 282 933 697 9
26.875 8070 274 927 720 9
27 8066 255 927 743 9
27.125 8058 249 918 766 9
27.25 8048 244 923 776 9
27.375 8040 237 920 794 9
27.5 8032 230 916 813 9
27.625 8022 221 921 827 9
27.75 8016 211 918 846 9
27.875 8011 203 919 857 10
28 8007 195 908 880 10
28.125 8000 184 902 903 11
28.25 7991 177 901 920 11
28.375 7981 177 895 936 11
28.5 7978 172 891 948 11
28.625 7972 171 878 968 11
28.75 7967 165 863 994 11
28.875 7964 155 859 1011 11
29 7960 149 850 1029 12
29.125 7951 143 846 1048 12
29.25 7949 137 837 1065 12
29.375 7946 130 820 1092 12
29.5 7939 131 810 1108 12
29.625 7938 124 805 1121 12
29.75 7934 123 789 1141 13
29.875 7933 119 780 1155 13
30 7930 114 776 1167 13
30.125 7927 109 771 1180 13
30.25 7926 105 760 1196 13
30.375 7923 101 756 1206 14
30.5 7922 98 739 1227 14
30.625 7922 92 725 1246 15
30.75 7921 87 717 1260 15
30.875 7920 85 714 1266 15
31 7917 83 700 1285 15
31.125 7915 79 691 1300 15
31.25 7915 69 692 1309 15
31.375 7914 66 690 1315 15
31.5 7912 65 677 1331 15
31.625 7912 62 669 1341 16
31.75 7909 59 664 1352 16
31.875 7907 55 655 1367 16
32 7906 54 646 1377 17
32.125 7904 55 635 1388 18
32.25 7903 51 626 1402 18
32.375 7901 51 618 1412 18
32.5 7900 49 605 1428 18
32.625 7900 45 603 1434 18
32.75 7899 43 596 1444 18
32.875 7897 43 592 1450 18
33 7895 41 581 1465 18
33.125 7894 38 574 1475 19
33.25 7892 36 570 1483 19
33.375 7891 33 563 1494 19
33.5 7889 33 544 1515 19
33.625 7888 32 530 1531 19
33.75 7888 30 522 1541 19
33.875 7887 31 511 1552 19
34 7887 30 499 1565 19
34.125 7885 29 488 1579 19
34.25 7884 28 481 1588 19
34.375 7884 24 478 1595 19
34.5 7884 24 463 1608 21
34.625 7884 23 452 1619 22
34.75 7882 24 443 1629 22
34.875 7882 23 437 1636 22
35 7882 18 430 1648 22
35.125 7882 16 429 1651 22
35.25 7881 17 425 1655 22
35.375 7881 17 419 1660 23
35.5 7880 18 412 1667 23
35.625 7880 16 403 1678 23
35.75 7880 14 398 1684 24
35.875 7880 14 392 1690 24
36 7880 13 386 1696 25
36.125 7880 10 378 1706 26
36.25 7880 10 369 1715 26
36.375 7880 9 363 1722 26
36.5 7879 9 356 1730 26
36.625 7878 10 346 1740 26
36.75 7878 9 340 1747 26
36.875 7878 9 335 1752 26
37 7878 9 333 1754 26
37.125 7878 9 323 1764 26
37.25 7877 10 317 1770 26
37.375 7876 11 310 1777 26
37.5 7875 12 303 1784 26
37.625 7874 12 300 1788 26
37.75 7873 12 296 1793 26
37.875 7872 13 289 1800 26
38 7872 13 285 1804 26
38.125 7872 13 279 1810 26
38.25 7872 13 274 1815 26
38.375 7872 12 272 1818 26
38.5 7872 11 269 1822 26
38.625 7872 11 264 1827 26
38.75 7871 11 262 1830 26
38.875 7871 9 256 1838 26
39 7871 8 254 1841 26
39.125 7871 8 249 1846 26
39.25 7870 8 245 1851 26
39.375 7870 8 241 1855 26
39.5 7870 8 232 1864 26
39.625 7870 7 228 1868 27
39.75 7870 6 223 1874 27
39.875 7870 6 219 1878 27
40 7870 6 216 1881 27
40.125 7870 6 211 1886 27
40.25 7870 6 207 1890 27
40.375 7870 5 201 1897 27
40.5 7870 5 193 1905 27
40.625 7870 5 190 1908 27
40.75 7870 5 186 1912 27
40.875 7870 4 178 1920 28
41 7870 3 178 1921 28
41.125 7870 3 174 1925 28
41.25 7870 3 170 1929 28
41.375 7870 3 165 1934 28
41.5 7869 3 163 1937 28
41.625 7868 4 163 1937 28
41.75 7868 4 159 1941 28
41.875 7868 4 158 1942 28
42 7868 4 154 1946 28
42.125 7868 4 152 1948 28
42.25 7868 4 148 1952 28
42.375 7868 4 147 1953 28
42.5 7868 4 143 1957 28
42.625 7868 4 143 1957 28
42.75 7868 3 142 1959 28
42.875 7868 2 140 1962 28
43 7868 2 139 1963 28
43.125 7868 2 135 1967 28
43.25 7868 2 131 1971 28
43.375 7867 3 128 1974 28
43.5 7867 2 128 1975 28
43.625 7867 2 127 1976 28
43.75 7867 2 126 1977 28
43.875 7867 2 125 1978 28
44 7867 2 123 1980 28
44.125 7867 2 122 1981 28
44.25 7867 2 119 1984 28
44.375 7867 2 117 1986 28
44.5 7867 2 115 1988 28
44.625 7867 1 113 1991 28
44.75 7867 1 108 1996 28
44.875 7867 1 107 1997 28
45 7867 1 104 2000 28
45.125 7867 1 100 2004 28
45.25 7867 1 100 2004 28
45.375 7867 1 98 2005 29
45.5 7866 2 97 2006 29
45.625 7866 2 95 2008 29
45.75 7866 1 94 2010 29
45.875 7865 2 90 2014 29
46 7865 0 92 2014 29
46.125 7865 0 91 2015 29
46.25 7865 0 87 2019 29
46.375 7865 0 85 2021 29
46.5 7865 0 83 2023 29
46.625 7865 0 82 2024 29
46.75 7865 0 82 2024 29
46.875 7865 0 80 2026 29
47 7865 0 79 2027 29
47.125 7865 0 75 2031 29
47.25 7865 0 74 2032 29
47.375 7865 0 73 2033 29
47.5 7865 0 71 2035 29
47.625 7865 0 70 2036 29
47.75 7865 0 68 2038 29
47.875 7864 1 66 2040 29
48 7864 1 64 2042 29
48.125 7864 1 59 2047 29
48.25 7864 1 57 2049 29
48.375 7863 2 57 2049 29
48.5 7863 2 56 2050 29
48.625 7863 2 55 2051 29
48.75 7863 2 54 2052 29
48.875 7863 1 55 2052 29
49 7863 1 55 2052 29
49.125 7863 1 53 2054 29
49.25 7863 1 51 2056 29
49.375 7863 1 51 2056 29
49.5 7863 1 51 2056 29
49.625 7863 1 50 2057 29
49.75 7862 2 48 2059 29
49.875 7862 2 48 2059 29
50 7862 1 47 2060 30
50.125 7862 1 47 2060 30
50.25 7862 1 46 2061 30
50.375 7862 1 44 2063 30
50.5 7862 1 44 2063 30
50.625 7862 1 44 2063 30
50.75 7862 1 41 2066 30
50.875 7862 1 38 2069 30
51 7862 1 37 2070 30
51.125 7862 1 36 2071 30
51.25 7862 0 37 2071 30
51.375 7862 0 37 2071 30
51.5 7862 0 36 2072 30
51.625 7862 0 36 2072 30
51.75 7862 0 36 2072 30
51.875 7862 0 35 2073 30
52 7862 0 34 2074 30
52.125 7862 0 33 2075 30
52.25 7862 0 33 2075 30
52.375 7862 0 32 2076 30
52.5 7862 0 30 2078 30
52.625 7862 0 29 2079 30
52.75 7862 0 28 2080 30
52.875 7862 0 28 2080 30
53 7862 0 27 2081 30
53.125 7862 0 26 2082 30
53.25 7862 0 26 2082 30
53.375 7862 0 26 2082 30
53.5 7862 0 25 2083 30
53.625 7862 0 24 2084 30
53.75 7862 0 23 2085 30
53.875 7862 0 23 2085 30
54 7862 0 23 2085 30
54.125 7862 0 23 2085 30
54.25 7862 0 23 2085 30
54.375 7862 0 23 2085 30
54.5 7862 0 21 2087 30
54.625 7862 0 21 2087 30
54.75 7862 0 21 2087 30
54.875 7862 0 21 2087 30
55 7862 0 21 2087 30
55.125 7862 0 21 2087 30
55.25 7862 0 21 2087 30
55.375 7862 0 21 2087 30
55.5 7862 0 21 2087 30
55.625 7862 0 21 2087 30
55.75 7862 0 21 2087 30
55.875 7862 0 19 2089 30
56 7862 0 19 2089 30
56.125 7862 0 19 2089 30
56.25 7862 0 19 2089 30
56.375 7862 0 19 2089 30
56.5 7862 0 18 2090 30
56.625 7862 0 17 2091 30
56.75 7862 0 17 2091 30
56.875 7862 0 17 2091 30
57 7862 0 17 2091 30
57.125 7862 0 16 2092 30
57.25 7862 0 16 2092 30
57.375 7862 0 15 2093 30
57.5 7862 0 15 2093 30
57.625 7862 0 14 2094 30
57.75 7862 0 13 2095 30
57.875 7862 0 13 2095 30
58 7862 0 13 2095 30
58.125 7862 0 13 2095 30
58.25 7862 0 12 2096 30
58.375 7862 0 10 2098 30
58.5 7862 0 10 2098 30
58.625 7862 0 10 2098 30
58.75 7862 0 10 2098 30
58.875 7862 0 10 2098 30
59 7862 0 10 2098 30
59.125 7862 0 9 2099 30
59.25 7862 0 9 2099 30
59.375 7862 0 9 2099 30
59.5 7862 0 9 2099 30
59.625 7862 0 9 2099 30
59.75 7862 0 9 2099 30
59.875 7862 0 9 2099 30
60 7862 0 9 2099 30
60.125 7862 0 9 2099 30
60.25 7862 0 8 2100 30
60.375 7862 0 8 2100 30
60.5 7862 0 8 2100 30
60.625 7862 0 8 2100 30
60.75 7862 0 8 2100 30
60.875 7862 0 8 2100 30
61 7862 0 8 2100 30
61.125 7862 0 8 2100 30
61.25 7862 0 8 2100 30
61.375 7862 0 8 2100 30
61.5 7862 0 7 2101 30
61.625 7862 0 7 2101 30
61.75 7862 0 7 2101 30
61.875 7862 0 7 2101 30
62 7862 0 6 2102 30
62.125 7862 0 6 2102 30
62.25 7862 0 6 2102 30
62.375 7862 0 6 2102 30
62.5 7862 0 6 2102 30
62.625 7862 0 6 2102 30
62.75 7862 0 6 2102 30
62.875 7862 0 5 2103 30
63 7862 0 5 2103 30
63.125 7862 0 5 2103 30
63.25 7862 0 5 2103 30
63.375 7862 0 5 2103 30
63.5 7862 0 5 2103 30
63.625 7862 0 5 2103 30
63.75 7862 0 5 2103 30
63.875 7862 0 5 2103 30
64 7862 0 5 2103 30
64.125 7862 0 5 2103 30
64.25 7862 0 5 2103 30
64.375 7862 0 5 2103 30
64.5 7862 0 5 2103 30
64.625 7862 0 5 2103 30
64.75 7862 0 5 2103 30
64.875 7862 0 4 2104 30
65 7862 0 4 2104 30
65.125 7862 0 4 2104 30
65.25 7862 0 4 2104 30
65.375 7862 0 4 2104 30
65.5 7862 0 4 2104 30
65.625 7862 0 4 2104 30
65.75 7862 0 4 2104 30
65.875 7862 0 4 2104 30
66 7862 0 4 2104 30
66.125 7862 0 4 2104 30
66.25 7862 0 4 2104 30
66.375 7862 0 4 2104 30
66.5 7862 0 4 2104 30
66.625 7862 0 4 2104 30
66.75 7862 0 4 2104 30
66.875 7862 0 4 2104 30
67 7862 0 4 2104 30
67.125 7862 0 4 2104 30
67.25 7862 0 4 2104 30
67.375 7862 0 3 2105 30
67.5 7862 0 3 2105 30
67.625 7862 0 3 2105 30
67.75 7862 0 3 2105 30
67.875 7862 0 3 2105 30
68 7862 0 3 2105 30
68.125 7862 0 3 2105 30
68.25 7862 0 3 2105 30
68.375 7862 0 3 2105 30
68.5 7862 0 3 2105 30
68.625 7862 0 3 2105 30
68.75 7862 0 3 2105 30
68.875 7862 0 3 2105 30
69 7862 0 3 2105 30
69.125 7862 0 3 2105 30
69.25 7862 0 3 2105 30
69.375 7862 0 3 2105 30
69.5 7862 0 3 2105 30
69.625 7862 0 3 2105 30
69.75 7862 0 3 2105 30
69.875 7862 0 3 2105 30
70 7862 0 3 2105 30
70.125 7862 0 3 2105 30
70.25 7862 0 3 2105 30
70.375 7862 0 3 2105 30
70.5 7862 0 3 2105 30
70.625 7862 0 3 2105 30
70.75 7862 0 3 2105 30
70.875 7862 0 3 2105 30
71 7862 0 3 2105 30
71.125 7862 0 3 2105 30
71.25 7862 0 3 2105 30
71.375 7862 0 3 2105 30
71.5 7862 0 3 2105 30
71.625 7862 0 3 2105 30
71.75 7862 0 3 2105 30
71.875 7862 0 3 2105 30
72 7862 0 3 2105 30
72.125 7862 0 3 2105 30
72.25 7862 0 3 2105 30
72.375 7862 0 3 2105 30
72.5 7862 0 3 2105 30
72.625 7862 0 3 2105 30
72.75 7862 0 3 2105 30
72.875 7862 0 3 2105 30
73 7862 0 3 2105 30
73.125 7862 0 3 2105 30
73.25 7862 0 3 2105 30
73.375 7862 0 3 2105 30
73.5 7862 0 3 2105 30
73.625 7862 0 3 2105 30
73.75 7862 0 3 2105 30
73.875 7862 0 3 2105 30
74 7862 0 2 2106 30
74.125 7862 0 2 2106 30
74.25 7862 0 2 2106 30
74.375 7862 0 2 2106 30
74.5 7862 0 2 2106 30
74.625 7862 0 2 2106 30
74.75 7862 0 2 2106 30
74.875 7862 0 2 2106 30
75 7862 0 2 2106 30
75.125 7862 0 2 2106 30
75.25 7862 0 2 2106 30
75.375 7862 0 2 2106 30
75.5 7862 0 2 2106 30
75.625 7862 0 2 2106 30
75.75 7862 0 2 2106 30
75.875 7862 0 2 2106 30
76 7862 0 2 2106 30
76.125 7862 0 2 2106 30
76.25 7862 0 2 2106 30
76.375 7862 0 2 2106 30
76.5 7862 0 2 2106 30
76.625 7862 0 1 2107 30
76.75 7862 0 1 2107 30
76.875 7862 0 1 2107 30
77 7862 0 1 2107 30
77.125 7862 0 1 2107 30
77.25 7862 0 1 2107 30
77.375 7862 0 1 2107 30
77.5 7862 0 1 2107 30
77.625 7862 0 1 2107 30
77.75 7862 0 1 2107 30
77.875 7862 0 1 2107 30
78 7862 0 1 2107 30
78.125 7862 0 1 2107 30
78.25 7862 0 1 2107 30
78.375 7862 0 1 2107 30
78.5 7862 0 1 2107 30
78.625 7862 0 1 2107 30
78.75 7862 0 1 2107 30
78.875 7862 0 1 2107 30
79 7862 0 1 2107 30
79.125 7862 0 1 2107 30
79.25 7862 0 1 2107 30
79.375 7862 0 1 2107 30
79.5 7862 0 1 2107 30
79.625 7862 0 1 2107 30
79.75 7862 0 1 2107 30
79.875 7862 0 1 2107 30
80 7862 0 1 2107 30
80.125 7862 0 1 2107 30
80.25 7862 0 1 2107 30
80.375 7862 0 1 2107 30
80.5 7862 0 0 2108 30
