t S E I R D
0 9998 0 2 0 0
0.125 9998 0 2 0 0
0.25 9997 1 2 0 0
0.375 9997 1 2 0 0
0.5 9997 1 2 0 0
0.625 9997 1 2 0 0
0.75 9996 2 2 0 0
0.875 9996 2 2 0 0
1 9996 2 1 1 0
1.125 9996 2 1 1 0
1.25 9996 2 1 1 0
1.375 9996 1 2 1 0
1.5 9996 1 1 2 0
1.625 9996 1 1 2 0
1.75 9995 2 1 2 0
1.875 9995 2 1 2 0
2 9995 2 1 2 0
2.125 9995 2 1 2 0
2.25 9995 2 1 2 0
2.375 9995 1 2 2 0
2.5 9995 1 2 2 0
2.625 9995 1 2 2 0
2.75 9993 3 2 2 0
2.875 9993 3 2 2 0
3 9993 3 2 2 0
3.125 9993 3 2 2 0
3.25 9991 5 2 2 0
3.375 9991 5 2 2 0
3.5 9991 5 2 2 0
3.625 9991 4 3 2 0
3.75 9991 4 3 2 0
3.875 9991 4 3 2 0
4 9991 3 4 2 0
4.125 9991 2 4 3 0
4.25 9991 2 4 3 0
4.375 9991 2 4 3 0
4.5 9991 2 4 3 0
4.625 9991 2 4 3 0
4.75 9991 2 4 3 0
4.875 9991 1 5 3 0
5 9990 2 5 3 0
5.125 9988 4 5 3 0
5.25 9985 7 5 3 0
5.375 9984 7 6 3 0
5.5 9982 8 7 3 0
5.625 9981 9 7 3 0
5.75 9981 9 7 3 0
5.875 9980 9 8 3 0
6 9978 11 8 3 0
6.125 9977 12 8 3 0
6.25 9976 13 8 3 0
6.375 9975 13 8 4 0
6.5 9975 11 10 4 0
6.625 9972 14 10 4 0
6.75 9970 16 10 4 0
6.875 9967 18 10 5 0
7 9965 20 10 5 0
7.125 9962 21 12 5 0
7.25 9961 20 14 5 0
7.375 9960 20 12 8 0
7.5 9956 23 13 8 0
7.625 9949 30 13 8 0
7.75 9949 30 12 9 0
7.875 9947 30 14 9 0
8 9947 29 15 9 0
8.125 9945 26 20 9 0
8.25 9942 24 24 10 0
8.375 9937 29 24 10 0
8.5 9935 30 24 11 0
8.625 9932 29 28 11 0
8.75 9929 31 29 11 0
8.875 9921 38 30 11 0
9 9915 42 31 12 0
9.125 9912 44 28 16 0
9.25 9905 49 29 17 0
9.375 9902 49 32 17 0
9.5 9892 58 33 17 0
9.625 9882 66 32 20 0
9.75 9867 78 35 20 0
9.875 9860 80 39 21 0
10 9851 84 43 22 0
10.125 9840 91 43 26 0
10.25 9824 102 48 26 0
10.375 9794 127 52 27 0
10.5 9775 137 61 27 0
10.625 9738 167 65 30 0
10.75 9689 204 77 30 0
10.875 9632 247 88 33 0
11 9568 296 102 34 0
11.125 9513 334 116 37 0
11.25 9426 396 139 39 0
11.375 9363 438 159 40 0
11.5 9295 478 187 40 0
11.625 9229 511 215 45 0
11.75 9135 574 243 48 0
11.875 9063 612 276 49 0
12 8982 638 329 51 0
12.125 8894 688 362 56 0
12.25 8795 746 398 61 0
12.375 8706 786 441 67 0
12.5 8610 821 494 75 0
12.625 8498 898 518 86 0
12.75 8381 968 557 94 0
12.875 8285 1001 609 105 0
13 8166 1054 663 117 0
13.125 8047 1117 702 134 0
13.25 7917 1174 759 150 0
13.375 7804 1218 804 174 0
13.5 7689 1259 857 195 0
13.625 7557 1319 912 212 0
13.75 7435 1374 960 231 0
13.875 7321 1404 1024 250 1
14 7310 1341 1079 269 1
14.125 7299 1277 1134 289 1
14.25 7285 1212 1192 310 1
14.375 7265 1148 1247 339 1
14.5 7249 1118 1275 357 1
14.625 7239 1041 1341 378 1
14.75 7220 997 1377 405 1
14.875 7205 966 1399 428 2
15 7196 908 1436 458 2
15.125 7188 869 1457 484 2
15.25 7180 817 1472 529 2
15.375 7168 767 1506 557 2
15.5 7160 732 1513 592 3
15.625 7152 686 1542 617 3
15.75 7146 655 1543 653 3
15.875 7143 616 1549 688 4
16 7140 579 1557 720 4
16.125 7136 541 1568 750 5
16.25 7134 515 1561 785 5
16.375 7129 499 1553 814 5
16.5 7129 464 1557 844 6
16.625 7126 436 1559 873 6
16.75 7121 408 1568 897 6
16.875 7121 389 1555 929 6
17 7120 369 1541 964 6
17.125 7117 351 1522 1004 6
17.25 7116 328 1526 1023 7
17.375 7116 317 1498 1062 7
17.5 7112 298 1487 1095 8
17.625 7108 279 1478 1127 8
17.75 7108 265 1459 1160 8
17.875 7107 241 1461 1183 8
18 7106 221 1451 1212 10
18.125 7104 210 1429 1247 10
18.25 7103 195 1421 1270 11
18.375 7103 189 1404 1293 11
18.5 7102 178 1393 1314 13
18.625 7102 164 1378 1341 15
18.75 7102 158 1358 1367 15
18.875 7102 153 1335 1395 15
19 7102 145 1305 1433 15
19.125 7101 133 1296 1455 15
19.25 7101 124 1275 1485 15
19.375 7101 117 1246 1521 15
19.5 7100 110 1226 1549 15
19.625 7100 103 1206 1576 15
19.75 7099 100 1180 1606 15
19.875 7099 94 1163 1628 16
20 7099 91 1143 1650 17
20.125 7099 87 1125 1672 17
20.25 7099 79 1110 1695 17
20.375 7098 78 1086 1721 17
20.5 7097 71 1069 1746 17
20.625 7097 64 1052 1770 17
20.75 7096 61 1038 1788 17
20.875 7096 59 1024 1804 17
21 7096 52 1013 1822 17
21.125 7096 50 999 1838 17
21.25 7096 49 975 1863 17
21.375 7095 46 956 1886 17
21.5 7095 44 937 1907 17
21.625 7095 42 917 1929 17
21.75 7095 40 905 1943 17
21.875 7094 39 884 1966 17
22 7094 35 867 1987 17
22.125 7093 35 845 2010 17
22.25 7092 35 833 2023 17
22.375 7092 34 822 2035 17
22.5 7092 30 810 2051 17
22.625 7092 29 801 2061 17
22.75 7092 28 783 2080 17
22.875 7092 25 775 2091 17
23 7091 24 759 2108 18
23.125 7090 24 743 2124 19
23.25 7090 22 724 2145 19
23.375 7089 21 706 2165 19
23.5 7089 19 688 2185 19
23.625 7089 19 678 2195 19
23.75 7089 18 668 2206 19
23.875 7088 17 651 2225 19
24 7087 18 636 2240 19
24.125 7086 17 622 2256 19
24.25 7084 18 614 2265 19
24.375 7083 19 597 2281 20
24.5 7083 19 586 2292 20
24.625 7083 18 577 2302 20
24.75 7083 18 563 2316 20
24.875 7083 17 557 2323 20
25 7083 15 545 2337 20
25.125 7082 14 537 2347 20
25.25 7080 14 528 2358 20
25.375 7080 13 517 2370 20
25.5 7080 11 512 2377 20
25.625 7080 11 501 2388 20
25.75 7080 9 496 2395 20
25.875 7080 9 490 2401 20
26 7080 8 480 2412 20
26.125 7080 8 470 2422 20
26.25 7079 9 461 2430 21
26.375 7078 10 449 2442 21
26.5 7078 9 441 2451 21
26.625 7078 9 431 2461 21
26.75 7078 9 417 2474 22
26.875 7078 9 409 2482 22
27 7078 9 400 2491 22
27.125 7078 9 391 2500 22
27.25 7078 7 381 2512 22
27.375 7078 6 370 2524 22
27.5 7078 6 363 2531 22
27.625 7078 6 354 2540 22
27.75 7078 3 351 2546 22
27.875 7078 3 345 2552 22
28 7076 5 335 2562 22
28.125 7075 6 327 2570 22
28.25 7075 6 321 2576 22
28.375 7075 5 314 2584 22
28.5 7075 4 308 2591 22
28.625 7075 4 303 2596 22
28.75 7075 4 295 2604 22
28.875 7075 4 289 2610 22
29 7075 3 286 2614 22
29.125 7075 3 280 2620 22
29.25 7075 3 272 2628 22
29.375 7075 3 267 2633 22
29.5 7075 2 264 2637 22
29.625 7075 2 256 2645 22
29.75 7075 2 255 2646 22
29.875 7075 2 253 2648 22
30 7075 2 245 2656 22
30.125 7075 1 241 2661 22
30.25 7075 1 233 2669 22
30.375 7074 2 229 2673 22
30.5 7074 2 224 2678 22
30.625 7074 2 219 2683 22
30.75 7074 2 216 2686 22
30.875 7074 2 212 2690 22
31 7073 3 207 2695 22
31.125 7073 3 202 2700 22
31.25 7073 3 201 2701 22
31.375 7073 2 198 2705 22
31.5 7073 2 195 2708 22
31.625 7073 2 192 2711 22
31.75 7073 2 189 2714 22
31.875 7073 2 185 2718 22
32 7073 2 182 2721 22
32.125 7073 1 180 2724 22
32.25 7073 1 178 2726 22
32.375 7073 1 176 2728 22
32.5 7073 1 173 2731 22
32.625 7073 1 172 2732 22
32.75 7073 0 169 2736 22
32.875 7073 0 167 2738 22
33 7073 0 163 2742 22
33.125 7073 0 161 2744 22
33.25 7073 0 159 2746 22
33.375 7072 1 153 2752 22
33.5 7072 1 146 2759 22
33.625 7072 1 142 2763 22
33.75 7072 1 138 2767 22
33.875 7072 1 137 2768 22
34 7072 1 132 2773 22
34.125 7072 1 129 2776 22
34.25 7072 1 126 2779 22
34.375 7072 1 124 2781 22
34.5 7072 1 121 2784 22
34.625 7071 2 120 2785 22
34.75 7071 2 118 2787 22
34.875 7071 2 114 2791 22
35 7071 2 109 2796 22
35.125 7071 2 104 2801 22
35.25 7071 2 102 2803 22
35.375 7071 2 99 2806 22
35.5 7071 2 94 2811 22
35.625 7071 2 90 2815 22
35.75 7071 2 90 2815 22
35.875 7071 2 87 2818 22
36 7071 2 85 2820 22
36.125 7071 2 84 2821 22
36.25 7071 2 82 2823 22
36.375 7071 1 83 2823 22
36.5 7071 1 81 2825 22
36.625 7071 1 78 2828 22
36.75 7070 2 76 2830 22
36.875 7070 2 75 2831 22
37 7070 2 74 2832 22
37.125 7070 2 70 2836 22
37.25 7070 2 69 2837 22
37.375 7070 1 70 2837 22
37.5 7070 1 66 2841 22
37.625 7070 1 64 2843 22
37.75 7070 1 63 2844 22
37.875 7070 1 61 2846 22
38 7070 1 60 2847 22
38.125 7070 1 60 2847 22
38.25 7070 1 59 2848 22
38.375 7070 1 57 2850 22
38.5 7070 1 55 2851 23
38.625 7070 1 54 2852 23
38.75 7070 1 54 2852 23
38.875 7070 1 54 2852 23
39 7070 1 52 2854 23
39.125 7070 1 52 2854 23
39.25 7070 1 51 2855 23
39.375 7070 1 48 2858 23
39.5 7070 1 48 2858 23
39.625 7070 1 46 2859 24
39.75 7070 1 44 2861 24
39.875 7070 1 43 2862 24
40 7070 1 40 2865 24
40.125 7070 1 38 2867 24
40.25 7070 1 38 2867 24
40.375 7070 1 37 2868 24
40.5 7070 1 37 2868 24
40.625 7070 1 36 2869 24
40.75 7070 0 37 2869 24
40.875 7070 0 36 2870 24
41 7070 0 36 2870 24
41.125 7070 0 34 2872 24
41.25 7070 0 31 2875 24
41.375 7070 0 29 2877 24
41.5 7070 0 29 2877 24
41.625 7070 0 28 2878 24
41.75 7070 0 27 2879 24
41.875 7070 0 27 2879 24
42 7070 0 26 2880 24
42.125 7070 0 24 2882 24
42.25 7070 0 24 2882 24
42.375 7070 0 23 2883 24
42.5 7070 0 23 2883 24
42.625 7070 0 22 2884 24
42.75 7070 0 19 2887 24
42.875 7070 0 19 2887 24
43 7070 0 19 2887 24
43.125 7070 0 19 2887 24
43.25 7070 0 17 2889 24
43.375 7070 0 16 2890 24
43.5 7070 0 16 2890 24
43.625 7070 0 16 2890 24
43.75 7070 0 16 2890 24
43.875 7070 0 16 2890 24
44 7070 0 16 2890 24
44.125 7070 0 15 2891 24
44.25 7070 0 15 2891 24
44.375 7070 0 15 2891 24
44.5 7070 0 13 2893 24
44.625 7070 0 13 2893 24
44.75 7070 0 13 2893 24
44.875 7070 0 13 2893 24
45 7070 0 13 2893 24
45.125 7070 0 13 2893 24
45.25 7070 0 13 2893 24
45.375 7070 0 12 2894 24
45.5 7070 0 12 2894 24
45.625 7070 0 12 2894 24
45.75 7070 0 12 2894 24
45.875 7070 0 12 2894 24
46 7070 0 12 2894 24
46.125 7070 0 12 2894 24
46.25 7070 0 12 2894 24
46.375 7070 0 12 2894 24
46.5 7070 0 11 2895 24
46.625 7070 0 11 2895 24
46.75 7070 0 11 2895 24
46.875 7070 0 10 2896 24
47 7070 0 10 2896 24
47.125 7070 0 10 2896 24
47.25 7070 0 10 2896 24
47.375 7070 0 10 2896 24
47.5 7070 0 10 2896 24
47.625 7070 0 10 2896 24
47.75 7070 0 10 2896 24
47.875 7070 0 10 2896 24
48 7070 0 10 2896 24
48.125 7070 0 10 2896 24
48.25 7070 0 10 2896 24
48.375 7070 0 10 2896 24
48.5 7070 0 10 2896 24
48.625 7070 0 10 2896 24
48.75 7070 0 10 2896 24
48.875 7070 0 10 2896 24
49 7070 0 9 2897 24
49.125 7070 0 9 2897 24
49.25 7070 0 8 2898 24
49.375 7070 0 7 2899 24
49.5 7070 0 7 2899 24
49.625 7070 0 7 2899 24
49.75 7070 0 7 2899 24
49.875 7070 0 7 2899 24
50 7070 0 7 2899 24
50.125 7070 0 7 2899 24
50.25 7070 0 7 2899 24
50.375 7070 0 7 2899 24
50.5 7070 0 7 2899 24
50.625 7070 0 7 2899 24
50.75 7070 0 7 2899 24
50.875 7070 0 7 2899 24
51 7070 0 7 2899 24
51.125 7070 0 7 2899 24
51.25 7070 0 7 2899 24
51.375 7070 0 7 2899 24
51.5 7070 0 7 2899 24
51.625 7070 0 7 2899 24
51.75 7070 0 7 2899 24
51.875 7070 0 7 2899 24
52 7070 0 7 2899 24
52.125 7070 0 7 2899 24
52.25 7070 0 7 2899 24
52.375 7070 0 7 2899 24
52.5 7070 0 7 2899 24
52.625 7070 0 7 2899 24
52.75 7070 0 6 2900 24
52.875 7070 0 5 2901 24
53 7070 0 5 2901 24
53.125 7070 0 5 2901 24
53.25 7070 0 5 2901 24
53.375 7070 0 5 2901 24
53.5 7070 0 5 2901 24
53.625 7070 0 5 2901 24
53.75 7070 0 5 2901 24
53.875 7070 0 5 2901 24
54 7070 0 5 2901 24
54.125 7070 0 5 2901 24
54.25 7070 0 5 2901 24
54.375 7070 0 5 2901 24
54.5 7070 0 5 2901 24
54.625 7070 0 5 2901 24
54.75 7070 0 5 2901 24
54.875 7070 0 5 2901 24
55 7070 0 5 2901 24
55.125 7070 0 5 2901 24
55.25 7070 0 5 2901 24
55.375 7070 0 5 2901 24
55.5 7070 0 5 2901 24
55.625 7070 0 5 2901 24
55.75 7070 0 5 2901 24
55.875 7070 0 4 2902 24
56 7070 0 4 2902 24
56.125 7070 0 4 2902 24
56.25 7070 0 4 2902 24
56.375 7070 0 4 2902 24
56.5 7070 0 4 2902 24
56.625 7070 0 4 2902 24
56.75 7070 0 4 2902 24
56.875 7070 0 4 2902 24
57 7070 0 4 2902 24
57.125 7070 0 4 2902 24
57.25 7070 0 4 2902 24
57.375 7070 0 4 2902 24
57.5 7070 0 4 2902 24
57.625 7070 0 4 2902 24
57.75 7070 0 4 2902 24
57.875 7070 0 4 2902 24
58 7070 0 4 2902 24
58.125 7070 0 4 2902 24
58.25 7070 0 4 2902 24
58.375 7070 0 3 2903 24
58.5 7070 0 3 2903 24
58.625 7070 0 3 2903 24
58.75 7070 0 3 2903 24
58.875 7070 0 3 2903 24
59 7070 0 3 2903 24
59.125 7070 0 3 2903 24
59.25 7070 0 3 2903 24
59.375 7070 0 3 2903 24
59.5 7070 0 3 2903 24
59.625 7070 0 3 2903 24
59.75 7070 0 3 2903 24
59.875 7070 0 2 2904 24
60 7070 0 1 2905 24
60.125 7070 0 1 2905 24
60.25 7070 0 1 2905 24
60.375 7070 0 1 2905 24
60.5 7070 0 1 2905 24
60.625 7070 0 1 2905 24
60.75 7070 0 1 2905 24
60.875 7070 0 1 2905 24
61 7070 0 1 2905 24
61.125 7070 0 1 2905 24
61.25 7070 0 1 2905 24
61.375 7070 0 1 2905 24
61.5 7070 0 1 2905 24
61.625 7070 0 1 2905 24
61.75 7070 0 1 2905 24
61.875 7070 0 1 2905 24
62 7070 0 1 2905 24
62.125 7070 0 1 2905 24
62.25 7070 0 1 2905 24
62.375 7070 0 1 2905 24
62.5 7070 0 1 2905 24
62.625 7070 0 1 2905 24
62.75 7070 0 1 2905 24
62.875 7070 0 1 2905 24
63 7070 0 1 2905 24
63.125 7070 0 1 2905 24
63.25 7070 0 1 2905 24
63.375 7070 0 1 2905 24
63.5 7070 0 1 2905 24
63.625 7070 0 1 2905 24
63.75 7070 0 1 2905 24
63.875 7070 0 1 2905 24
64 7070 0 1 2905 24
64.125 7070 0 1 2905 24
64.25 7070 0 1 2905 24
64.375 7070 0 1 2905 24
64.5 7070 0 1 2905 24
64.625 7070 0 1 2905 24
64.75 7070 0 1 2905 24
64.875 7070 0 1 2905 24
65 7070 0 1 2905 24
65.125 7070 0 1 2905 24
65.25 7070 0 0 2906 24
