t S E I R D
0 9998 0 2 0 0
0.125 9998 0 2 0 0
0.25 9998 0 2 0 0
0.375 9997 1 2 0 0
0.5 9997 1 2 0 0
0.625 9997 1 2 0 0
0.75 9996 2 2 0 0
0.875 9995 3 2 0 0
1 9994 4 2 0 0
1.125 9993 5 2 0 0
1.25 9993 5 2 0 0
1.375 9993 5 2 0 0
1.5 9993 5 2 0 0
1.625 9993 5 2 0 0
1.75 9993 5 2 0 0
1.875 9992 5 3 0 0
2 9992 5 3 0 0
2.125 9992 5 3 0 0
2.25 9991 6 3 0 0
2.375 9990 6 4 0 0
2.5 9989 6 5 0 0
2.625 9988 5 7 0 0
2.75 9987 6 7 0 0
2.875 9987 6 7 0 0
3 9985 7 8 0 0
3.125 9985 7 8 0 0
3.25 9984 6 10 0 0
3.375 9981 9 10 0 0
3.5 9974 16 10 0 0
3.625 9971 17 11 1 0
3.75 9968 18 13 1 0
3.875 9964 21 12 3 0
4 9960 24 13 3 0
4.125 9957 23 17 3 0
4.25 9954 24 19 3 0
4.375 9951 26 20 3 0
4.5 9950 26 21 3 0
4.625 9945 29 22 4 0
4.75 9943 27 25 5 0
4.875 9941 27 27 5 0
5 9935 32 26 7 0
5.125 9928 35 29 8 0
5.25 9915 44 33 8 0
5.375 9913 43 32 12 0
5.5 9904 50 34 12 0
5.625 9898 52 38 12 0
5.75 9893 54 41 12 0
5.875 9889 55 42 14 0
6 9876 62 48 14 0
6.125 9858 76 51 15 0
6.25 9840 89 54 17 0
6.375 9827 96 58 19 0
6.5 9788 132 58 21 1
6.625 9754 159 65 21 1
6.75 9720 185 72 22 1
6.875 9691 206 77 25 1
7 9669 215 88 27 1
7.125 9640 233 97 29 1
7.25 9608 249 111 31 1
7.375 9572 276 118 33 1
7.5 9537 291 136 35 1
7.625 9497 310 155 37 1
7.75 9460 335 165 39 1
7.875 9434 337 186 42 1
8 9399 356 195 49 1
8.125 9353 379 213 54 1
8.25 9311 396 234 58 1
8.375 9267 414 257 61 1
8.5 9206 450 277 66 1
8.625 9148 482 293 76 1
8.75 9100 503 313 83 1
8.875 9044 524 342 89 1
9 8978 551 374 96 1
9.125 8912 584 397 106 1
9.25 8848 620 417 114 1
9.375 8785 639 444 131 1
9.5 8717 660 473 149 1
9.625 8630 700 507 162 1
9.75 8567 722 539 171 1
9.875 8485 754 582 178 1
10 8417 775 624 183 1
10.125 8335 808 656 200 1
10.25 8248 842 697 212 1
10.375 8188 851 736 224 1
10.5 8109 871 782 236 2
10.625 8029 886 836 247 2
10.75 7933 928 874 263 2
10.875 7838 958 918 283 3
11 7774 942 978 303 3
11.125 7697 971 1005 324 3
11.25 7617 997 1030 352 4
11.375 7517 1046 1058 375 4
11.5 7447 1056 1087 405 5
11.625 7339 1108 1126 422 5
11.75 7285 1099 1169 442 5
11.875 7198 1121 1210 466 5
12 7126 1116 1251 502 5
12.125 7006 1162 1292 535 5
12.25 6921 1195 1322 557 5
12.375 6833 1208 1369 585 5
12.5 6744 1224 1415 612 5
12.625 6672 1209 1472 642 5
12.75 6582 1237 1498 678 5
12.875 6504 1243 1543 705 5
13 6413 1246 1602 734 5
13.125 6302 1286 1637 769 6
13.25 6225 1298 1664 807 6
13.375 6137 1294 1729 833 7
13.5 6046 1302 1776 869 7
13.625 5963 1303 1823 904 7
13.75 5882 1309 1856 946 7
13.875 5807 1302 1908 974 9
14 5726 1318 1942 1005 9
14.125 5652 1307 1988 1044 9
14.25 5582 1300 2022 1087 9
14.375 5502 1305 2058 1126 9
14.5 5433 1284 2108 1166 9
14.625 5361 1275 2143 1212 9
14.75 5290 1263 2191 1247 9
14.875 5209 1262 2218 1300 11
15 5134 1260 2246 1349 11
15.125 5067 1248 2282 1392 11
15.25 5000 1227 2323 1439 11
15.375 4918 1236 2345 1490 11
15.5 4855 1216 2376 1542 11
15.625 4783 1202 2409 1595 11
15.75 4720 1205 2422 1642 11
15.875 4653 1202 2440 1693 12
16 4587 1187 2477 1736 13
16.125 4530 1176 2507 1774 13
16.25 4462 1172 2532 1820 14
16.375 4398 1172 2546 1870 14
16.5 4323 1168 2570 1925 14
16.625 4264 1157 2588 1977 14
16.75 4219 1124 2612 2031 14
16.875 4156 1115 2630 2085 14
17 4102 1100 2643 2141 14
17.125 4053 1078 2658 2196 15
17.25 3988 1078 2661 2256 17
17.375 3944 1067 2666 2306 17
17.5 3891 1058 2670 2363 18
17.625 3836 1052 2683 2410 19
17.75 3796 1024 2706 2454 20
17.875 3749 1006 2726 2499 20
18 3698 996 2739 2545 22
18.125 3649 986 2730 2611 24
18.25 3609 965 2730 2671 25
18.375 3555 963 2730 2727 25
18.5 3515 954 2729 2776 26
18.625 3467 954 2717 2836 26
18.75 3430 922 2741 2880 27
18.875 3390 899 2744 2939 28
19 3347 886 2739 3000 28
19.125 3291 893 2732 3056 28
19.25 3256 877 2723 3115 29
19.375 3220 865 2724 3162 29
19.5 3181 836 2726 3228 29
19.625 3151 804 2742 3274 29
19.75 3111 789 2734 3336 30
19.875 3079 774 2718 3399 30
20 3054 746 2719 3451 30
20.125 3023 740 2706 3500 31
20.25 2995 716 2693 3565 31
20.375 2961 711 2675 3622 31
20.5 2910 712 2657 3690 31
20.625 2882 696 2637 3752 33
20.75 2859 678 2613 3817 33
20.875 2832 666 2605 3864 33
21 2801 654 2580 3930 35
21.125 2770 644 2566 3985 35
21.25 2741 636 2548 4039 36
21.375 2715 619 2545 4085 36
21.5 2688 608 2515 4153 36
21.625 2660 601 2481 4222 36
21.75 2623 598 2476 4267 36
21.875 2603 576 2469 4315 37
22 2576 568 2461 4357 38
22.125 2554 560 2446 4402 38
22.25 2532 547 2435 4448 38
22.375 2512 525 2425 4500 38
22.5 2491 504 2425 4542 38
22.625 2460 508 2393 4601 38
22.75 2440 498 2379 4644 39
22.875 2415 495 2360 4691 39
23 2396 476 2345 4743 40
23.125 2375 462 2323 4797 43
23.25 2352 453 2307 4845 43
23.375 2327 448 2285 4896 44
23.5 2310 440 2271 4935 44
23.625 2294 426 2258 4978 44
23.75 2277 422 2238 5019 44
23.875 2264 417 2214 5061 44
24 2241 416 2197 5101 45
24.125 2224 415 2170 5145 46
24.25 2208 408 2145 5192 47
24.375 2188 401 2130 5233 48
24.5 2167 392 2111 5282 48
24.625 2152 375 2097 5328 48
24.75 2138 369 2073 5371 49
24.875 2121 363 2054 5413 49
25 2103 360 2037 5451 49
25.125 2089 349 2024 5489 49
25.25 2072 342 2004 5533 49
25.375 2057 328 1990 5575 50
25.5 2040 325 1967 5618 50
25.625 2031 305 1957 5656 51
25.75 2019 300 1939 5691 51
25.875 2010 292 1917 5729 52
26 2002 281 1902 5762 53
26.125 1991 276 1883 5796 54
26.25 1981 270 1846 5849 54
26.375 1969 262 1831 5883 55
26.5 1964 245 1810 5926 55
26.625 1953 234 1792 5965 56
26.75 1944 236 1772 5992 56
26.875 1935 233 1740 6036 56
27 1922 229 1714 6077 58
27.125 1919 219 1692 6112 58
27.25 1912 210 1669 6151 58
27.375 1897 210 1650 6184 59
27.5 1885 209 1640 6207 59
27.625 1873 203 1634 6231 59
27.75 1864 199 1613 6265 59
27.875 1851 198 1592 6300 59
28 1838 197 1577 6329 59
28.125 1829 189 1564 6359 59
28.25 1820 188 1541 6390 61
28.375 1809 187 1522 6421 61
28.5 1798 185 1502 6454 61
28.625 1786 184 1482 6487 61
28.75 1780 180 1463 6516 61
28.875 1773 176 1432 6558 61
29 1765 173 1409 6592 61
29.125 1760 163 1395 6620 62
29.25 1744 172 1373 6649 62
29.375 1736 172 1356 6674 62
29.5 1729 167 1346 6696 62
29.625 1722 165 1333 6718 62
29.75 1716 156 1327 6739 62
29.875 1709 155 1310 6761 65
30 1705 151 1297 6781 66
30.125 1693 151 1279 6811 66
30.25 1679 159 1251 6843 68
30.375 1670 155 1230 6876 69
30.5 1666 149 1224 6892 69
30.625 1663 144 1216 6908 69
30.75 1661 141 1196 6933 69
30.875 1657 135 1191 6947 70
31 1652 134 1180 6964 70
31.125 1643 136 1165 6986 70
31.25 1635 138 1143 7013 71
31.375 1627 139 1125 7037 72
31.5 1620 136 1116 7056 72
31.625 1617 127 1109 7075 72
31.75 1612 123 1084 7109 72
31.875 1609 119 1078 7122 72
32 1604 120 1061 7143 72
32.125 1601 116 1043 7166 74
32.25 1594 111 1038 7183 74
32.375 1591 105 1026 7204 74
32.5 1588 102 1013 7223 74
32.625 1582 103 1000 7241 74
32.75 1578 100 983 7265 74
32.875 1576 95 957 7298 74
33 1568 100 940 7318 74
33.125 1565 101 923 7337 74
33.25 1561 100 910 7355 74
33.375 1558 101 891 7376 74
33.5 1553 99 878 7396 74
33.625 1552 98 862 7414 74
33.75 1547 95 861 7423 74
33.875 1542 92 852 7440 74
34 1538 89 839 7458 76
34.125 1536 81 833 7474 76
34.25 1531 85 821 7487 76
34.375 1528 82 813 7501 76
34.5 1527 80 800 7516 77
34.625 1523 81 778 7541 77
34.75 1520 80 774 7549 77
34.875 1516 75 768 7564 77
35 1513 69 761 7580 77
35.125 1511 68 747 7597 77
35.25 1509 67 735 7612 77
35.375 1507 65 730 7621 77
35.5 1505 62 708 7648 77
35.625 1499 62 692 7670 77
35.75 1496 62 674 7691 77
35.875 1495 60 670 7698 77
36 1492 58 659 7714 77
36.125 1490 56 650 7727 77
36.25 1489 53 643 7738 77
36.375 1485 50 640 7748 77
36.5 1483 47 627 7766 77
36.625 1481 45 612 7785 77
36.75 1481 44 603 7795 77
36.875 1473 50 591 7809 77
37 1471 46 585 7821 77
37.125 1469 45 577 7832 77
37.25 1468 44 567 7844 77
37.375 1468 40 557 7858 77
37.5 1467 37 557 7862 77
37.625 1465 34 549 7875 77
37.75 1462 34 534 7893 77
37.875 1459 35 521 7908 77
38 1458 33 516 7916 77
38.125 1454 33 510 7926 77
38.25 1453 30 500 7940 77
38.375 1451 32 486 7954 77
38.5 1451 31 479 7962 77
38.625 1448 34 469 7972 77
38.75 1444 36 465 7978 77
38.875 1441 35 463 7984 77
39 1439 35 460 7989 77
39.125 1438 34 446 8005 77
39.25 1436 34 443 8010 77
39.375 1436 33 430 8024 77
39.5 1435 30 428 8030 77
39.625 1432 31 422 8038 77
39.75 1430 33 415 8045 77
39.875 1428 32 408 8055 77
40 1423 35 402 8063 77
40.125 1420 36 394 8073 77
40.25 1418 37 391 8077 77
40.375 1417 37 386 8083 77
40.5 1416 33 382 8091 78
40.625 1415 32 378 8097 78
40.75 1413 33 366 8110 78
40.875 1412 34 359 8117 78
41 1412 32 352 8126 78
41.125 1411 32 349 8130 78
41.25 1408 33 343 8138 78
41.375 1407 33 336 8146 78
41.5 1407 32 328 8155 78
41.625 1406 32 323 8161 78
41.75 1406 31 319 8166 78
41.875 1406 30 311 8175 78
42 1406 29 310 8177 78
42.125 1404 30 304 8184 78
42.25 1402 29 303 8188 78
42.375 1400 28 298 8196 78
42.5 1399 27 296 8200 78
42.625 1398 26 295 8203 78
42.75 1398 24 293 8207 78
42.875 1397 23 283 8219 78
43 1396 24 276 8226 78
43.125 1396 24 273 8229 78
43.25 1395 23 270 8234 78
43.375 1393 22 266 8241 78
43.5 1393 21 261 8247 78
43.625 1393 19 255 8255 78
43.75 1391 21 250 8260 78
43.875 1391 19 249 8263 78
44 1390 19 246 8267 78
44.125 1390 19 238 8275 78
44.25 1389 19 232 8282 78
44.375 1389 18 230 8285 78
44.5 1389 18 227 8288 78
44.625 1388 17 223 8294 78
44.75 1388 16 218 8300 78
44.875 1388 16 209 8309 78
45 1388 16 205 8312 79
45.125 1387 16 204 8314 79
45.25 1387 15 199 8320 79
45.375 1387 14 197 8323 79
45.5 1386 15 191 8329 79
45.625 1385 15 189 8332 79
45.75 1383 17 187 8334 79
45.875 1383 16 187 8335 79
46 1383 16 185 8337 79
46.125 1383 16 181 8341 79
46.25 1382 16 176 8347 79
46.375 1382 15 174 8350 79
46.5 1382 13 172 8354 79
46.625 1382 10 170 8359 79
46.75 1382 8 169 8362 79
46.875 1382 7 164 8367 80
47 1381 8 161 8370 80
47.125 1380 9 156 8375 80
47.25 1377 12 154 8377 80
47.375 1377 11 151 8381 80
47.5 1377 9 151 8383 80
47.625 1377 9 148 8386 80
47.75 1377 8 145 8390 80
47.875 1377 8 144 8391 80
48 1377 8 140 8395 80
48.125 1377 6 137 8400 80
48.25 1377 6 135 8402 80
48.375 1376 7 133 8404 80
48.5 1375 7 129 8409 80
48.625 1375 6 129 8410 80
48.75 1375 6 125 8414 80
48.875 1375 5 121 8419 80
49 1375 5 118 8422 80
49.125 1374 6 116 8424 80
49.25 1374 6 114 8426 80
49.375 1374 5 114 8427 80
49.5 1374 5 111 8430 80
49.625 1374 4 107 8435 80
49.75 1374 3 107 8436 80
49.875 1374 3 102 8441 80
50 1374 2 102 8442 80
50.125 1374 2 101 8443 80
50.25 1373 2 99 8446 80
50.375 1373 2 98 8447 80
50.5 1373 2 94 8451 80
50.625 1372 3 92 8453 80
50.75 1372 3 91 8454 80
50.875 1372 3 89 8456 80
51 1372 2 89 8457 80
51.125 1372 2 87 8459 80
51.25 1372 2 85 8461 80
51.375 1372 2 82 8463 81
51.5 1372 2 82 8463 81
51.625 1371 3 80 8465 81
51.75 1371 3 80 8465 81
51.875 1371 3 77 8468 81
52 1371 3 75 8470 81
52.125 1371 3 73 8472 81
52.25 1371 3 73 8472 81
52.375 1369 4 73 8473 81
52.5 1369 4 73 8473 81
52.625 1369 4 73 8473 81
52.75 1369 3 71 8476 81
52.875 1369 2 72 8476 81
53 1369 2 70 8478 81
53.125 1369 2 68 8480 81
53.25 1368 3 68 8480 81
53.375 1368 3 66 8482 81
53.5 1368 3 65 8483 81
53.625 1368 3 62 8486 81
53.75 1367 3 60 8489 81
53.875 1367 3 58 8491 81
54 1367 3 57 8492 81
54.125 1367 2 55 8495 81
54.25 1367 2 53 8497 81
54.375 1367 2 51 8499 81
54.5 1367 2 51 8499 81
54.625 1367 2 48 8502 81
54.75 1367 2 48 8502 81
54.875 1367 1 48 8503 81
55 1367 1 48 8503 81
55.125 1367 1 46 8505 81
55.25 1367 1 45 8506 81
55.375 1367 1 42 8509 81
55.5 1367 1 42 8509 81
55.625 1367 1 42 8509 81
55.75 1367 1 42 8509 81
55.875 1367 1 42 8509 81
56 1367 1 42 8509 81
56.125 1367 1 40 8511 81
56.25 1367 1 40 8511 81
56.375 1367 1 40 8511 81
56.5 1367 1 40 8511 81
56.625 1367 1 38 8513 81
56.75 1367 1 37 8514 81
56.875 1367 1 37 8514 81
57 1367 1 36 8515 81
57.125 1367 1 35 8516 81
57.25 1367 1 34 8517 81
57.375 1367 1 33 8518 81
57.5 1367 0 34 8518 81
57.625 1367 0 34 8518 81
57.75 1367 0 34 8518 81
57.875 1367 0 33 8519 81
58 1367 0 32 8520 81
58.125 1367 0 32 8520 81
58.25 1367 0 31 8521 81
58.375 1367 0 31 8521 81
58.5 1367 0 30 8522 81
58.625 1367 0 29 8523 81
58.75 1367 0 29 8523 81
58.875 1366 1 28 8524 81
59 1366 1 27 8525 81
59.125 1366 1 27 8525 81
59.25 1366 1 26 8526 81
59.375 1366 1 26 8526 81
59.5 1366 1 26 8526 81
59.625 1366 1 25 8527 81
59.75 1366 1 25 8527 81
59.875 1366 0 26 8527 81
60 1366 0 24 8529 81
60.125 1366 0 23 8530 81
60.25 1366 0 22 8531 81
60.375 1366 0 22 8531 81
60.5 1366 0 22 8531 81
60.625 1366 0 22 8531 81
60.75 1366 0 22 8531 81
60.875 1366 0 22 8531 81
61 1365 1 22 8531 81
61.125 1365 1 22 8531 81
61.25 1365 1 22 8531 81
61.375 1365 1 22 8531 81
61.5 1365 1 22 8531 81
61.625 1365 1 21 8532 81
61.75 1365 1 21 8532 81
61.875 1365 1 21 8532 81
62 1365 1 21 8532 81
62.125 1365 1 20 8533 81
62.25 1365 1 20 8533 81
62.375 1365 1 20 8533 81
62.5 1365 1 20 8533 81
62.625 1365 1 19 8534 81
62.75 1365 1 18 8535 81
62.875 1365 1 17 8536 81
63 1365 1 17 8536 81
63.125 1365 0 17 8537 81
63.25 1365 0 16 8538 81
63.375 1365 0 16 8538 81
63.5 1365 0 16 8538 81
63.625 1364 1 16 8538 81
63.75 1364 1 16 8538 81
63.875 1364 1 16 8538 81
64 1364 1 14 8540 81
64.125 1364 1 14 8540 81
64.25 1364 1 14 8540 81
64.375 1364 1 13 8541 81
64.5 1364 1 12 8542 81
64.625 1364 1 12 8542 81
64.75 1364 1 12 8542 81
64.875 1364 1 12 8542 81
65 1364 1 12 8542 81
65.125 1364 1 12 8542 81
65.25 1364 1 12 8542 81
65.375 1364 1 12 8542 81
65.5 1364 1 12 8542 81
65.625 1364 1 11 8543 81
65.75 1364 1 11 8543 81
65.875 1364 1 11 8543 81
66 1364 1 11 8543 81
66.125 1364 1 10 8544 81
66.25 1364 1 10 8544 81
66.375 1364 1 10 8544 81
66.5 1364 0 10 8545 81
66.625 1364 0 9 8546 81
66.75 1364 0 9 8546 81
66.875 1364 0 9 8546 81
67 1364 0 9 8546 81
67.125 1364 0 9 8546 81
67.25 1364 0 9 8546 81
67.375 1364 0 9 8546 81
67.5 1364 0 9 8546 81
67.625 1364 0 9 8546 81
67.75 1364 0 9 8546 81
67.875 1364 0 9 8546 81
68 1364 0 8 8547 81
68.125 1364 0 8 8547 81
68.25 1364 0 8 8547 81
68.375 1364 0 8 8547 81
68.5 1364 0 8 8547 81
68.625 1364 0 8 8547 81
68.75 1363 1 8 8547 81
68.875 1363 1 8 8547 81
69 1363 1 7 8548 81
69.125 1362 2 7 8548 81
69.25 1362 2 7 8548 81
69.375 1362 2 7 8548 81
69.5 1362 2 6 8549 81
69.625 1362 0 8 8549 81
69.75 1362 0 7 8549 82
69.875 1362 0 7 8549 82
70 1362 0 7 8549 82
70.125 1362 0 7 8549 82
70.25 1362 0 7 8549 82
70.375 1362 0 7 8549 82
70.5 1362 0 7 8549 82
70.625 1362 0 7 8549 82
70.75 1362 0 7 8549 82
70.875 1362 0 7 8549 82
71 1362 0 7 8549 82
71.125 1362 0 7 8549 82
71.25 1362 0 7 8549 82
71.375 1362 0 7 8549 82
71.5 1362 0 7 8549 82
71.625 1362 0 7 8549 82
71.75 1362 0 7 8549 82
71.875 1362 0 7 8549 82
72 1362 0 7 8549 82
72.125 1362 0 7 8549 82
72.25 1362 0 7 8549 82
72.375 1362 0 7 8549 82
72.5 1362 0 6 8550 82
72.625 1362 0 6 8550 82
72.75 1362 0 6 8550 82
72.875 1362 0 6 8550 82
73 1362 0 6 8550 82
73.125 1362 0 6 8550 82
73.25 1362 0 6 8550 82
73.375 1362 0 6 8550 82
73.5 1362 0 6 8550 82
73.625 1362 0 6 8550 82
73.75 1362 0 6 8550 82
73.875 1362 0 6 8550 82
74 1362 0 6 8550 82
74.125 1362 0 6 8550 82
74.25 1362 0 6 8550 82
74.375 1362 0 6 8550 82
74.5 1362 0 6 8550 82
74.625 1362 0 6 8550 82
74.75 1362 0 6 8550 82
74.875 1362 0 6 8550 82
75 1362 0 6 8550 82
75.125 1362 0 6 8550 82
75.25 1362 0 6 8550 82
75.375 1362 0 5 8551 82
75.5 1362 0 5 8551 82
75.625 1362 0 3 8553 82
75.75 1362 0 3 8553 82
75.875 1362 0 3 8553 82
76 1362 0 3 8553 82
76.125 1362 0 3 8553 82
76.25 1362 0 3 8553 82
76.375 1362 0 3 8553 82
76.5 1362 0 3 8553 82
76.625 1362 0 3 8553 82
76.75 1362 0 3 8553 82
76.875 1362 0 3 8553 82
77 1362 0 3 8553 82
77.125 1361 1 2 8554 82
77.25 1361 1 2 8554 82
77.375 1361 1 2 8554 82
77.5 1361 1 2 8554 82
77.625 1361 1 2 8554 82
77.75 1361 1 2 8554 82
77.875 1361 1 2 8554 82
78 1361 1 2 8554 82
78.125 1361 0 3 8554 82
78.25 1361 0 3 8554 82
78.375 1361 0 3 8554 82
78.5 1361 0 3 8554 82
78.625 1361 0 3 8554 82
78.75 1361 0 3 8554 82
78.875 1361 0 3 8554 82
79 1361 0 3 8554 82
79.125 1361 0 3 8554 82
79.25 1361 0 3 8554 82
79.375 1361 0 3 8554 82
79.5 1361 0 3 8554 82
79.625 1361 0 2 8555 82
79.75 1361 0 2 8555 82
79.875 1361 0 2 8555 82
80 1361 0 2 8555 82
80.125 1361 0 2 8555 82
80.25 1361 0 1 8556 82
80.375 1361 0 1 8556 82
80.5 1361 0 1 8556 82
80.625 1361 0 1 8556 82
80.75 1361 0 1 8556 82
80.875 1361 0 1 8556 82
81 1361 0 1 8556 82
81.125 1361 0 1 8556 82
81.25 1361 0 1 8556 82
81.375 1361 0 1 8556 82
81.5 1361 0 1 8556 82
81.625 1361 0 1 8556 82
81.75 1361 0 1 8556 82
81.875 1361 0 1 8556 82
82 1361 0 1 8556 82
82.125 1361 0 1 8556 82
82.25 1361 0 1 8556 82
82.375 1361 0 1 8556 82
82.5 1361 0 1 8556 82
82.625 1361 0 1 8556 82
82.75 1361 0 1 8556 82
82.875 1361 0 1 8556 82
83 1361 0 1 8556 82
83.125 1361 0 1 8556 82
83.25 1361 0 1 8556 82
83.375 1361 0 1 8556 82
83.5 1361 0 1 8556 82
83.625 1361 0 1 8556 82
83.75 1361 0 1 8556 82
83.875 1361 0 1 8556 82
84 1361 0 0 8557 82
