t S E I R D
0 9999 0 1 0 0
0.125 9999 0 1 0 0
0.25 9998 1 1 0 0
0.375 9998 1 1 0 0
0.5 9998 1 1 0 0
0.625 9998 1 1 0 0
0.75 9998 1 1 0 0
0.875 9998 1 1 0 0
1 9998 1 1 0 0
1.125 9998 1 1 0 0
1.25 9998 1 1 0 0
1.375 9998 1 1 0 0
1.5 9998 1 1 0 0
1.625 9998 1 1 0 0
1.75 9998 1 1 0 0
1.875 9998 1 1 0 0
2 9998 1 1 0 0
2.125 9998 1 1 0 0
2.25 9998 0 2 0 0
2.375 9998 0 2 0 0
2.5 9998 0 2 0 0
2.625 9998 0 2 0 0
2.75 9998 0 2 0 0
2.875 9997 1 2 0 0
3 9997 1 2 0 0
3.125 9997 0 3 0 0
3.25 9996 1 3 0 0
3.375 9996 1 3 0 0
3.5 9995 2 3 0 0
3.625 9994 3 3 0 0
3.75 9994 3 3 0 0
3.875 9994 3 3 0 0
4 9994 3 3 0 0
4.125 9993 4 3 0 0
4.25 9992 5 2 1 0
4.375 9992 5 2 1 0
4.5 9992 5 2 1 0
4.625 9992 5 2 1 0
4.75 9992 5 2 1 0
4.875 9991 6 2 1 0
5 9991 6 2 1 0
5.125 9991 6 2 1 0
5.25 9991 6 2 1 0
5.375 9990 6 3 1 0
5.5 9989 6 4 1 0
5.625 9988 6 4 2 0
5.75 9988 5 5 2 0
5.875 9987 6 5 2 0
6 9986 6 6 2 0
6.125 9984 8 6 2 0
6.25 9984 7 7 2 0
6.375 9976 15 7 2 0
6.5 9972 18 8 2 0
6.625 9969 21 7 3 0
6.75 9967 23 7 3 0
6.875 9964 24 8 4 0
7 9962 25 9 4 0
7.125 9958 25 13 4 0
7.25 9956 25 13 6 0
7.375 9951 28 15 6 0
7.5 9948 29 17 6 0
7.625 9942 33 19 6 0
7.75 9936 37 21 6 0
7.875 9926 45 23 6 0
8 9914 55 24 7 0
8.125 9906 61 26 7 0
8.25 9894 67 32 7 0
8.375 9886 69 37 8 0
8.5 9871 79 40 10 0
8.625 9858 84 47 11 0
8.75 9847 86 54 13 0
8.875 9832 99 56 13 0
9 9823 104 60 13 0
9.125 9813 107 67 13 0
9.25 9800 114 72 14 0
9.375 9787 121 77 15 0
9.5 9774 130 80 16 0
9.625 9760 129 94 17 0
9.75 9742 136 104 18 0
9.875 9732 139 108 21 0
10 9720 144 115 21 0
10.125 9708 152 115 25 0
10.25 9693 158 120 29 0
10.375 9681 161 127 31 0
10.5 9671 163 134 32 0
10.625 9657 166 142 35 0
10.75 9637 175 147 41 0
10.875 9615 182 158 45 0
11 9594 190 168 48 0
11.125 9576 198 177 49 0
11.25 9555 203 191 51 0
11.375 9530 215 200 55 0
11.5 9506 222 211 61 0
11.625 9478 240 215 67 0
11.75 9445 254 227 74 0
11.875 9408 281 230 81 0
12 9379 293 242 86 0
12.125 9355 306 246 92 1
12.25 9322 319 263 95 1
12.375 9295 322 284 98 1
12.5 9262 336 295 106 1
12.625 9228 341 317 113 1
12.75 9192 353 339 115 1
12.875 9161 358 360 120 1
13 9125 370 376 128 1
13.125 9091 383 387 138 1
13.25 9067 386 402 144 1
13.375 9042 384 422 151 1
13.5 9012 388 438 161 1
13.625 8977 398 456 168 1
13.75 8952 396 476 175 1
13.875 8929 400 488 182 1
14 8897 401 512 189 1
14.125 8866 407 528 198 1
14.25 8826 419 550 204 1
14.375 8790 425 570 214 1
14.5 8762 424 585 228 1
14.625 8732 434 594 239 1
14.75 8686 447 614 252 1
14.875 8660 444 626 269 1
15 8621 458 639 281 1
15.125 8582 463 657 297 1
15.25 8549 468 669 313 1
15.375 8509 483 677 330 1
15.5 8478 480 699 342 1
15.625 8430 511 708 350 1
15.75 8383 528 725 363 1
15.875 8351 529 735 384 1
16 8321 523 761 394 1
16.125 8272 532 786 409 1
16.25 8244 534 798 423 1
16.375 8204 541 813 441 1
16.5 8174 536 828 461 1
16.625 8121 555 845 478 1
16.75 8078 564 860 497 1
16.875 8036 575 876 512 1
17 7998 566 902 533 1
17.125 7952 579 918 549 2
17.25 7906 590 939 563 2
17.375 7861 605 954 578 2
17.5 7815 604 978 601 2
17.625 7774 604 995 625 2
17.75 7727 608 1012 651 2
17.875 7687 611 1017 683 2
18 7640 613 1045 699 3
18.125 7594 625 1054 724 3
18.25 7551 622 1076 748 3
18.375 7518 626 1084 769 3
18.5 7472 629 1111 785 3
18.625 7430 630 1128 808 4
18.75 7374 653 1136 833 4
18.875 7329 651 1160 855 5
19 7291 651 1163 887 8
19.125 7256 654 1178 904 8
19.25 7221 647 1192 931 9
19.375 7173 648 1216 954 9
19.5 7132 643 1236 980 9
19.625 7097 642 1242 1009 10
19.75 7064 628 1265 1033 10
19.875 7015 635 1278 1062 10
20 6982 631 1285 1092 10
20.125 6945 619 1312 1114 10
20.25 6916 608 1321 1145 10
20.375 6877 614 1332 1167 10
20.5 6826 633 1334 1197 10
20.625 6787 635 1343 1224 11
20.75 6748 613 1382 1246 11
20.875 6707 624 1390 1268 11
21 6653 644 1395 1297 11
21.125 6612 643 1408 1326 11
21.25 6567 646 1421 1355 11
21.375 6528 644 1433 1384 11
21.5 6493 631 1448 1417 11
21.625 6451 632 1455 1451 11
21.75 6411 636 1463 1478 12
21.875 6376 637 1465 1510 12
22 6335 635 1476 1542 12
22.125 6299 619 1506 1564 12
22.25 6258 616 1524 1590 12
22.375 6221 620 1526 1620 13
22.5 6183 601 1552 1650 14
22.625 6147 592 1558 1689 14
22.75 6118 596 1552 1720 14
22.875 6087 594 1554 1751 14
23 6049 587 1567 1783 14
23.125 6021 575 1572 1818 14
23.25 5986 577 1570 1853 14
23.375 5956 577 1578 1875 14
23.5 5926 569 1580 1911 14
23.625 5910 556 1573 1947 14
23.75 5874 553 1574 1984 15
23.875 5835 553 1583 2014 15
24 5802 552 1591 2040 15
24.125 5761 562 1588 2074 15
24.25 5726 573 1569 2117 15
24.375 5701 564 1574 2146 15
24.5 5673 561 1575 2176 15
24.625 5646 556 1577 2206 15
24.75 5601 566 1572 2246 15
24.875 5568 560 1572 2285 15
25 5543 548 1579 2315 15
25.125 5517 536 1591 2341 15
25.25 5495 525 1585 2379 16
25.375 5456 522 1597 2409 16
25.5 5424 523 1602 2434 17
25.625 5396 513 1606 2468 17
25.75 5358 521 1599 2505 17
25.875 5332 512 1599 2539 18
26 5315 496 1604 2567 18
26.125 5292 496 1593 2601 18
26.25 5269 487 1588 2638 18
26.375 5235 490 1588 2667 20
26.5 5214 482 1582 2702 20
26.625 5190 470 1592 2728 20
26.75 5161 472 1580 2766 21
26.875 5141 461 1578 2799 21
27 5116 458 1575 2829 22
27.125 5100 447 1571 2860 22
27.25 5077 441 1568 2892 22
27.375 5056 437 1571 2914 22
27.5 5030 436 1567 2944 23
27.625 5005 430 1573 2969 23
27.75 4980 416 1581 2999 24
27.875 4956 422 1566 3032 24
28 4933 415 1565 3062 25
28.125 4916 410 1553 3096 25
28.25 4900 398 1537 3139 26
28.375 4883 382 1538 3171 26
28.5 4857 385 1533 3199 26
28.625 4835 384 1544 3211 26
28.75 4809 386 1534 3245 26
28.875 4788 379 1533 3274 26
29 4758 385 1525 3306 26
29.125 4735 379 1535 3325 26
29.25 4715 380 1517 3361 27
29.375 4694 378 1504 3397 27
29.5 4667 383 1492 3431 27
29.625 4644 377 1491 3461 27
29.75 4628 365 1482 3498 27
29.875 4609 358 1475 3530 28
30 4588 351 1471 3562 28
30.125 4567 345 1470 3590 28
30.25 4554 342 1459 3617 28
30.375 4541 329 1464 3638 28
30.5 4525 323 1463 3661 28
30.625 4509 320 1448 3695 28
30.75 4496 314 1436 3726 28
30.875 4483 302 1430 3757 28
31 4472 296 1415 3789 28
31.125 4464 284 1405 3818 29
31.25 4449 277 1389 3856 29
31.375 4437 271 1372 3891 29
31.5 4416 272 1367 3916 29
31.625 4401 270 1346 3954 29
31.75 4390 265 1335 3980 30
31.875 4366 275 1323 4006 30
32 4351 274 1318 4026 31
32.125 4333 270 1320 4045 32
32.25 4319 269 1312 4068 32
32.375 4306 259 1300 4102 33
32.5 4286 266 1280 4135 33
32.625 4276 266 1266 4159 33
32.75 4260 268 1262 4177 33
32.875 4250 263 1240 4214 33
33 4236 263 1228 4240 33
33.125 4221 266 1209 4271 33
33.25 4209 264 1196 4298 33
33.375 4196 267 1185 4319 33
33.5 4189 255 1176 4347 33
33.625 4180 250 1171 4366 33
33.75 4164 251 1163 4389 33
33.875 4151 251 1147 4418 33
34 4142 246 1133 4445 34
34.125 4126 244 1128 4468 34
34.25 4117 236 1121 4492 34
34.375 4107 230 1102 4526 35
34.5 4099 226 1094 4546 35
34.625 4091 218 1082 4574 35
34.75 4082 218 1068 4597 35
34.875 4075 210 1059 4621 35
35 4070 199 1054 4642 35
35.125 4068 183 1053 4661 35
35.25 4058 189 1040 4678 35
35.375 4048 185 1034 4696 37
35.5 4037 181 1024 4721 37
35.625 4030 178 1021 4734 37
35.75 4024 174 1009 4756 37
35.875 4015 176 995 4777 37
36 4007 173 979 4803 38
36.125 4001 169 962 4830 38
36.25 3994 166 957 4845 38
36.375 3987 170 946 4859 38
36.5 3979 167 931 4885 38
36.625 3973 164 918 4906 39
36.75 3960 169 906 4926 39
36.875 3955 166 898 4942 39
37 3948 167 886 4959 40
37.125 3937 166 888 4969 40
37.25 3931 166 880 4983 40
37.375 3924 161 872 5002 41
37.5 3917 155 871 5016 41
37.625 3904 157 860 5038 41
37.75 3892 159 862 5046 41
37.875 3888 151 848 5072 41
38 3884 148 833 5094 41
38.125 3879 143 826 5110 42
38.25 3871 144 809 5134 42
38.375 3862 142 802 5152 42
38.5 3854 139 796 5169 42
38.625 3848 134 791 5185 42
38.75 3845 127 783 5203 42
38.875 3837 124 776 5221 42
39 3830 119 774 5235 42
39.125 3823 120 759 5256 42
39.25 3818 117 756 5266 43
39.375 3813 113 745 5285 44
39.5 3811 107 740 5298 44
39.625 3806 106 731 5313 44
39.75 3802 106 719 5329 44
39.875 3797 106 709 5344 44
40 3794 99 707 5355 45
40.125 3785 101 693 5376 45
40.25 3781 99 689 5386 45
40.375 3779 94 679 5403 45
40.5 3773 95 666 5421 45
40.625 3769 97 651 5438 45
40.75 3765 99 640 5451 45
40.875 3761 93 641 5460 45
41 3756 96 630 5473 45
41.125 3751 93 627 5484 45
41.25 3749 91 621 5494 45
41.375 3745 91 613 5506 45
41.5 3740 93 598 5524 45
41.625 3737 86 602 5530 45
41.75 3732 87 588 5548 45
41.875 3727 89 578 5560 46
42 3723 86 571 5574 46
42.125 3719 86 553 5596 46
42.25 3715 82 547 5610 46
42.375 3714 79 537 5624 46
42.5 3710 76 526 5642 46
42.625 3704 78 518 5654 46
42.75 3697 79 514 5664 46
42.875 3690 83 505 5676 46
43 3684 82 501 5687 46
43.125 3680 79 500 5695 46
43.25 3675 77 496 5706 46
43.375 3672 74 492 5716 46
43.5 3668 72 483 5731 46
43.625 3664 75 470 5745 46
43.75 3661 72 462 5758 47
43.875 3659 69 458 5766 48
44 3656 64 458 5774 48
44.125 3655 58 451 5788 48
44.25 3652 56 446 5798 48
44.375 3651 52 439 5810 48
44.5 3648 51 432 5821 48
44.625 3642 55 427 5828 48
44.75 3637 57 422 5836 48
44.875 3633 58 414 5847 48
45 3630 56 408 5858 48
45.125 3627 57 398 5870 48
45.25 3626 55 390 5881 48
45.375 3624 54 387 5887 48
45.5 3621 54 384 5893 48
45.625 3614 59 374 5905 48
45.75 3613 57 373 5908 49
45.875 3612 53 373 5913 49
46 3610 52 365 5924 49
46.125 3609 49 362 5931 49
46.25 3606 50 358 5937 49
46.375 3601 52 355 5943 49
46.5 3597 50 351 5953 49
46.625 3593 54 345 5959 49
46.75 3592 53 337 5969 49
46.875 3591 52 336 5972 49
47 3587 54 333 5977 49
47.125 3587 50 328 5986 49
47.25 3585 49 327 5990 49
47.375 3583 49 325 5994 49
47.5 3581 46 325 5999 49
47.625 3578 47 315 6010 50
47.75 3577 43 313 6017 50
47.875 3577 37 309 6027 50
48 3574 36 309 6031 50
48.125 3572 35 306 6037 50
48.25 3570 36 299 6045 50
48.375 3570 35 295 6050 50
48.5 3570 34 285 6061 50
48.625 3568 36 282 6064 50
48.75 3568 34 278 6070 50
48.875 3567 34 274 6075 50
49 3565 34 272 6079 50
49.125 3565 33 271 6081 50
49.25 3564 34 268 6084 50
49.375 3563 31 270 6086 50
49.5 3560 34 262 6094 50
49.625 3555 37 256 6102 50
49.75 3553 36 254 6107 50
49.875 3550 35 254 6111 50
50 3549 33 257 6111 50
50.125 3549 30 258 6113 50
50.25 3545 33 254 6118 50
50.375 3545 30 255 6120 50
50.5 3545 28 253 6124 50
50.625 3544 28 249 6129 50
50.75 3542 28 249 6131 50
50.875 3538 29 249 6134 50
51 3537 29 242 6141 51
51.125 3535 27 243 6144 51
51.25 3534 27 241 6147 51
51.375 3534 25 240 6150 51
51.5 3533 22 238 6156 51
51.625 3533 22 235 6159 51
51.75 3530 23 233 6163 51
51.875 3529 24 228 6168 51
52 3526 27 223 6173 51
52.125 3524 27 219 6179 51
52.25 3523 26 215 6185 51
52.375 3521 21 219 6188 51
52.5 3521 21 213 6194 51
52.625 3519 23 208 6199 51
52.75 3516 25 208 6200 51
52.875 3516 22 209 6202 51
53 3515 22 202 6210 51
53.125 3515 22 199 6213 51
53.25 3514 21 196 6218 51
53.375 3512 22 191 6224 51
53.5 3511 21 187 6230 51
53.625 3510 20 187 6232 51
53.75 3510 19 185 6235 51
53.875 3510 17 184 6238 51
54 3509 17 181 6242 51
54.125 3508 16 179 6246 51
54.25 3507 17 178 6247 51
54.375 3505 16 175 6252 52
54.5 3503 18 174 6253 52
54.625 3498 21 173 6256 52
54.75 3496 21 172 6259 52
54.875 3496 20 168 6264 52
55 3495 18 167 6268 52
55.125 3495 17 166 6270 52
55.25 3493 19 164 6272 52
55.375 3493 17 160 6278 52
55.5 3492 17 154 6285 52
55.625 3489 20 148 6291 52
55.75 3489 18 145 6296 52
55.875 3488 18 145 6297 52
56 3487 19 144 6298 52
56.125 3487 18 142 6301 52
56.25 3486 18 142 6302 52
56.375 3484 20 142 6302 52
56.5 3484 18 144 6302 52
56.625 3484 18 142 6304 52
56.75 3484 15 144 6305 52
56.875 3484 15 141 6308 52
57 3483 15 141 6309 52
57.125 3480 16 142 6310 52
57.25 3479 17 140 6312 52
57.375 3478 17 140 6313 52
57.5 3478 14 141 6315 52
57.625 3478 13 137 6320 52
57.75 3477 14 133 6324 52
57.875 3476 15 131 6326 52
58 3475 13 134 6326 52
58.125 3474 13 132 6329 52
58.25 3473 13 128 6334 52
58.375 3473 13 128 6334 52
58.5 3471 14 129 6334 52
58.625 3471 13 128 6336 52
58.75 3471 12 127 6338 52
58.875 3471 12 125 6340 52
59 3469 14 122 6343 52
59.125 3469 14 121 6344 52
59.25 3468 15 120 6345 52
59.375 3468 14 118 6348 52
59.5 3466 15 118 6349 52
59.625 3465 15 117 6351 52
59.75 3465 15 116 6352 52
59.875 3463 16 115 6354 52
60 3462 16 113 6357 52
60.125 3461 16 112 6359 52
60.25 3458 19 108 6363 52
60.375 3457 19 106 6366 52
60.5 3456 17 107 6368 52
60.625 3456 16 108 6368 52
60.75 3455 16 106 6371 52
60.875 3455 16 104 6373 52
61 3454 15 105 6374 52
61.125 3452 17 102 6377 52
61.25 3452 15 101 6380 52
61.375 3450 15 102 6381 52
61.5 3448 17 101 6382 52
61.625 3448 17 99 6384 52
61.75 3446 19 99 6384 52
61.875 3445 20 95 6388 52
62 3445 18 93 6392 52
62.125 3445 15 95 6393 52
62.25 3443 17 93 6395 52
62.375 3442 18 91 6397 52
62.5 3442 17 91 6398 52
62.625 3441 18 89 6400 52
62.75 3441 18 89 6400 52
62.875 3440 19 89 6400 52
63 3440 19 87 6402 52
63.125 3438 21 87 6402 52
63.25 3438 21 85 6404 52
63.375 3437 21 85 6405 52
63.5 3436 20 85 6407 52
63.625 3436 20 84 6408 52
63.75 3436 19 84 6409 52
63.875 3436 18 82 6412 52
64 3435 17 81 6415 52
64.125 3435 16 78 6419 52
64.25 3434 16 77 6421 52
64.375 3432 17 77 6422 52
64.5 3432 16 78 6422 52
64.625 3432 16 78 6422 52
64.75 3432 14 80 6422 52
64.875 3432 14 78 6424 52
65 3432 12 80 6424 52
65.125 3431 11 79 6427 52
65.25 3431 10 79 6428 52
65.375 3431 10 77 6430 52
65.5 3431 9 77 6431 52
65.625 3431 9 76 6432 52
65.75 3431 8 75 6434 52
65.875 3431 6 77 6434 52
66 3431 6 76 6435 52
66.125 3431 6 75 6436 52
66.25 3431 6 75 6436 52
66.375 3430 7 74 6437 52
66.5 3430 7 71 6440 52
66.625 3430 4 73 6441 52
66.75 3429 4 73 6442 52
66.875 3428 5 71 6444 52
67 3426 6 70 6446 52
67.125 3426 5 71 6446 52
67.25 3426 4 71 6447 52
67.375 3425 4 72 6447 52
67.5 3425 4 71 6448 52
67.625 3425 4 70 6449 52
67.75 3425 3 69 6451 52
67.875 3424 4 69 6451 52
68 3420 8 67 6453 52
68.125 3420 7 68 6453 52
68.25 3419 8 68 6453 52
68.375 3418 9 67 6454 52
68.5 3417 9 67 6455 52
68.625 3417 9 66 6456 52
68.75 3416 9 65 6458 52
68.875 3416 8 65 6459 52
69 3416 8 62 6462 52
69.125 3416 8 61 6463 52
69.25 3416 8 61 6463 52
69.375 3415 9 59 6465 52
69.5 3415 9 58 6466 52
69.625 3414 8 59 6467 52
69.75 3414 7 59 6468 52
69.875 3414 7 57 6470 52
70 3414 6 58 6470 52
70.125 3414 6 58 6470 52
70.25 3413 6 59 6470 52
70.375 3411 8 57 6472 52
70.5 3411 5 59 6473 52
70.625 3411 5 58 6474 52
70.75 3411 5 58 6474 52
70.875 3411 5 55 6477 52
71 3411 5 54 6478 52
71.125 3411 5 53 6479 52
71.25 3410 6 51 6481 52
71.375 3410 6 49 6483 52
71.5 3410 5 50 6483 52
71.625 3410 5 49 6484 52
71.75 3408 7 47 6486 52
71.875 3408 7 46 6487 52
72 3408 7 44 6489 52
72.125 3406 9 44 6489 52
72.25 3406 8 44 6490 52
72.375 3406 7 44 6491 52
72.5 3406 6 43 6493 52
72.625 3405 7 43 6493 52
72.75 3405 7 42 6494 52
72.875 3405 7 41 6495 52
73 3404 8 39 6497 52
73.125 3404 8 38 6498 52
73.25 3404 5 41 6498 52
73.375 3404 5 41 6498 52
73.5 3404 5 41 6498 52
73.625 3404 5 40 6499 52
73.75 3404 4 41 6499 52
73.875 3404 4 41 6499 52
74 3404 4 39 6501 52
74.125 3403 5 38 6502 52
74.25 3403 3 38 6504 52
74.375 3403 3 38 6504 52
74.5 3402 4 37 6505 52
74.625 3402 2 39 6505 52
74.75 3402 2 38 6506 52
74.875 3402 2 38 6506 52
75 3402 2 36 6508 52
75.125 3402 2 36 6508 52
75.25 3402 2 36 6508 52
75.375 3402 2 36 6508 52
75.5 3402 1 35 6510 52
75.625 3401 2 35 6510 52
75.75 3401 2 35 6510 52
75.875 3401 2 34 6511 52
76 3401 2 33 6512 52
76.125 3401 2 33 6512 52
76.25 3401 2 33 6512 52
76.375 3401 2 33 6512 52
76.5 3401 2 32 6513 52
76.625 3400 3 31 6514 52
76.75 3400 3 31 6514 52
76.875 3399 4 31 6514 52
77 3398 5 29 6516 52
77.125 3398 5 29 6516 52
77.25 3397 6 29 6516 52
77.375 3397 6 29 6516 52
77.5 3396 7 29 6516 52
77.625 3396 6 30 6516 52
77.75 3396 6 29 6517 52
77.875 3396 6 29 6517 52
78 3396 6 29 6517 52
78.125 3396 6 29 6517 52
78.25 3396 6 29 6517 52
78.375 3395 6 30 6517 52
78.5 3395 6 30 6517 52
78.625 3395 5 31 6517 52
78.75 3395 5 31 6517 52
78.875 3395 5 29 6519 52
79 3395 5 29 6519 52
79.125 3395 5 29 6519 52
79.25 3395 5 29 6519 52
79.375 3395 5 29 6519 52
79.5 3395 5 28 6520 52
79.625 3395 5 28 6520 52
79.75 3395 5 27 6521 52
79.875 3395 5 26 6522 52
80 3395 5 25 6523 52
80.125 3395 3 27 6523 52
80.25 3395 2 27 6524 52
80.375 3394 3 25 6526 52
80.5 3394 3 24 6527 52
80.625 3394 3 24 6527 52
80.75 3394 2 25 6527 52
80.875 3394 2 25 6527 52
81 3393 3 25 6527 52
81.125 3393 3 25 6527 52
81.25 3393 3 25 6527 52
81.375 3393 3 25 6527 52
81.5 3393 3 25 6527 52
81.625 3393 3 25 6527 52
81.75 3393 2 25 6528 52
81.875 3393 2 24 6529 52
82 3393 2 24 6529 52
82.125 3392 3 24 6529 52
82.25 3392 3 24 6529 52
82.375 3392 3 24 6529 52
82.5 3392 3 24 6529 52
82.625 3392 3 23 6530 52
82.75 3392 3 22 6531 52
82.875 3392 3 22 6531 52
83 3392 2 23 6531 52
83.125 3392 1 22 6533 52
83.25 3391 1 23 6533 52
83.375 3391 1 22 6534 52
83.5 3391 1 22 6534 52
83.625 3391 1 22 6534 52
83.75 3391 1 22 6534 52
83.875 3391 1 19 6537 52
84 3391 1 18 6538 52
84.125 3391 1 16 6540 52
84.25 3391 1 16 6540 52
84.375 3391 1 16 6540 52
84.5 3391 1 16 6540 52
84.625 3391 1 16 6540 52
84.75 3391 1 16 6540 52
84.875 3391 1 16 6540 52
85 3391 1 16 6540 52
85.125 3391 1 15 6541 52
85.25 3391 1 15 6541 52
85.375 3391 1 15 6541 52
85.5 3391 1 15 6541 52
85.625 3391 1 15 6541 52
85.75 3391 1 15 6541 52
85.875 3390 2 15 6541 52
86 3390 2 15 6541 52
86.125 3389 3 15 6541 52
86.25 3389 3 14 6542 52
86.375 3389 3 14 6542 52
86.5 3389 3 14 6542 52
86.625 3389 3 13 6543 52
86.75 3389 3 13 6543 52
86.875 3389 3 13 6543 52
87 3389 3 12 6544 52
87.125 3389 3 12 6544 52
87.25 3389 3 11 6545 52
87.375 3389 3 11 6545 52
87.5 3389 3 11 6545 52
87.625 3389 3 11 6545 52
87.75 3389 3 10 6546 52
87.875 3389 3 10 6546 52
88 3389 3 10 6546 52
88.125 3389 3 8 6548 52
88.25 3389 3 8 6548 52
88.375 3389 2 9 6548 52
88.5 3389 2 9 6548 52
88.625 3389 1 10 6548 52
88.75 3389 1 10 6548 52
88.875 3388 2 9 6549 52
89 3388 2 9 6549 52
89.125 3388 2 9 6549 52
89.25 3387 3 8 6550 52
89.375 3387 3 8 6550 52
89.5 3387 3 8 6550 52
89.625 3387 3 8 6550 52
89.75 3387 3 8 6550 52
89.875 3387 3 8 6550 52
90 3387 3 8 6550 52
90.125 3387 3 8 6550 52
90.25 3387 3 8 6550 52
90.375 3387 3 8 6550 52
90.5 3387 3 8 6550 52
90.625 3387 3 8 6550 52
90.75 3387 3 8 6550 52
90.875 3386 3 8 6551 52
91 3386 3 8 6551 52
91.125 3386 3 8 6551 52
91.25 3386 2 9 6551 52
91.375 3386 2 9 6551 52
91.5 3386 2 9 6551 52
91.625 3386 2 9 6551 52
91.75 3386 2 9 6551 52
91.875 3386 2 9 6551 52
92 3386 2 8 6552 52
92.125 3386 2 8 6552 52
92.25 3386 2 8 6552 52
92.375 3386 2 7 6553 52
92.5 3386 2 7 6553 52
92.625 3386 2 7 6553 52
92.75 3386 2 7 6553 52
92.875 3386 2 7 6553 52
93 3386 2 7 6553 52
93.125 3386 2 7 6553 52
93.25 3386 2 7 6553 52
93.375 3386 2 7 6553 52
93.5 3386 2 6 6554 52
93.625 3386 0 8 6554 52
93.75 3386 0 8 6554 52
93.875 3386 0 8 6554 52
94 3386 0 8 6554 52
94.125 3386 0 8 6554 52
94.25 3386 0 7 6555 52
94.375 3386 0 7 6555 52
94.5 3386 0 7 6555 52
94.625 3386 0 7 6555 52
94.75 3386 0 7 6555 52
94.875 3386 0 7 6555 52
95 3385 1 7 6555 52
95.125 3385 1 7 6555 52
95.25 3385 1 7 6555 52
95.375 3385 1 7 6555 52
95.5 3385 1 7 6555 52
95.625 3385 1 7 6555 52
95.75 3385 1 7 6555 52
95.875 3385 1 7 6555 52
96 3385 1 7 6555 52
96.125 3385 1 7 6555 52
96.25 3385 1 7 6555 52
96.375 3385 1 7 6555 52
96.5 3385 1 7 6555 52
96.625 3385 1 7 6555 52
96.75 3385 1 7 6555 52
96.875 3385 1 7 6555 52
97 3385 1 7 6555 52
97.125 3385 1 7 6555 52
97.25 3385 1 7 6555 52
97.375 3384 2 7 6555 52
97.5 3384 1 8 6555 52
97.625 3384 1 6 6557 52
97.75 3384 0 7 6557 52
97.875 3384 0 7 6557 52
98 3384 0 6 6558 52
98.125 3384 0 6 6558 52
98.25 3384 0 6 6558 52
98.375 3384 0 6 6558 52
98.5 3384 0 5 6559 52
98.625 3384 0 5 6559 52
98.75 3384 0 5 6559 52
98.875 3384 0 5 6559 52
99 3384 0 5 6559 52
99.125 3384 0 5 6559 52
99.25 3384 0 5 6559 52
99.375 3384 0 5 6559 52
99.5 3384 0 5 6559 52
99.625 3384 0 5 6559 52
99.75 3383 1 5 6559 52
99.875 3383 1 5 6559 52
100 3383 1 4 6560 52
100.125 3383 1 4 6560 52
100.25 3383 1 4 6560 52
100.375 3383 0 5 6560 52
100.5 3383 0 5 6560 52
100.625 3383 0 5 6560 52
100.75 3383 0 5 6560 52
100.875 3383 0 5 6560 52
101 3383 0 5 6560 52
101.125 3383 0 5 6560 52
101.25 3383 0 5 6560 52
101.375 3383 0 5 6560 52
101.5 3383 0 5 6560 52
101.625 3383 0 5 6560 52
101.75 3383 0 4 6561 52
101.875 3383 0 4 6561 52
102 3383 0 4 6561 52
102.125 3383 0 4 6561 52
102.25 3383 0 4 6561 52
102.375 3383 0 4 6561 52
102.5 3383 0 4 6561 52
102.625 3383 0 4 6561 52
102.75 3383 0 4 6561 52
102.875 3383 0 4 6561 52
103 3383 0 3 6562 52
103.125 3383 0 2 6563 52
103.25 3383 0 1 6564 52
103.375 3383 0 1 6564 52
103.5 3383 0 1 6564 52
103.625 3383 0 1 6564 52
103.75 3383 0 1 6564 52
103.875 3383 0 1 6564 52
104 3383 0 1 6564 52
104.125 3383 0 1 6564 52
104.25 3383 0 1 6564 52
104.375 3383 0 1 6564 52
104.5 3383 0 1 6564 52
104.625 3383 0 1 6564 52
104.75 3383 0 1 6564 52
104.875 3383 0 1 6564 52
105 3383 0 1 6564 52
105.125 3383 0 1 6564 52
105.25 3383 0 1 6564 52
105.375 3383 0 1 6564 52
105.5 3383 0 1 6564 52
105.625 3383 0 1 6564 52
105.75 3383 0 1 6564 52
105.875 3383 0 1 6564 52
106 3383 0 1 6564 52
106.125 3383 0 1 6564 52
106.25 3383 0 1 6564 52
106.375 3383 0 1 6564 52
106.5 3383 0 1 6564 52
106.625 3383 0 1 6564 52
106.75 3383 0 1 6564 52
106.875 3383 0 1 6564 52
107 3383 0 1 6564 52
107.125 3383 0 1 6564 52
107.25 3383 0 1 6564 52
107.375 3383 0 1 6564 52
107.5 3383 0 1 6564 52
107.625 3383 0 1 6564 52
107.75 3383 0 1 6564 52
107.875 3383 0 1 6564 52
108 3383 0 1 6564 52
108.125 3383 0 1 6564 52
108.25 3383 0 1 6564 52
108.375 3383 0 1 6564 52
108.5 3383 0 1 6564 52
108.625 3383 0 1 6564 52
108.75 3383 0 1 6564 52
108.875 3383 0 1 6564 52
109 3383 0 1 6564 52
109.125 3383 0 1 6564 52
109.25 3383 0 1 6564 52
109.375 3383 0 1 6564 52
109.5 3383 0 1 6564 52
109.625 3383 0 1 6564 52
109.75 3383 0 1 6564 52
109.875 3383 0 1 6564 52
110 3383 0 1 6564 52
110.125 3383 0 1 6564 52
110.25 3383 0 1 6564 52
110.375 3383 0 1 6564 52
110.5 3383 0 1 6564 52
110.625 3383 0 1 6564 52
110.75 3383 0 1 6564 52
110.875 3383 0 1 6564 52
111 3383 0 1 6564 52
111.125 3383 0 1 6564 52
111.25 3383 0 1 6564 52
111.375 3383 0 1 6564 52
111.5 3383 0 1 6564 52
111.625 3383 0 1 6564 52
111.75 3383 0 1 6564 52
111.875 3383 0 1 6564 52
112 3383 0 1 6564 52
112.125 3383 0 1 6564 52
112.25 3383 0 1 6564 52
112.375 3383 0 1 6564 52
112.5 3383 0 1 6564 52
112.625 3383 0 1 6564 52
112.75 3383 0 1 6564 52
112.875 3383 0 1 6564 52
113 3383 0 1 6564 52
113.125 3383 0 1 6564 52
113.25 3383 0 1 6564 52
113.375 3383 0 1 6564 52
113.5 3383 0 1 6564 52
113.625 3383 0 1 6564 52
113.75 3383 0 1 6564 52
113.875 3383 0 1 6564 52
114 3383 0 1 6564 52
114.125 3383 0 1 6564 52
114.25 3383 0 1 6564 52
114.375 3383 0 1 6564 52
114.5 3383 0 1 6564 52
114.625 3383 0 0 6565 52
