t S E I R D
0 9998 0 2 0 0
0.125 9998 0 2 0 0
0.25 9998 0 2 0 0
0.375 9998 0 2 0 0
0.5 9998 0 2 0 0
0.625 9997 1 2 0 0
0.75 9997 1 2 0 0
0.875 9997 1 2 0 0
1 9996 2 2 0 0
1.125 9996 2 1 1 0
1.25 9996 1 2 1 0
1.375 9994 3 2 1 0
1.5 9993 3 3 1 0
1.625 9991 5 3 1 0
1.75 9991 5 3 1 0
1.875 9989 7 3 1 0
2 9988 8 3 1 0
2.125 9987 8 4 1 0
2.25 9986 8 5 1 0
2.375 9986 8 5 1 0
2.5 9985 9 5 1 0
2.625 9984 9 6 1 0
2.75 9976 16 7 1 0
2.875 9969 20 9 2 0
3 9967 22 9 2 0
3.125 9967 18 13 2 0
3.25 9963 21 14 2 0
3.375 9961 21 15 3 0
3.5 9959 21 16 4 0
3.625 9957 23 15 5 0
3.75 9956 24 15 5 0
3.875 9953 27 15 5 0
4 9952 27 16 5 0
4.125 9948 29 18 5 0
4.25 9939 37 19 5 0
4.375 9934 41 19 6 0
4.5 9924 49 20 7 0
4.625 9919 52 22 7 0
4.75 9916 51 26 7 0
4.875 9907 56 29 8 0
5 9901 60 30 9 0
5.125 9890 67 34 9 0
5.25 9880 74 37 9 0
5.375 9865 80 45 10 0
5.5 9853 85 52 10 0
5.625 9841 93 54 12 0
5.75 9829 95 64 12 0
5.875 9810 108 70 12 0
6 9792 117 77 14 0
6.125 9769 134 79 18 0
6.25 9743 150 89 18 0
6.375 9700 184 93 23 0
6.5 9668 201 108 23 0
6.625 9628 227 120 25 0
6.75 9588 256 129 27 0
6.875 9542 282 147 29 0
7 9499 308 162 31 0
7.125 9449 336 180 35 0
7.25 9402 367 193 38 0
7.375 9358 397 200 45 0
7.5 9306 427 219 48 0
7.625 9264 437 245 53 1
7.75 9259 407 274 59 1
7.875 9252 388 294 65 1
8 9247 368 310 74 1
8.125 9242 354 321 81 2
8.25 9240 333 341 84 2
8.375 9234 316 356 92 2
8.5 9230 301 366 100 3
8.625 9227 289 375 106 3
8.75 9224 283 372 117 4
8.875 9224 262 382 128 4
9 9216 257 382 141 4
9.125 9213 248 387 148 4
9.25 9210 233 395 158 4
9.375 9209 220 398 169 4
9.5 9206 216 397 177 4
9.625 9205 208 394 189 4
9.75 9205 189 406 196 4
9.875 9200 180 406 210 4
10 9196 171 411 218 4
10.125 9196 164 412 224 4
10.25 9194 158 413 231 4
10.375 9190 152 414 240 4
10.5 9188 139 420 249 4
10.625 9185 132 419 260 4
10.75 9183 124 419 270 4
10.875 9181 121 416 278 4
11 9181 114 406 294 5
11.125 9177 109 408 301 5
11.25 9175 105 406 309 5
11.375 9174 103 405 313 5
11.5 9174 89 407 325 5
11.625 9171 87 405 332 5
11.75 9170 80 409 336 5
11.875 9168 80 404 343 5
12 9166 76 404 349 5
12.125 9166 71 403 354 6
12.25 9166 67 393 368 6
12.375 9165 63 392 374 6
12.5 9165 61 385 383 6
12.625 9165 59 376 394 6
12.75 9164 57 374 399 6
12.875 9164 55 365 410 6
13 9162 49 368 415 6
13.125 9160 45 366 423 6
13.25 9159 43 364 428 6
13.375 9158 39 362 435 6
13.5 9158 37 351 448 6
13.625 9158 36 350 449 7
13.75 9158 33 345 457 7
13.875 9156 33 340 464 7
14 9154 31 339 469 7
14.125 9153 31 333 476 7
14.25 9152 32 327 482 7
14.375 9150 32 324 487 7
14.5 9150 29 317 497 7
14.625 9150 28 309 506 7
14.75 9149 27 310 507 7
14.875 9148 27 298 520 7
15 9147 28 295 523 7
15.125 9146 26 288 533 7
15.25 9144 27 285 537 7
15.375 9144 26 281 542 7
15.5 9144 23 277 548 8
15.625 9143 23 274 552 8
15.75 9143 22 268 559 8
15.875 9143 21 259 569 8
16 9143 20 255 574 8
16.125 9143 20 246 583 8
16.25 9141 20 241 590 8
16.375 9140 20 233 599 8
16.5 9137 21 230 604 8
16.625 9137 19 226 610 8
16.75 9137 19 223 613 8
16.875 9136 18 220 618 8
17 9136 15 218 623 8
17.125 9136 14 215 627 8
17.25 9136 14 212 630 8
17.375 9136 12 209 635 8
17.5 9136 12 204 640 8
17.625 9136 11 202 643 8
17.75 9136 11 198 647 8
17.875 9134 12 195 651 8
18 9134 10 191 657 8
18.125 9134 9 187 662 8
18.25 9134 9 181 668 8
18.375 9134 8 181 669 8
18.5 9134 8 177 673 8
18.625 9133 7 177 675 8
18.75 9132 7 170 683 8
18.875 9131 8 161 692 8
19 9130 9 156 697 8
19.125 9130 9 154 699 8
19.25 9129 10 151 701 9
19.375 9129 10 147 705 9
19.5 9129 9 147 706 9
19.625 9129 9 144 709 9
19.75 9128 10 139 714 9
19.875 9127 11 137 716 9
20 9127 11 134 719 9
20.125 9127 11 129 724 9
20.25 9127 11 128 725 9
20.375 9127 11 127 726 9
20.5 9127 11 127 726 9
20.625 9126 11 125 729 9
20.75 9126 9 124 732 9
20.875 9126 9 121 735 9
21 9126 9 117 739 9
21.125 9126 8 116 741 9
21.25 9126 7 115 743 9
21.375 9126 7 113 745 9
21.5 9126 7 111 747 9
21.625 9126 6 109 750 9
21.75 9125 7 106 753 9
21.875 9125 7 104 755 9
22 9125 7 102 757 9
22.125 9125 7 102 757 9
22.25 9125 6 100 760 9
22.375 9125 5 101 760 9
22.5 9124 6 99 762 9
22.625 9124 6 96 765 9
22.75 9124 5 93 769 9
22.875 9124 5 93 769 9
23 9124 5 90 772 9
23.125 9123 6 88 774 9
23.25 9123 6 88 774 9
23.375 9123 6 84 777 10
23.5 9123 6 82 779 10
23.625 9123 5 81 781 10
23.75 9123 5 79 783 10
23.875 9123 4 79 784 10
24 9123 4 78 785 10
24.125 9123 3 79 785 10
24.25 9122 4 76 788 10
24.375 9122 4 75 789 10
24.5 9121 5 74 790 10
24.625 9121 5 73 791 10
24.75 9121 4 72 793 10
24.875 9121 2 74 793 10
25 9120 3 73 794 10
25.125 9120 3 69 798 10
25.25 9120 3 67 800 10
25.375 9120 3 65 802 10
25.5 9120 3 63 804 10
25.625 9119 4 61 806 10
25.75 9119 4 59 808 10
25.875 9119 4 54 812 11
26 9119 3 55 812 11
26.125 9118 4 55 812 11
26.25 9118 4 52 815 11
26.375 9118 4 52 815 11
26.5 9118 4 49 818 11
26.625 9118 4 48 819 11
26.75 9118 3 49 819 11
26.875 9118 3 48 820 11
27 9118 3 47 821 11
27.125 9118 3 43 825 11
27.25 9118 3 41 827 11
27.375 9118 2 40 828 12
27.5 9117 3 39 829 12
27.625 9117 3 39 829 12
27.75 9117 2 40 829 12
27.875 9117 1 41 829 12
28 9117 1 40 830 12
28.125 9117 1 40 830 12
28.25 9117 1 39 831 12
28.375 9117 1 38 832 12
28.5 9116 2 38 832 12
28.625 9116 2 38 832 12
28.75 9116 2 37 833 12
28.875 9116 2 35 835 12
29 9116 2 33 837 12
29.125 9116 2 32 838 12
29.25 9115 3 32 838 12
29.375 9115 3 32 838 12
29.5 9115 3 32 838 12
29.625 9115 3 32 838 12
29.75 9115 3 31 839 12
29.875 9115 3 30 840 12
30 9115 2 31 840 12
30.125 9115 2 31 840 12
30.25 9115 2 30 841 12
30.375 9115 2 30 841 12
30.5 9115 2 29 842 12
30.625 9115 2 29 842 12
30.75 9115 2 29 842 12
30.875 9115 2 29 842 12
31 9115 2 29 842 12
31.125 9115 2 28 843 12
31.25 9115 1 29 843 12
31.375 9114 2 28 844 12
31.5 9114 2 28 844 12
31.625 9114 2 27 845 12
31.75 9114 2 27 845 12
31.875 9114 2 27 845 12
32 9114 2 27 845 12
32.125 9114 2 27 845 12
32.25 9114 2 26 846 12
32.375 9114 2 25 847 12
32.5 9114 2 25 847 12
32.625 9113 3 25 847 12
32.75 9113 3 24 848 12
32.875 9113 3 19 853 12
33 9113 3 17 855 12
33.125 9113 3 16 856 12
33.25 9113 3 15 857 12
33.375 9113 3 15 857 12
33.5 9113 3 15 857 12
33.625 9113 3 14 858 12
33.75 9113 2 15 858 12
33.875 9113 2 15 858 12
34 9113 2 14 859 12
34.125 9113 2 14 859 12
34.25 9113 2 11 862 12
34.375 9113 2 11 862 12
34.5 9113 2 11 862 12
34.625 9113 2 11 862 12
34.75 9113 2 11 862 12
34.875 9113 2 11 862 12
35 9113 2 11 862 12
35.125 9113 2 11 862 12
35.25 9113 1 12 862 12
35.375 9113 1 11 863 12
35.5 9113 1 10 864 12
35.625 9113 1 10 864 12
35.75 9113 0 11 864 12
35.875 9113 0 11 864 12
36 9113 0 11 864 12
36.125 9113 0 11 864 12
36.25 9113 0 11 864 12
36.375 9113 0 11 864 12
36.5 9113 0 11 864 12
36.625 9113 0 10 865 12
36.75 9112 1 10 865 12
36.875 9112 0 11 865 12
37 9112 0 11 865 12
37.125 9112 0 10 866 12
37.25 9112 0 10 866 12
37.375 9112 0 10 866 12
37.5 9112 0 10 866 12
37.625 9112 0 10 866 12
37.75 9112 0 10 866 12
37.875 9112 0 10 866 12
38 9112 0 10 866 12
38.125 9112 0 10 866 12
38.25 9112 0 10 866 12
38.375 9112 0 10 866 12
38.5 9112 0 9 867 12
38.625 9112 0 9 867 12
38.75 9112 0 9 867 12
38.875 9112 0 9 867 12
39 9111 1 9 867 12
39.125 9111 1 8 868 12
39.25 9111 1 8 868 12
39.375 9111 1 8 868 12
39.5 9111 1 8 868 12
39.625 9111 1 8 868 12
39.75 9111 1 7 869 12
39.875 9111 1 7 869 12
40 9111 1 7 869 12
40.125 9111 1 7 869 12
40.25 9111 1 6 870 12
40.375 9111 1 6 870 12
40.5 9110 2 6 870 12
40.625 9110 2 6 870 12
40.75 9110 2 6 870 12
40.875 9110 2 6 870 12
41 9110 2 6 870 12
41.125 9110 2 6 870 12
41.25 9110 2 6 870 12
41.375 9110 2 6 870 12
41.5 9110 2 6 870 12
41.625 9110 2 6 870 12
41.75 9110 2 6 870 12
41.875 9110 2 6 870 12
42 9110 1 7 870 12
42.125 9110 1 7 870 12
42.25 9110 1 7 870 12
42.375 9110 1 7 870 12
42.5 9110 1 7 870 12
42.625 9110 1 7 870 12
42.75 9110 1 6 871 12
42.875 9110 1 6 871 12
43 9110 1 5 872 12
43.125 9110 1 5 872 12
43.25 9110 1 5 872 12
43.375 9110 1 5 872 12
43.5 9110 1 5 872 12
43.625 9110 0 6 872 12
43.75 9110 0 6 872 12
43.875 9110 0 6 872 12
44 9110 0 6 872 12
44.125 9110 0 6 872 12
44.25 9109 1 6 872 12
44.375 9109 1 5 873 12
44.5 9109 1 5 873 12
44.625 9109 1 5 873 12
44.75 9109 1 5 873 12
44.875 9109 1 5 873 12
45 9109 1 5 873 12
45.125 9109 1 5 873 12
45.25 9109 1 5 873 12
45.375 9109 1 5 873 12
45.5 9109 1 5 873 12
45.625 9109 1 5 873 12
45.75 9109 1 4 874 12
45.875 9109 1 4 874 12
46 9109 1 4 874 12
46.125 9109 1 4 874 12
46.25 9109 1 4 874 12
46.375 9109 1 4 874 12
46.5 9109 1 4 874 12
46.625 9109 1 4 874 12
46.75 9109 1 4 874 12
46.875 9109 0 5 874 12
47 9109 0 5 874 12
47.125 9109 0 5 874 12
47.25 9109 0 5 874 12
47.375 9109 0 5 874 12
47.5 9109 0 5 874 12
47.625 9109 0 5 874 12
47.75 9109 0 5 874 12
47.875 9109 0 5 874 12
48 9109 0 5 874 12
48.125 9109 0 5 874 12
48.25 9109 0 5 874 12
48.375 9109 0 5 874 12
48.5 9109 0 5 874 12
48.625 9109 0 5 874 12
48.75 9109 0 5 874 12
48.875 9109 0 5 874 12
49 9109 0 5 874 12
49.125 9109 0 5 874 12
49.25 9109 0 5 874 12
49.375 9109 0 3 876 12
49.5 9109 0 3 876 12
49.625 9109 0 3 876 12
49.75 9109 0 3 876 12
49.875 9109 0 3 876 12
50 9109 0 3 876 12
50.125 9109 0 3 876 12
50.25 9109 0 3 876 12
50.375 9109 0 3 876 12
50.5 9109 0 3 876 12
50.625 9109 0 3 876 12
50.75 9109 0 3 876 12
50.875 9109 0 3 876 12
51 9109 0 3 876 12
51.125 9109 0 3 876 12
51.25 9109 0 3 876 12
51.375 9109 0 3 876 12
51.5 9109 0 3 876 12
51.625 9109 0 3 876 12
51.75 9109 0 3 876 12
51.875 9109 0 3 876 12
52 9109 0 2 877 12
52.125 9109 0 2 877 12
52.25 9109 0 2 877 12
52.375 9109 0 2 877 12
52.5 9109 0 2 877 12
52.625 9109 0 2 877 12
52.75 9109 0 2 877 12
52.875 9109 0 2 877 12
53 9109 0 2 877 12
53.125 9109 0 2 877 12
53.25 9109 0 2 877 12
53.375 9109 0 2 877 12
53.5 9109 0 2 877 12
53.625 9109 0 2 877 12
53.75 9109 0 2 877 12
53.875 9109 0 2 877 12
54 9109 0 2 877 12
54.125 9109 0 2 877 12
54.25 9109 0 2 877 12
54.375 9109 0 2 877 12
54.5 9109 0 2 877 12
54.625 9109 0 2 877 12
54.75 9109 0 2 877 12
54.875 9109 0 2 877 12
55 9109 0 2 877 12
55.125 9109 0 2 877 12
55.25 9109 0 2 877 12
55.375 9109 0 2 877 12
55.5 9109 0 2 877 12
55.625 9109 0 2 877 12
55.75 9109 0 2 877 12
55.875 9109 0 2 877 12
56 9109 0 2 877 12
56.125 9109 0 2 877 12
56.25 9109 0 2 877 12
56.375 9109 0 2 877 12
56.5 9109 0 1 878 12
56.625 9109 0 1 878 12
56.75 9109 0 1 878 12
56.875 9109 0 1 878 12
57 9109 0 1 878 12
57.125 9109 0 1 878 12
57.25 9109 0 1 878 12
57.375 9109 0 1 878 12
57.5 9109 0 1 878 12
57.625 9109 0 1 878 12
57.75 9109 0 1 878 12
57.875 9109 0 1 878 12
58 9109 0 1 878 12
58.125 9109 0 1 878 12
58.25 9109 0 1 878 12
58.375 9109 0 1 878 12
58.5 9109 0 1 878 12
58.625 9109 0 1 878 12
58.75 9109 0 1 878 12
58.875 9109 0 1 878 12
59 9109 0 1 878 12
59.125 9109 0 1 878 12
59.25 9109 0 1 878 12
59.375 9109 0 1 878 12
59.5 9109 0 1 878 12
59.625 9109 0 1 878 12
59.75 9109 0 1 878 12
59.875 9109 0 1 878 12
60 9109 0 1 878 12
60.125 9109 0 1 878 12
60.25 9109 0 1 878 12
60.375 9109 0 1 878 12
60.5 9109 0 1 878 12
60.625 9109 0 1 878 12
60.75 9109 0 1 878 12
60.875 9109 0 1 878 12
61 9109 0 1 878 12
61.125 9109 0 1 878 12
61.25 9109 0 1 878 12
61.375 9109 0 1 878 12
61.5 9109 0 1 878 12
61.625 9109 0 1 878 12
61.75 9109 0 1 878 12
61.875 9109 0 1 878 12
62 9109 0 1 878 12
62.125 9109 0 1 878 12
62.25 9109 0 1 878 12
62.375 9109 0 1 878 12
62.5 9109 0 1 878 12
62.625 9109 0 1 878 12
62.75 9109 0 1 878 12
62.875 9109 0 1 878 12
63 9109 0 1 878 12
63.125 9109 0 1 878 12
63.25 9109 0 1 878 12
63.375 9109 0 1 878 12
63.5 9109 0 1 878 12
63.625 9109 0 1 878 12
63.75 9109 0 1 878 12
63.875 9109 0 1 878 12
64 9109 0 1 878 12
64.125 9109 0 1 878 12
64.25 9109 0 1 878 12
64.375 9109 0 1 878 12
64.5 9109 0 1 878 12
64.625 9109 0 1 878 12
64.75 9109 0 1 878 12
64.875 9109 0 1 878 12
65 9109 0 1 878 12
65.125 9109 0 1 878 12
65.25 9109 0 1 878 12
65.375 9109 0 1 878 12
65.5 9109 0 1 878 12
65.625 9109 0 0 879 12
