t S E I R D
0 9999 0 1 0 0
0.125 9999 0 1 0 0
0.25 9999 0 1 0 0
0.375 9999 0 1 0 0
0.5 9999 0 1 0 0
0.625 9999 0 1 0 0
0.75 9999 0 1 0 0
0.875 9999 0 1 0 0
1 9999 0 1 0 0
1.125 9999 0 1 0 0
1.25 9999 0 1 0 0
1.375 9999 0 1 0 0
1.5 9999 0 1 0 0
1.625 9999 0 1 0 0
1.75 9999 0 1 0 0
1.875 9998 1 1 0 0
2 9998 1 1 0 0
2.125 9998 1 1 0 0
2.25 9998 1 1 0 0
2.375 9998 1 1 0 0
2.5 9998 1 1 0 0
2.625 9998 1 1 0 0
2.75 9998 1 1 0 0
2.875 9996 3 1 0 0
3 9996 3 1 0 0
3.125 9996 3 1 0 0
3.25 9996 3 1 0 0
3.375 9996 2 2 0 0
3.5 9991 7 2 0 0
3.625 9987 11 2 0 0
3.75 9982 16 2 0 0
3.875 9977 19 4 0 0
4 9976 18 6 0 0
4.125 9974 20 6 0 0
4.25 9970 23 7 0 0
4.375 9969 22 9 0 0
4.5 9966 24 10 0 0
4.625 9962 23 14 1 0
4.75 9957 27 14 2 0
4.875 9952 30 16 2 0
5 9946 35 17 2 0
5.125 9942 39 17 2 0
5.25 9940 38 20 2 0
5.375 9933 42 23 2 0
5.5 9928 43 27 2 0
5.625 9927 43 27 3 0
5.75 9926 41 28 5 0
5.875 9923 44 28 5 0
6 9921 40 34 5 0
6.125 9919 40 35 6 0
6.25 9919 38 37 6 0
6.375 9913 44 35 8 0
6.5 9907 48 36 9 0
6.625 9902 52 37 9 0
6.75 9891 60 39 10 0
6.875 9882 67 41 10 0
7 9876 64 50 10 0
7.125 9872 63 54 11 0
7.25 9864 67 57 12 0
7.375 9854 75 58 13 0
7.5 9844 81 59 16 0
7.625 9838 81 65 16 0
7.75 9830 84 70 16 0
7.875 9824 83 75 18 0
8 9806 97 76 21 0
8.125 9787 111 76 26 0
8.25 9766 127 79 28 0
8.375 9742 143 86 29 0
8.5 9723 155 89 33 0
8.625 9704 166 95 35 0
8.75 9678 177 107 38 0
8.875 9656 179 125 40 0
9 9632 191 133 44 0
9.125 9605 200 150 45 0
9.25 9584 213 155 48 0
9.375 9559 218 167 56 0
9.5 9526 238 175 61 0
9.625 9486 259 193 62 0
9.75 9461 270 204 65 0
9.875 9421 295 215 69 0
10 9387 318 219 76 0
10.125 9349 341 231 79 0
10.25 9301 371 246 82 0
10.375 9263 394 255 88 0
10.5 9217 411 281 91 0
10.625 9169 429 308 94 0
10.75 9114 463 322 100 1
10.875 9067 477 349 106 1
11 9033 483 369 114 1
11.125 8981 509 392 117 1
11.25 8944 516 417 122 1
11.375 8889 534 446 130 1
11.5 8839 549 461 150 1
11.625 8788 563 487 161 1
11.75 8736 581 511 171 1
11.875 8692 599 518 189 2
12 8652 606 543 197 2
12.125 8619 602 568 208 3
12.25 8590 613 574 220 3
12.375 8563 602 600 232 3
12.5 8534 593 631 239 3
12.625 8499 594 655 249 3
12.75 8466 589 676 265 4
12.875 8447 558 709 281 5
13 8422 557 719 297 5
13.125 8396 551 738 310 5
13.25 8372 545 752 326 5
13.375 8348 533 763 351 5
13.5 8330 516 779 370 5
13.625 8313 503 794 385 5
13.75 8304 489 796 406 5
13.875 8284 487 803 421 5
14 8265 476 810 444 5
14.125 8248 457 827 463 5
14.25 8237 439 840 479 5
14.375 8227 424 844 500 5
14.5 8214 419 844 517 6
14.625 8203 394 862 535 6
14.75 8191 384 869 550 6
14.875 8185 367 874 568 6
15 8177 350 879 588 6
15.125 8166 336 883 609 6
15.25 8155 325 889 625 6
15.375 8146 308 893 646 7
15.5 8140 291 893 669 7
15.625 8135 279 894 684 8
15.75 8128 274 880 710 8
15.875 8121 257 882 730 10
16 8117 249 878 746 10
16.125 8116 235 878 761 10
16.25 8111 222 884 773 10
16.375 8105 220 862 803 10
16.5 8096 214 853 827 10
16.625 8095 196 853 845 11
16.75 8090 192 842 865 11
16.875 8088 186 831 884 11
17 8084 177 825 903 11
17.125 8079 175 817 918 11
17.25 8074 173 810 932 11
17.375 8070 161 806 952 11
17.5 8067 157 802 963 11
17.625 8062 154 795 978 11
17.75 8060 147 792 990 11
17.875 8060 135 790 1004 11
18 8055 127 788 1019 11
18.125 8054 122 779 1034 11
18.25 8052 121 764 1052 11
18.375 8049 115 757 1068 11
18.5 8047 110 749 1083 11
18.625 8046 107 736 1100 11
18.75 8045 101 725 1118 11
18.875 8044 94 717 1134 11
19 8044 87 710 1148 11
19.125 8044 82 705 1158 11
19.25 8042 75 697 1173 13
19.375 8042 73 679 1193 13
19.5 8039 72 669 1207 13
19.625 8036 74 657 1220 13
19.75 8033 74 643 1237 13
19.875 8031 71 633 1252 13
20 8030 67 625 1265 13
20.125 8030 63 616 1278 13
20.25 8025 64 606 1292 13
20.375 8022 62 599 1304 13
20.5 8020 56 594 1317 13
20.625 8019 54 579 1335 13
20.75 8019 53 565 1350 13
20.875 8018 53 557 1359 13
21 8016 52 550 1368 14
21.125 8015 52 537 1382 14
21.25 8015 48 531 1392 14
21.375 8014 45 527 1399 15
21.5 8013 43 511 1418 15
21.625 8011 43 502 1429 15
21.75 8009 41 499 1436 15
21.875 8007 41 496 1441 15
22 8007 38 482 1457 16
22.125 8007 31 480 1466 16
22.25 8007 28 471 1478 16
22.375 8007 26 469 1482 16
22.5 8006 26 461 1491 16
22.625 8005 23 453 1503 16
22.75 8004 24 443 1513 16
22.875 8003 25 436 1520 16
23 8003 25 428 1528 16
23.125 8002 26 419 1537 16
23.25 8000 24 418 1542 16
23.375 7999 25 413 1547 16
23.5 7998 25 407 1554 16
23.625 7997 24 403 1560 16
23.75 7996 23 396 1569 16
23.875 7996 23 389 1576 16
24 7996 22 383 1583 16
24.125 7996 21 379 1588 16
24.25 7995 22 371 1596 16
24.375 7993 21 366 1604 16
24.5 7992 21 354 1617 16
24.625 7992 21 350 1621 16
24.75 7991 22 344 1627 16
24.875 7991 22 336 1635 16
25 7991 21 329 1643 16
25.125 7991 20 323 1650 16
25.25 7991 19 315 1659 16
25.375 7990 19 310 1665 16
25.5 7989 18 306 1670 17
25.625 7989 17 303 1674 17
25.75 7987 18 300 1678 17
25.875 7987 17 293 1686 17
26 7987 17 290 1689 17
26.125 7986 18 287 1692 17
26.25 7986 17 284 1696 17
26.375 7986 16 279 1702 17
26.5 7986 16 276 1705 17
26.625 7985 15 275 1708 17
26.75 7984 15 268 1715 18
26.875 7983 14 263 1722 18
27 7983 13 257 1729 18
27.125 7983 13 253 1733 18
27.25 7983 12 249 1738 18
27.375 7983 12 246 1741 18
27.5 7983 11 241 1747 18
27.625 7983 10 233 1756 18
27.75 7982 9 227 1764 18
27.875 7982 8 222 1770 18
28 7982 8 219 1773 18
28.125 7982 5 218 1777 18
28.25 7982 5 215 1780 18
28.375 7982 5 210 1785 18
28.5 7981 6 205 1790 18
28.625 7981 6 196 1799 18
28.75 7981 6 192 1803 18
28.875 7981 6 187 1808 18
29 7981 6 186 1809 18
29.125 7981 6 184 1811 18
29.25 7980 7 182 1813 18
29.375 7980 5 174 1822 19
29.5 7980 5 169 1827 19
29.625 7980 5 163 1832 20
29.75 7980 5 159 1836 20
29.875 7980 4 155 1841 20
30 7980 4 148 1848 20
30.125 7980 4 145 1851 20
30.25 7980 4 141 1855 20
30.375 7980 4 138 1858 20
30.5 7980 4 135 1861 20
30.625 7980 4 131 1865 20
30.75 7980 4 126 1870 20
30.875 7980 4 124 1872 20
31 7980 4 122 1874 20
31.125 7980 4 122 1874 20
31.25 7980 4 112 1884 20
31.375 7979 4 109 1888 20
31.5 7979 4 102 1895 20
31.625 7979 4 102 1895 20
31.75 7979 3 100 1898 20
31.875 7979 3 100 1898 20
32 7979 3 99 1899 20
32.125 7979 3 97 1901 20
32.25 7979 3 92 1906 20
32.375 7978 4 89 1909 20
32.5 7977 5 88 1910 20
32.625 7977 4 88 1911 20
32.75 7977 4 86 1913 20
32.875 7977 4 85 1914 20
33 7977 4 83 1916 20
33.125 7977 4 80 1919 20
33.25 7977 4 80 1919 20
33.375 7977 3 80 1920 20
33.5 7977 3 79 1921 20
33.625 7977 3 77 1923 20
33.75 7977 3 74 1926 20
33.875 7977 3 73 1927 20
34 7977 3 71 1929 20
34.125 7977 3 71 1929 20
34.25 7977 3 70 1930 20
34.375 7977 3 70 1930 20
34.5 7977 3 67 1932 21
34.625 7977 3 67 1932 21
34.75 7977 3 64 1935 21
34.875 7977 3 64 1935 21
35 7977 3 62 1937 21
35.125 7977 3 59 1940 21
35.25 7977 3 56 1943 21
35.375 7977 3 56 1943 21
35.5 7976 4 54 1945 21
35.625 7976 4 52 1947 21
35.75 7976 4 51 1948 21
35.875 7976 4 47 1952 21
36 7976 4 46 1953 21
36.125 7976 4 46 1953 21
36.25 7976 4 45 1954 21
36.375 7976 4 45 1954 21
36.5 7976 4 44 1955 21
36.625 7976 4 43 1956 21
36.75 7976 4 43 1956 21
36.875 7976 3 43 1957 21
37 7976 2 42 1959 21
37.125 7976 1 43 1959 21
37.25 7976 1 41 1961 21
37.375 7976 1 40 1962 21
37.5 7976 1 39 1963 21
37.625 7976 1 36 1966 21
37.75 7976 1 36 1966 21
37.875 7976 1 34 1968 21
38 7976 1 34 1968 21
38.125 7976 1 34 1968 21
38.25 7976 1 34 1968 21
38.375 7976 1 33 1969 21
38.5 7976 1 33 1969 21
38.625 7976 1 33 1969 21
38.75 7976 1 33 1969 21
38.875 7976 1 30 1972 21
39 7976 1 29 1973 21
39.125 7976 1 28 1974 21
39.25 7976 1 28 1974 21
39.375 7976 1 28 1974 21
39.5 7976 1 28 1974 21
39.625 7976 1 28 1974 21
39.75 7976 1 28 1974 21
39.875 7976 1 28 1974 21
40 7976 1 27 1975 21
40.125 7976 1 27 1975 21
40.25 7976 1 27 1975 21
40.375 7976 1 25 1977 21
40.5 7976 1 24 1978 21
40.625 7976 1 23 1979 21
40.75 7976 1 23 1979 21
40.875 7975 2 22 1980 21
41 7975 2 21 1981 21
41.125 7975 2 21 1981 21
41.25 7975 2 21 1981 21
41.375 7975 2 21 1981 21
41.5 7975 2 20 1982 21
41.625 7975 2 20 1982 21
41.75 7975 2 20 1982 21
41.875 7975 2 20 1982 21
42 7975 1 21 1982 21
42.125 7975 1 21 1982 21
42.25 7975 1 20 1983 21
42.375 7975 1 20 1983 21
42.5 7975 0 21 1983 21
42.625 7975 0 21 1983 21
42.75 7975 0 21 1983 21
42.875 7975 0 21 1983 21
43 7975 0 20 1984 21
43.125 7975 0 19 1985 21
43.25 7975 0 19 1985 21
43.375 7975 0 19 1985 21
43.5 7975 0 19 1985 21
43.625 7975 0 19 1985 21
43.75 7975 0 18 1986 21
43.875 7975 0 18 1986 21
44 7975 0 18 1986 21
44.125 7975 0 17 1987 21
44.25 7975 0 17 1987 21
44.375 7975 0 17 1987 21
44.5 7975 0 16 1988 21
44.625 7975 0 15 1989 21
44.75 7975 0 15 1989 21
44.875 7975 0 15 1989 21
45 7975 0 14 1990 21
45.125 7975 0 14 1990 21
45.25 7975 0 14 1990 21
45.375 7975 0 14 1990 21
45.5 7975 0 14 1990 21
45.625 7975 0 13 1991 21
45.75 7975 0 12 1992 21
45.875 7975 0 12 1992 21
46 7975 0 12 1992 21
46.125 7975 0 12 1992 21
46.25 7975 0 12 1992 21
46.375 7975 0 12 1992 21
46.5 7975 0 12 1992 21
46.625 7975 0 12 1992 21
46.75 7975 0 11 1993 21
46.875 7975 0 11 1993 21
47 7975 0 10 1994 21
47.125 7975 0 10 1994 21
47.25 7975 0 10 1994 21
47.375 7975 0 10 1994 21
47.5 7975 0 10 1994 21
47.625 7975 0 10 1994 21
47.75 7975 0 10 1994 21
47.875 7975 0 10 1994 21
48 7975 0 10 1994 21
48.125 7975 0 10 1994 21
48.25 7975 0 10 1994 21
48.375 7975 0 10 1994 21
48.5 7975 0 8 1996 21
48.625 7975 0 8 1996 21
48.75 7975 0 7 1997 21
48.875 7975 0 7 1997 21
49 7975 0 7 1997 21
49.125 7975 0 6 1998 21
49.25 7975 0 6 1998 21
49.375 7975 0 6 1998 21
49.5 7975 0 6 1998 21
49.625 7975 0 6 1998 21
49.75 7975 0 6 1998 21
49.875 7975 0 6 1998 21
50 7975 0 6 1998 21
50.125 7975 0 6 1998 21
50.25 7975 0 6 1998 21
50.375 7975 0 6 1998 21
50.5 7975 0 6 1998 21
50.625 7975 0 6 1998 21
50.75 7975 0 6 1998 21
50.875 7975 0 6 1998 21
51 7975 0 6 1998 21
51.125 7975 0 6 1998 21
51.25 7975 0 6 1998 21
51.375 7975 0 6 1998 21
51.5 7975 0 6 1998 21
51.625 7975 0 6 1998 21
51.75 7975 0 6 1998 21
51.875 7975 0 6 1998 21
52 7975 0 6 1998 21
52.125 7975 0 6 1998 21
52.25 7975 0 5 1999 21
52.375 7975 0 5 1999 21
52.5 7975 0 5 1999 21
52.625 7975 0 4 2000 21
52.75 7975 0 3 2001 21
52.875 7975 0 3 2001 21
53 7975 0 3 2001 21
53.125 7975 0 3 2001 21
53.25 7975 0 3 2001 21
53.375 7975 0 3 2001 21
53.5 7975 0 3 2001 21
53.625 7975 0 3 2001 21
53.75 7975 0 3 2001 21
53.875 7975 0 3 2001 21
54 7975 0 3 2001 21
54.125 7975 0 3 2001 21
54.25 7975 0 3 2001 21
54.375 7975 0 3 2001 21
54.5 7975 0 3 2001 21
54.625 7975 0 3 2001 21
54.75 7975 0 3 2001 21
54.875 7975 0 3 2001 21
55 7975 0 3 2001 21
55.125 7975 0 3 2001 21
55.25 7975 0 3 2001 21
55.375 7975 0 3 2001 21
55.5 7975 0 3 2001 21
55.625 7975 0 3 2001 21
55.75 7975 0 3 2001 21
55.875 7975 0 3 2001 21
56 7975 0 3 2001 21
56.125 7975 0 3 2001 21
56.25 7975 0 3 2001 21
56.375 7975 0 3 2001 21
56.5 7975 0 3 2001 21
56.625 7975 0 3 2001 21
56.75 7975 0 2 2002 21
56.875 7975 0 2 2002 21
57 7975 0 2 2002 21
57.125 7975 0 2 2002 21
57.25 7975 0 2 2002 21
57.375 7975 0 2 2002 21
57.5 7975 0 2 2002 21
57.625 7975 0 1 2003 21
57.75 7975 0 1 2003 21
57.875 7975 0 1 2003 21
58 7975 0 0 2004 21
