t S E I R D
0 9998 0 2 0 0
0.125 9998 0 2 0 0
0.25 9998 0 2 0 0
0.375 9998 0 2 0 0
0.5 9998 0 2 0 0
0.625 9998 0 2 0 0
0.75 9998 0 2 0 0
0.875 9997 1 2 0 0
1 9997 1 2 0 0
1.125 9997 1 2 0 0
1.25 9997 1 2 0 0
1.375 9997 0 3 0 0
1.5 9990 7 3 0 0
1.625 9985 12 3 0 0
1.75 9979 16 5 0 0
1.875 9964 31 5 0 0
2 9955 40 5 0 0
2.125 9946 48 6 0 0
2.25 9927 67 6 0 0
2.375 9916 75 9 0 0
2.5 9900 88 12 0 0
2.625 9886 98 16 0 0
2.75 9866 110 23 1 0
2.875 9855 117 26 2 0
3 9838 124 36 2 0
3.125 9827 129 39 5 0
3.25 9815 135 43 7 0
3.375 9805 139 49 7 0
3.5 9796 136 57 11 0
3.625 9789 134 62 15 0
3.75 9779 132 74 15 0
3.875 9760 140 82 18 0
4 9740 150 90 20 0
4.125 9721 160 95 24 0
4.25 9696 178 100 26 0
4.375 9680 179 112 29 0
4.5 9638 213 119 30 0
4.625 9615 224 126 35 0
4.75 9591 236 136 37 0
4.875 9573 240 148 39 0
5 9534 267 158 41 0
5.125 9485 299 173 43 0
5.25 9437 331 188 44 0
5.375 9383 355 216 45 1
5.5 9378 340 230 51 1
5.625 9373 325 246 55 1
5.75 9367 313 262 57 1
5.875 9358 302 276 63 1
6 9347 290 296 66 1
6.125 9342 273 309 75 1
6.25 9335 272 314 78 1
6.375 9332 259 326 82 1
6.5 9325 251 335 88 1
6.625 9312 248 342 97 1
6.75 9306 241 352 100 1
6.875 9295 239 362 103 1
7 9288 229 372 110 1
7.125 9280 220 381 117 2
7.25 9272 214 385 127 2
7.375 9266 207 386 139 2
7.5 9261 200 389 148 2
7.625 9258 193 392 155 2
7.75 9255 184 400 159 2
7.875 9251 173 407 167 2
8 9245 171 409 173 2
8.125 9238 169 407 183 3
8.25 9233 166 399 199 3
8.375 9232 153 404 208 3
8.5 9227 151 399 220 3
8.625 9224 142 401 230 3
8.75 9221 139 395 242 3
8.875 9217 136 398 246 3
9 9213 130 400 254 3
9.125 9210 124 399 264 3
9.25 9207 118 402 270 3
9.375 9202 118 398 278 4
9.5 9200 109 398 289 4
9.625 9195 109 395 297 4
9.75 9194 104 396 302 4
9.875 9192 100 393 311 4
10 9189 92 398 317 4
10.125 9186 86 398 326 4
10.25 9185 81 397 333 4
10.375 9181 83 390 342 4
10.5 9178 82 386 350 4
10.625 9173 81 386 356 4
10.75 9168 82 386 360 4
10.875 9165 83 381 367 4
11 9158 84 380 374 4
11.125 9156 77 382 381 4
11.25 9153 75 381 387 4
11.375 9149 76 381 390 4
11.5 9146 72 377 401 4
11.625 9139 77 371 409 4
11.75 9137 75 371 413 4
11.875 9135 72 367 422 4
12 9133 70 363 430 4
12.125 9129 67 361 439 4
12.25 9128 63 362 443 4
12.375 9126 63 360 447 4
12.5 9123 63 359 451 4
12.625 9120 65 354 457 4
12.75 9117 65 349 465 4
12.875 9117 63 342 474 4
13 9115 61 339 481 4
13.125 9111 58 339 488 4
13.25 9110 55 336 495 4
13.375 9109 53 326 508 4
13.5 9107 52 321 516 4
13.625 9107 49 319 521 4
13.75 9105 48 318 525 4
13.875 9103 48 309 536 4
14 9101 47 300 548 4
14.125 9100 46 298 552 4
14.25 9096 47 301 552 4
14.375 9095 45 300 556 4
14.5 9092 44 297 562 5
14.625 9091 43 294 566 6
14.75 9091 40 292 571 6
14.875 9089 39 288 578 6
15 9088 36 286 584 6
15.125 9087 34 279 594 6
15.25 9086 33 278 597 6
15.375 9083 34 276 601 6
15.5 9081 33 269 611 6
15.625 9080 31 268 615 6
15.75 9080 31 260 623 6
15.875 9077 33 255 629 6
16 9075 34 251 634 6
16.125 9074 34 246 640 6
16.25 9073 31 246 644 6
16.375 9072 31 242 649 6
16.5 9071 30 241 651 7
16.625 9070 28 238 657 7
16.75 9069 28 233 663 7
16.875 9068 27 227 671 7
17 9067 25 224 676 8
17.125 9066 23 220 683 8
17.25 9064 23 215 690 8
17.375 9063 23 213 693 8
17.5 9062 22 210 698 8
17.625 9062 21 206 702 9
17.75 9062 20 204 705 9
17.875 9061 18 206 706 9
18 9061 17 202 711 9
18.125 9061 14 198 718 9
18.25 9061 14 193 723 9
18.375 9060 13 191 727 9
18.5 9058 15 182 736 9
18.625 9058 14 180 739 9
18.75 9058 13 179 741 9
18.875 9058 13 174 746 9
19 9058 11 173 749 9
19.125 9058 10 172 751 9
19.25 9057 10 172 752 9
19.375 9056 10 168 757 9
19.5 9056 9 169 757 9
19.625 9056 8 168 758 10
19.75 9056 8 164 762 10
19.875 9056 8 162 764 10
20 9056 8 158 768 10
20.125 9056 8 155 771 10
20.25 9056 6 156 772 10
20.375 9056 6 154 774 10
20.5 9055 5 153 777 10
20.625 9055 4 151 780 10
20.75 9055 4 149 782 10
20.875 9054 5 149 782 10
21 9054 3 145 788 10
21.125 9054 2 141 793 10
21.25 9053 3 137 797 10
21.375 9053 3 134 800 10
21.5 9053 3 128 806 10
21.625 9052 4 125 809 10
21.75 9052 3 125 810 10
21.875 9052 2 124 812 10
22 9051 3 123 813 10
22.125 9050 4 122 814 10
22.25 9050 4 119 817 10
22.375 9050 4 117 819 10
22.5 9049 5 116 820 10
22.625 9049 4 116 821 10
22.75 9049 4 115 822 10
22.875 9049 4 111 826 10
23 9049 4 109 828 10
23.125 9049 4 106 831 10
23.25 9049 3 103 835 10
23.375 9049 3 100 838 10
23.5 9048 4 98 840 10
23.625 9048 4 96 842 10
23.75 9048 3 96 843 10
23.875 9048 2 96 844 10
24 9047 3 96 844 10
24.125 9047 2 95 846 10
24.25 9047 2 93 848 10
24.375 9047 2 90 851 10
24.5 9047 2 89 852 10
24.625 9047 2 89 852 10
24.75 9047 2 89 852 10
24.875 9046 3 88 853 10
25 9046 3 84 856 11
25.125 9046 3 82 858 11
25.25 9046 3 80 860 11
25.375 9046 1 81 861 11
25.5 9046 1 79 863 11
25.625 9046 0 77 866 11
25.75 9045 1 77 866 11
25.875 9045 1 76 867 11
26 9045 1 74 869 11
26.125 9045 1 69 874 11
26.25 9045 1 68 875 11
26.375 9045 1 68 875 11
26.5 9045 1 68 875 11
26.625 9045 1 68 875 11
26.75 9045 1 66 877 11
26.875 9045 1 65 878 11
27 9045 1 64 879 11
27.125 9045 1 64 879 11
27.25 9045 1 60 883 11
27.375 9045 1 60 883 11
27.5 9045 1 59 884 11
27.625 9043 3 56 887 11
27.75 9043 2 56 888 11
27.875 9043 2 53 891 11
28 9043 2 50 894 11
28.125 9043 2 49 895 11
28.25 9043 2 49 895 11
28.375 9043 1 50 895 11
28.5 9043 1 48 897 11
28.625 9043 1 47 898 11
28.75 9043 1 47 898 11
28.875 9043 0 48 898 11
29 9043 0 47 899 11
29.125 9043 0 46 900 11
29.25 9042 1 44 902 11
29.375 9042 1 41 905 11
29.5 9042 1 41 905 11
29.625 9042 0 40 907 11
29.75 9041 1 38 909 11
29.875 9041 1 36 911 11
30 9041 0 35 913 11
30.125 9041 0 35 913 11
30.25 9041 0 34 914 11
30.375 9041 0 33 915 11
30.5 9041 0 32 916 11
30.625 9041 0 31 917 11
30.75 9041 0 29 919 11
30.875 9041 0 28 920 11
31 9041 0 28 920 11
31.125 9041 0 27 921 11
31.25 9041 0 27 921 11
31.375 9041 0 27 921 11
31.5 9041 0 26 922 11
31.625 9041 0 26 922 11
31.75 9041 0 26 922 11
31.875 9041 0 26 922 11
32 9041 0 26 922 11
32.125 9041 0 25 923 11
32.25 9041 0 25 923 11
32.375 9041 0 25 923 11
32.5 9041 0 25 923 11
32.625 9041 0 25 923 11
32.75 9041 0 25 923 11
32.875 9041 0 25 923 11
33 9041 0 25 923 11
33.125 9041 0 25 923 11
33.25 9041 0 24 924 11
33.375 9041 0 24 924 11
33.5 9041 0 24 924 11
33.625 9041 0 24 924 11
33.75 9041 0 24 924 11
33.875 9041 0 24 924 11
34 9041 0 23 925 11
34.125 9041 0 23 925 11
34.25 9041 0 22 926 11
34.375 9041 0 22 926 11
34.5 9041 0 22 926 11
34.625 9041 0 21 927 11
34.75 9041 0 20 928 11
34.875 9041 0 19 929 11
35 9041 0 18 930 11
35.125 9041 0 17 931 11
35.25 9041 0 17 931 11
35.375 9041 0 17 931 11
35.5 9041 0 16 932 11
35.625 9041 0 16 932 11
35.75 9041 0 16 932 11
35.875 9041 0 15 933 11
36 9041 0 15 933 11
36.125 9041 0 15 933 11
36.25 9041 0 15 933 11
36.375 9041 0 14 934 11
36.5 9041 0 14 934 11
36.625 9041 0 13 935 11
36.75 9041 0 13 935 11
36.875 9041 0 13 935 11
37 9041 0 13 935 11
37.125 9041 0 13 935 11
37.25 9041 0 13 935 11
37.375 9041 0 13 935 11
37.5 9041 0 13 935 11
37.625 9041 0 13 935 11
37.75 9041 0 12 936 11
37.875 9041 0 12 936 11
38 9041 0 11 937 11
38.125 9041 0 11 937 11
38.25 9041 0 11 937 11
38.375 9041 0 11 937 11
38.5 9041 0 11 937 11
38.625 9041 0 11 937 11
38.75 9041 0 11 937 11
38.875 9041 0 11 937 11
39 9041 0 11 937 11
39.125 9041 0 11 937 11
39.25 9041 0 11 937 11
39.375 9041 0 11 937 11
39.5 9041 0 11 937 11
39.625 9041 0 10 938 11
39.75 9041 0 10 938 11
39.875 9041 0 10 938 11
40 9041 0 10 938 11
40.125 9041 0 10 938 11
40.25 9041 0 10 938 11
40.375 9041 0 10 938 11
40.5 9041 0 10 938 11
40.625 9041 0 10 938 11
40.75 9041 0 10 938 11
40.875 9041 0 10 938 11
41 9041 0 10 938 11
41.125 9041 0 9 939 11
41.25 9041 0 9 939 11
41.375 9041 0 9 939 11
41.5 9041 0 9 939 11
41.625 9041 0 9 939 11
41.75 9041 0 9 939 11
41.875 9041 0 9 939 11
42 9041 0 8 940 11
42.125 9041 0 8 940 11
42.25 9041 0 8 940 11
42.375 9041 0 7 941 11
42.5 9041 0 7 941 11
42.625 9041 0 7 941 11
42.75 9041 0 7 941 11
42.875 9041 0 7 941 11
43 9041 0 7 941 11
43.125 9041 0 6 942 11
43.25 9041 0 6 942 11
43.375 9041 0 6 942 11
43.5 9041 0 6 942 11
43.625 9041 0 6 942 11
43.75 9041 0 5 943 11
43.875 9041 0 5 943 11
44 9041 0 5 943 11
44.125 9041 0 5 943 11
44.25 9041 0 5 943 11
44.375 9041 0 5 943 11
44.5 9041 0 5 943 11
44.625 9041 0 5 943 11
44.75 9041 0 5 943 11
44.875 9041 0 5 943 11
45 9041 0 5 943 11
45.125 9041 0 5 943 11
45.25 9041 0 5 943 11
45.375 9041 0 5 943 11
45.5 9041 0 5 943 11
45.625 9040 1 4 944 11
45.75 9040 1 4 944 11
45.875 9040 1 4 944 11
46 9040 1 4 944 11
46.125 9040 1 4 944 11
46.25 9039 2 3 945 11
46.375 9039 2 2 946 11
46.5 9039 2 2 946 11
46.625 9039 1 3 946 11
46.75 9039 1 3 946 11
46.875 9039 1 3 946 11
47 9039 1 3 946 11
47.125 9039 1 3 946 11
47.25 9039 1 3 946 11
47.375 9039 1 3 946 11
47.5 9039 1 3 946 11
47.625 9039 1 3 946 11
47.75 9039 1 3 946 11
47.875 9039 1 3 946 11
48 9038 2 3 946 11
48.125 9038 2 3 946 11
48.25 9038 2 3 946 11
48.375 9038 2 3 946 11
48.5 9038 1 4 946 11
48.625 9038 1 4 946 11
48.75 9038 1 4 946 11
48.875 9038 1 4 946 11
49 9038 1 4 946 11
49.125 9038 1 4 946 11
49.25 9038 1 3 947 11
49.375 9038 0 4 947 11
49.5 9038 0 4 947 11
49.625 9038 0 4 947 11
49.75 9038 0 4 947 11
49.875 9038 0 4 947 11
50 9038 0 4 947 11
50.125 9038 0 4 947 11
50.25 9038 0 4 947 11
50.375 9038 0 4 947 11
50.5 9038 0 4 947 11
50.625 9038 0 4 947 11
50.75 9038 0 4 947 11
50.875 9038 0 4 947 11
51 9038 0 4 947 11
51.125 9038 0 4 947 11
51.25 9038 0 4 947 11
51.375 9038 0 4 947 11
51.5 9038 0 4 947 11
51.625 9038 0 3 948 11
51.75 9038 0 3 948 11
51.875 9038 0 3 948 11
52 9038 0 3 948 11
52.125 9038 0 3 948 11
52.25 9038 0 2 949 11
52.375 9038 0 2 949 11
52.5 9038 0 2 949 11
52.625 9038 0 2 949 11
52.75 9038 0 2 949 11
52.875 9038 0 2 949 11
53 9038 0 2 949 11
53.125 9038 0 2 949 11
53.25 9038 0 2 949 11
53.375 9038 0 2 949 11
53.5 9038 0 2 949 11
53.625 9038 0 2 949 11
53.75 9038 0 2 949 11
53.875 9038 0 2 949 11
54 9038 0 2 949 11
54.125 9038 0 2 949 11
54.25 9038 0 2 949 11
54.375 9038 0 2 949 11
54.5 9038 0 2 949 11
54.625 9038 0 2 949 11
54.75 9038 0 2 949 11
54.875 9038 0 2 949 11
55 9038 0 1 950 11
55.125 9038 0 1 950 11
55.25 9038 0 1 950 11
55.375 9038 0 1 950 11
55.5 9038 0 1 950 11
55.625 9038 0 1 950 11
55.75 9038 0 1 950 11
55.875 9038 0 1 950 11
56 9038 0 1 950 11
56.125 9038 0 1 950 11
56.25 9038 0 1 950 11
56.375 9038 0 1 950 11
56.5 9038 0 1 950 11
56.625 9038 0 1 950 11
56.75 9038 0 1 950 11
56.875 9038 0 1 950 11
57 9038 0 1 950 11
57.125 9038 0 1 950 11
57.25 9038 0 1 950 11
57.375 9038 0 1 950 11
57.5 9038 0 1 950 11
57.625 9038 0 1 950 11
57.75 9038 0 1 950 11
57.875 9038 0 1 950 11
58 9038 0 1 950 11
58.125 9038 0 1 950 11
58.25 9038 0 1 950 11
58.375 9038 0 1 950 11
58.5 9038 0 1 950 11
58.625 9038 0 1 950 11
58.75 9038 0 1 950 11
58.875 9038 0 1 950 11
59 9038 0 1 950 11
59.125 9038 0 1 950 11
59.25 9038 0 1 950 11
59.375 9038 0 1 950 11
59.5 9038 0 1 950 11
59.625 9038 0 1 950 11
59.75 9038 0 1 950 11
59.875 9038 0 1 950 11
60 9038 0 1 950 11
60.125 9038 0 1 950 11
60.25 9038 0 1 950 11
60.375 9038 0 1 950 11
60.5 9038 0 1 950 11
60.625 9038 0 1 950 11
60.75 9038 0 1 950 11
60.875 9038 0 1 950 11
61 9038 0 1 950 11
61.125 9038 0 1 950 11
61.25 9038 0 1 950 11
61.375 9038 0 1 950 11
61.5 9038 0 1 950 11
61.625 9038 0 1 950 11
61.75 9038 0 1 950 11
61.875 9038 0 1 950 11
62 9038 0 1 950 11
62.125 9038 0 1 950 11
62.25 9038 0 1 950 11
62.375 9038 0 1 950 11
62.5 9038 0 1 950 11
62.625 9038 0 1 950 11
62.75 9038 0 1 950 11
62.875 9038 0 1 950 11
63 9038 0 0 951 11
