t S E I R D
0 9998 0 2 0 0
0.125 9998 0 2 0 0
0.25 9998 0 2 0 0
0.375 9998 0 2 0 0
0.5 9998 0 2 0 0
0.625 9998 0 2 0 0
0.75 9998 0 2 0 0
0.875 9998 0 2 0 0
1 9998 0 2 0 0
1.125 9998 0 2 0 0
1.25 9998 0 2 0 0
1.375 9998 0 2 0 0
1.5 9998 0 2 0 0
1.625 9998 0 2 0 0
1.75 9998 0 2 0 0
1.875 9998 0 2 0 0
2 9998 0 2 0 0
2.125 9998 0 2 0 0
2.25 9998 0 2 0 0
2.375 9997 1 2 0 0
2.5 9997 1 2 0 0
2.625 9997 1 2 0 0
2.75 9997 1 2 0 0
2.875 9997 1 2 0 0
3 9996 1 3 0 0
3.125 9996 1 3 0 0
3.25 9996 1 3 0 0
3.375 9996 1 3 0 0
3.5 9996 1 3 0 0
3.625 9996 1 3 0 0
3.75 9996 1 3 0 0
3.875 9996 1 3 0 0
4 9996 1 3 0 0
4.125 9995 2 3 0 0
4.25 9995 2 3 0 0
4.375 9995 2 2 1 0
4.5 9995 1 3 1 0
4.625 9995 1 3 1 0
4.75 9995 1 2 2 0
4.875 9995 1 2 2 0
5 9995 1 2 2 0
5.125 9995 1 2 2 0
5.25 9995 1 2 2 0
5.375 9995 1 2 2 0
5.5 9995 1 2 2 0
5.625 9995 1 2 2 0
5.75 9995 0 3 2 0
5.875 9995 0 2 3 0
6 9995 0 2 3 0
6.125 9995 0 2 3 0
6.25 9995 0 2 3 0
6.375 9995 0 2 3 0
6.5 9995 0 2 3 0
6.625 9994 1 2 3 0
6.75 9994 1 2 3 0
6.875 9994 1 2 3 0
7 9994 1 2 3 0
7.125 9994 1 2 3 0
7.25 9994 1 2 3 0
7.375 9994 1 2 3 0
7.5 9993 2 2 3 0
7.625 9993 2 2 3 0
7.75 9993 2 2 3 0
7.875 9993 2 2 3 0
8 9992 3 2 3 0
8.125 9991 3 3 3 0
8.25 9991 3 3 3 0
8.375 9991 2 4 3 0
8.5 9991 2 3 4 0
8.625 9991 2 3 4 0
8.75 9988 5 3 4 0
8.875 9988 5 3 4 0
9 9988 5 3 4 0
9.125 9988 3 5 4 0
9.25 9987 4 5 4 0
9.375 9987 2 7 4 0
9.5 9985 3 8 4 0
9.625 9983 5 8 4 0
9.75 9981 7 8 4 0
9.875 9981 7 8 4 0
10 9980 8 8 4 0
10.125 9980 8 8 4 0
10.25 9979 8 9 4 0
10.375 9978 7 11 4 0
10.5 9977 7 11 5 0
10.625 9974 10 11 5 0
10.75 9974 10 10 6 0
10.875 9973 11 10 6 0
11 9973 10 11 6 0
11.125 9973 10 10 7 0
11.25 9970 12 11 7 0
11.375 9968 13 12 7 0
11.5 9967 13 13 7 0
11.625 9965 13 15 7 0
11.75 9963 15 15 7 0
11.875 9961 15 16 8 0
12 9955 21 16 8 0
12.125 9951 25 16 8 0
12.25 9949 24 19 8 0
12.375 9942 29 21 8 0
12.5 9936 34 22 8 0
12.625 9934 35 23 8 0
12.75 9930 36 26 8 0
12.875 9926 38 28 8 0
13 9919 41 32 8 0
13.125 9914 42 35 9 0
13.25 9899 56 35 10 0
13.375 9890 62 35 13 0
13.5 9879 72 36 13 0
13.625 9867 80 38 15 0
13.75 9854 91 40 15 0
13.875 9845 95 43 17 0
14 9840 90 51 19 0
14.125 9827 97 56 20 0
14.25 9812 107 61 20 0
14.375 9800 112 67 21 0
14.5 9787 115 77 21 0
14.625 9761 138 78 23 0
14.75 9735 157 83 25 0
14.875 9709 176 89 26 0
15 9687 186 99 28 0
15.125 9667 194 106 33 0
15.25 9637 214 113 36 0
15.375 9609 225 129 37 0
15.5 9574 240 144 42 0
15.625 9542 255 158 45 0
15.75 9513 268 167 52 0
15.875 9481 287 179 53 0
16 9448 295 202 55 0
16.125 9410 319 207 64 0
16.25 9373 339 217 71 0
16.375 9338 346 240 76 0
16.5 9299 359 262 80 0
16.625 9245 386 284 85 0
16.75 9193 413 306 88 0
16.875 9142 431 329 98 0
17 9088 455 355 102 0
17.125 9033 472 386 109 0
17.25 8967 515 403 115 0
17.375 8896 555 423 126 0
17.5 8840 566 462 132 0
17.625 8778 596 484 142 0
17.75 8722 608 523 147 0
17.875 8664 634 547 155 0
18 8599 662 575 164 0
18.125 8531 696 593 180 0
18.25 8475 701 630 194 0
18.375 8415 705 673 207 0
18.5 8339 738 701 222 0
18.625 8277 752 730 241 0
18.75 8214 774 759 253 0
18.875 8133 806 792 268 1
19 8056 835 824 283 2
19.125 7977 861 866 294 2
19.25 7914 864 909 311 2
19.375 7845 874 949 329 3
19.5 7780 876 997 344 3
19.625 7715 880 1038 363 4
19.75 7641 900 1076 379 4
19.875 7573 910 1109 403 5
20 7501 930 1143 421 5
20.125 7438 932 1179 446 5
20.25 7361 951 1220 463 5
20.375 7299 949 1262 485 5
20.5 7231 949 1310 505 5
20.625 7169 964 1325 537 5
20.75 7098 971 1362 564 5
20.875 7025 984 1398 588 5
21 6958 985 1441 610 6
21.125 6886 993 1474 641 6
21.25 6811 1000 1510 673 6
21.375 6752 984 1548 710 6
21.5 6684 990 1579 741 6
21.625 6626 982 1604 782 6
21.75 6552 983 1648 811 6
21.875 6490 986 1671 847 6
22 6421 993 1695 885 6
22.125 6366 989 1726 913 6
22.25 6301 996 1748 948 7
22.375 6228 1005 1771 989 7
22.5 6163 1011 1794 1025 7
22.625 6109 1001 1821 1062 7
22.75 6040 999 1862 1092 7
22.875 5980 997 1881 1135 7
23 5911 996 1903 1183 7
23.125 5844 1001 1919 1229 7
23.25 5776 1009 1935 1273 7
23.375 5722 1004 1959 1308 7
23.5 5678 984 1984 1346 8
23.625 5622 973 2010 1387 8
23.75 5564 965 2031 1432 8
23.875 5525 943 2051 1473 8
24 5491 916 2064 1521 8
24.125 5437 919 2063 1573 8
24.25 5399 901 2069 1623 8
24.375 5350 901 2076 1665 8
24.5 5299 900 2092 1700 9
24.625 5249 885 2123 1733 10
24.75 5210 886 2117 1777 10
24.875 5154 885 2126 1825 10
25 5109 883 2139 1859 10
25.125 5075 860 2158 1897 10
25.25 5031 864 2135 1960 10
25.375 4993 865 2123 2009 10
25.5 4957 850 2133 2050 10
25.625 4916 841 2130 2102 11
25.75 4872 834 2148 2135 11
25.875 4837 816 2165 2171 11
26 4802 809 2168 2210 11
26.125 4777 793 2172 2246 12
26.25 4740 787 2169 2292 12
26.375 4699 782 2167 2340 12
26.5 4658 784 2158 2388 12
26.625 4609 781 2165 2433 12
26.75 4566 774 2177 2471 12
26.875 4524 762 2188 2514 12
27 4471 756 2197 2564 12
27.125 4433 741 2202 2611 13
27.25 4391 739 2204 2653 13
27.375 4349 740 2198 2700 13
27.5 4315 713 2213 2746 13
27.625 4284 698 2215 2789 14
27.75 4248 685 2218 2834 15
27.875 4215 679 2212 2879 15
28 4191 647 2224 2923 15
28.125 4157 643 2222 2963 15
28.25 4128 630 2215 3012 15
28.375 4102 616 2203 3064 15
28.5 4074 607 2200 3104 15
28.625 4041 596 2198 3150 15
28.75 4004 601 2190 3189 16
28.875 3970 602 2176 3235 17
29 3947 593 2165 3278 17
29.125 3918 592 2146 3326 18
29.25 3890 582 2125 3384 19
29.375 3858 580 2117 3426 19
29.5 3834 572 2101 3472 21
29.625 3813 563 2088 3512 24
29.75 3786 553 2084 3553 24
29.875 3767 535 2072 3602 24
30 3739 537 2054 3646 24
30.125 3711 537 2046 3681 25
30.25 3692 522 2037 3723 26
30.375 3666 524 2031 3753 26
30.5 3648 516 2014 3796 26
30.625 3618 510 2009 3837 26
30.75 3595 498 2005 3876 26
30.875 3577 486 1983 3928 26
31 3553 472 1980 3969 26
31.125 3531 473 1952 4018 26
31.25 3512 466 1934 4061 27
31.375 3498 451 1928 4096 27
31.5 3475 436 1930 4131 28
31.625 3448 439 1901 4184 28
31.75 3426 437 1887 4222 28
31.875 3408 425 1884 4255 28
32 3379 425 1872 4296 28
32.125 3363 406 1864 4339 28
32.25 3342 401 1842 4387 28
32.375 3320 399 1821 4432 28
32.5 3299 393 1814 4465 29
32.625 3279 394 1789 4509 29
32.75 3256 388 1786 4541 29
32.875 3234 384 1785 4568 29
33 3211 389 1764 4607 29
33.125 3200 379 1752 4640 29
33.25 3186 366 1738 4678 32
33.375 3171 360 1713 4724 32
33.5 3158 350 1693 4767 32
33.625 3146 335 1695 4792 32
33.75 3129 328 1689 4822 32
33.875 3116 314 1685 4853 32
34 3106 309 1657 4895 33
34.125 3093 306 1635 4933 33
34.25 3081 298 1625 4963 33
34.375 3069 292 1605 5001 33
34.5 3054 298 1581 5034 33
34.625 3043 291 1565 5068 33
34.75 3033 281 1552 5101 33
34.875 3020 278 1533 5134 35
35 3006 277 1522 5159 36
35.125 2996 272 1506 5190 36
35.25 2984 268 1489 5222 37
35.375 2967 265 1469 5261 38
35.5 2949 260 1464 5288 39
35.625 2933 259 1449 5320 39
35.75 2919 259 1429 5354 39
35.875 2908 256 1423 5374 39
36 2894 247 1421 5399 39
36.125 2883 238 1412 5428 39
36.25 2871 237 1401 5451 40
36.375 2862 228 1385 5484 41
36.5 2848 230 1364 5517 41
36.625 2834 229 1360 5536 41
36.75 2821 224 1344 5570 41
36.875 2808 226 1323 5602 41
37 2799 224 1308 5628 41
37.125 2791 221 1279 5668 41
37.25 2774 226 1265 5694 41
37.375 2760 228 1254 5717 41
37.5 2752 223 1243 5741 41
37.625 2748 215 1228 5768 41
37.75 2735 218 1223 5783 41
37.875 2726 216 1198 5818 42
38 2723 205 1188 5842 42
38.125 2715 203 1171 5869 42
38.25 2708 194 1171 5884 43
38.375 2700 190 1162 5905 43
38.5 2692 188 1151 5926 43
38.625 2682 190 1140 5945 43
38.75 2677 184 1128 5968 43
38.875 2671 177 1115 5994 43
39 2663 176 1099 6019 43
39.125 2658 169 1090 6040 43
39.25 2648 169 1073 6067 43
39.375 2643 160 1065 6088 44
39.5 2635 153 1061 6107 44
39.625 2629 144 1062 6121 44
39.75 2619 147 1050 6140 44
39.875 2611 145 1038 6162 44
40 2603 146 1026 6181 44
40.125 2596 144 1020 6196 44
40.25 2589 143 1014 6210 44
40.375 2584 141 1000 6231 44
40.5 2580 138 990 6248 44
40.625 2570 134 985 6267 44
40.75 2561 133 977 6285 44
40.875 2555 132 966 6303 44
41 2548 130 952 6326 44
41.125 2546 124 943 6343 44
41.25 2542 120 925 6368 45
41.375 2533 118 920 6384 45
41.5 2527 120 902 6405 46
41.625 2520 117 895 6422 46
41.75 2516 113 889 6436 46
41.875 2513 110 874 6457 46
42 2510 109 852 6483 46
42.125 2506 101 848 6499 46
42.25 2502 102 838 6512 46
42.375 2498 100 830 6526 46
42.5 2493 96 828 6537 46
42.625 2486 99 818 6551 46
42.75 2480 100 806 6568 46
42.875 2472 99 792 6591 46
43 2466 100 770 6617 47
43.125 2464 95 755 6639 47
43.25 2464 89 741 6659 47
43.375 2460 88 736 6669 47
43.5 2456 88 720 6689 47
43.625 2450 87 716 6700 47
43.75 2447 88 694 6723 48
43.875 2442 84 690 6735 49
44 2438 84 679 6750 49
44.125 2434 83 671 6763 49
44.25 2427 86 657 6781 49
44.375 2420 85 649 6797 49
44.5 2416 85 639 6811 49
44.625 2412 81 632 6826 49
44.75 2411 77 621 6842 49
44.875 2408 76 612 6855 49
45 2406 73 602 6870 49
45.125 2405 73 591 6882 49
45.25 2401 75 586 6889 49
45.375 2401 71 578 6901 49
45.5 2397 70 572 6912 49
45.625 2395 70 559 6926 50
45.75 2392 72 547 6939 50
45.875 2389 71 539 6951 50
46 2381 74 533 6962 50
46.125 2375 76 526 6973 50
46.25 2374 74 513 6989 50
46.375 2374 63 513 7000 50
46.5 2373 61 504 7012 50
46.625 2370 57 497 7026 50
46.75 2367 57 487 7039 50
46.875 2367 52 480 7051 50
47 2364 50 480 7056 50
47.125 2360 50 471 7069 50
47.25 2355 52 466 7077 50
47.375 2348 56 462 7084 50
47.5 2347 54 457 7091 51
47.625 2343 57 448 7101 51
47.75 2340 56 443 7110 51
47.875 2339 57 433 7120 51
48 2335 58 424 7132 51
48.125 2333 56 421 7139 51
48.25 2330 56 413 7149 52
48.375 2327 58 409 7154 52
48.5 2324 59 405 7160 52
48.625 2318 60 402 7168 52
48.75 2316 55 401 7176 52
48.875 2313 52 396 7187 52
49 2311 51 390 7196 52
49.125 2309 51 389 7199 52
49.25 2306 47 384 7211 52
49.375 2306 44 380 7218 52
49.5 2304 44 378 7222 52
49.625 2304 40 377 7227 52
49.75 2300 43 368 7237 52
49.875 2297 42 365 7243 53
50 2296 39 362 7250 53
50.125 2294 37 355 7261 53
50.25 2290 40 347 7269 54
50.375 2290 40 345 7271 54
50.5 2287 40 341 7278 54
50.625 2285 38 334 7289 54
50.75 2285 35 334 7292 54
50.875 2285 33 327 7301 54
51 2285 31 322 7308 54
51.125 2284 31 311 7320 54
51.25 2283 31 300 7332 54
51.375 2281 31 300 7334 54
51.5 2281 29 294 7342 54
51.625 2278 27 297 7344 54
51.75 2277 27 292 7349 55
51.875 2274 29 283 7359 55
52 2273 29 276 7367 55
52.125 2272 28 272 7373 55
52.25 2269 28 268 7380 55
52.375 2268 28 257 7392 55
52.5 2268 27 249 7401 55
52.625 2268 27 243 7407 55
52.75 2268 23 245 7409 55
52.875 2267 22 245 7411 55
53 2265 22 244 7414 55
53.125 2264 23 237 7421 55
53.25 2264 23 234 7424 55
53.375 2263 24 230 7428 55
53.5 2261 23 228 7433 55
53.625 2259 23 224 7439 55
53.75 2259 22 222 7442 55
53.875 2257 22 217 7449 55
54 2257 19 217 7452 55
54.125 2255 18 218 7454 55
54.25 2253 19 212 7461 55
54.375 2252 18 209 7465 56
54.5 2252 17 207 7468 56
54.625 2250 18 208 7468 56
54.75 2249 16 202 7477 56
54.875 2247 16 202 7478 57
55 2245 17 196 7485 57
55.125 2243 17 193 7490 57
55.25 2242 16 194 7491 57
55.375 2242 14 195 7492 57
55.5 2242 14 191 7496 57
55.625 2242 13 186 7502 57
55.75 2242 12 182 7507 57
55.875 2242 12 179 7510 57
56 2242 11 175 7515 57
56.125 2242 11 172 7518 57
56.25 2242 11 170 7520 57
56.375 2242 11 165 7525 57
56.5 2242 8 166 7527 57
56.625 2242 7 162 7532 57
56.75 2242 6 162 7533 57
56.875 2241 7 156 7539 57
57 2240 7 152 7544 57
57.125 2240 7 149 7547 57
57.25 2240 7 146 7550 57
57.375 2239 8 140 7556 57
57.5 2239 7 139 7558 57
57.625 2238 7 139 7559 57
57.75 2238 7 136 7562 57
57.875 2238 7 134 7564 57
58 2238 6 135 7564 57
58.125 2238 6 129 7570 57
58.25 2237 6 129 7571 57
58.375 2235 8 129 7571 57
58.5 2235 8 128 7572 57
58.625 2235 8 128 7572 57
58.75 2234 9 127 7573 57
58.875 2234 8 127 7574 57
59 2233 8 124 7578 57
59.125 2233 7 124 7579 57
59.25 2233 6 120 7584 57
59.375 2233 6 118 7586 57
59.5 2233 6 116 7588 57
59.625 2233 6 115 7589 57
59.75 2233 6 114 7590 57
59.875 2233 6 112 7592 57
60 2233 6 110 7594 57
60.125 2233 5 107 7598 57
60.25 2233 4 107 7599 57
60.375 2233 4 107 7599 57
60.5 2233 4 105 7601 57
60.625 2233 3 106 7601 57
60.75 2233 3 105 7602 57
60.875 2233 3 101 7606 57
61 2233 3 99 7608 57
61.125 2233 3 97 7610 57
61.25 2233 3 93 7614 57
61.375 2233 3 92 7615 57
61.5 2233 2 93 7615 57
61.625 2232 3 93 7615 57
61.75 2232 3 91 7617 57
61.875 2231 3 89 7620 57
62 2230 4 89 7620 57
62.125 2230 4 85 7623 58
62.25 2230 4 83 7625 58
62.375 2230 3 84 7625 58
62.5 2230 2 85 7625 58
62.625 2230 2 83 7627 58
62.75 2230 2 81 7629 58
62.875 2229 3 81 7629 58
63 2228 3 82 7629 58
63.125 2228 3 81 7630 58
63.25 2228 3 80 7631 58
63.375 2228 3 76 7635 58
63.5 2228 2 75 7637 58
63.625 2227 3 75 7637 58
63.75 2227 3 74 7638 58
63.875 2227 3 73 7639 58
64 2227 1 73 7641 58
64.125 2226 2 71 7643 58
64.25 2226 2 71 7643 58
64.375 2225 2 69 7646 58
64.5 2225 2 69 7646 58
64.625 2224 3 68 7647 58
64.75 2224 3 66 7649 58
64.875 2223 4 65 7650 58
65 2223 4 64 7651 58
65.125 2222 5 63 7652 58
65.25 2222 4 62 7654 58
65.375 2221 4 61 7656 58
65.5 2221 4 61 7656 58
65.625 2221 3 61 7657 58
65.75 2221 3 61 7657 58
65.875 2221 2 60 7659 58
66 2220 3 60 7659 58
66.125 2220 2 57 7663 58
66.25 2219 3 55 7665 58
66.375 2219 3 55 7665 58
66.5 2219 3 54 7666 58
66.625 2219 3 51 7669 58
66.75 2219 3 48 7672 58
66.875 2219 3 48 7672 58
67 2219 3 48 7672 58
67.125 2219 3 46 7674 58
67.25 2219 3 44 7676 58
67.375 2219 3 42 7678 58
67.5 2219 2 43 7678 58
67.625 2219 2 42 7679 58
67.75 2219 2 42 7679 58
67.875 2219 1 43 7679 58
68 2219 1 42 7680 58
68.125 2219 1 41 7681 58
68.25 2219 1 41 7681 58
68.375 2219 1 41 7681 58
68.5 2219 1 40 7682 58
68.625 2219 1 37 7685 58
68.75 2219 1 37 7685 58
68.875 2219 1 37 7685 58
69 2219 1 37 7685 58
69.125 2219 0 36 7687 58
69.25 2219 0 35 7688 58
69.375 2219 0 34 7689 58
69.5 2219 0 34 7689 58
69.625 2219 0 34 7689 58
69.75 2219 0 33 7690 58
69.875 2219 0 33 7690 58
70 2219 0 33 7690 58
70.125 2219 0 32 7691 58
70.25 2219 0 32 7691 58
70.375 2219 0 31 7692 58
70.5 2219 0 31 7692 58
70.625 2219 0 31 7692 58
70.75 2219 0 29 7694 58
70.875 2219 0 29 7694 58
71 2219 0 27 7696 58
71.125 2219 0 27 7696 58
71.25 2219 0 26 7697 58
71.375 2219 0 26 7697 58
71.5 2219 0 26 7697 58
71.625 2219 0 25 7698 58
71.75 2219 0 24 7699 58
71.875 2219 0 22 7701 58
72 2218 1 22 7701 58
72.125 2217 2 22 7701 58
72.25 2217 2 22 7701 58
72.375 2217 2 21 7702 58
72.5 2217 2 21 7702 58
72.625 2217 2 20 7703 58
72.75 2217 2 20 7703 58
72.875 2217 2 20 7703 58
73 2217 1 21 7703 58
73.125 2217 1 20 7704 58
73.25 2216 2 20 7704 58
73.375 2215 2 20 7705 58
73.5 2215 2 20 7705 58
73.625 2215 1 19 7707 58
73.75 2215 1 19 7707 58
73.875 2215 0 20 7707 58
74 2215 0 19 7708 58
74.125 2215 0 19 7708 58
74.25 2215 0 19 7708 58
74.375 2215 0 17 7710 58
74.5 2215 0 17 7710 58
74.625 2215 0 16 7711 58
74.75 2215 0 14 7713 58
74.875 2215 0 14 7713 58
75 2215 0 14 7713 58
75.125 2215 0 14 7713 58
75.25 2215 0 14 7713 58
75.375 2215 0 13 7714 58
75.5 2215 0 12 7715 58
75.625 2215 0 11 7716 58
75.75 2215 0 11 7716 58
75.875 2215 0 11 7716 58
76 2215 0 11 7716 58
76.125 2215 0 9 7718 58
76.25 2215 0 9 7718 58
76.375 2215 0 9 7718 58
76.5 2215 0 9 7718 58
76.625 2215 0 9 7718 58
76.75 2215 0 8 7719 58
76.875 2215 0 8 7719 58
77 2215 0 8 7719 58
77.125 2215 0 8 7719 58
77.25 2215 0 8 7719 58
77.375 2215 0 8 7719 58
77.5 2215 0 8 7719 58
77.625 2215 0 8 7719 58
77.75 2215 0 8 7719 58
77.875 2215 0 8 7719 58
78 2215 0 8 7719 58
78.125 2215 0 7 7720 58
78.25 2215 0 7 7720 58
78.375 2215 0 7 7720 58
78.5 2215 0 7 7720 58
78.625 2215 0 7 7720 58
78.75 2215 0 7 7720 58
78.875 2215 0 7 7720 58
79 2215 0 7 7720 58
79.125 2215 0 7 7720 58
79.25 2215 0 7 7720 58
79.375 2215 0 7 7720 58
79.5 2215 0 7 7720 58
79.625 2215 0 6 7721 58
79.75 2215 0 6 7721 58
79.875 2215 0 5 7722 58
80 2215 0 5 7722 58
80.125 2215 0 5 7722 58
80.25 2215 0 5 7722 58
80.375 2215 0 5 7722 58
80.5 2215 0 5 7722 58
80.625 2215 0 5 7722 58
80.75 2215 0 5 7722 58
80.875 2215 0 5 7722 58
81 2215 0 5 7722 58
81.125 2215 0 5 7722 58
81.25 2215 0 5 7722 58
81.375 2215 0 5 7722 58
81.5 2215 0 5 7722 58
81.625 2215 0 5 7722 58
81.75 2215 0 5 7722 58
81.875 2215 0 5 7722 58
82 2215 0 5 7722 58
82.125 2215 0 5 7722 58
82.25 2215 0 4 7723 58
82.375 2215 0 4 7723 58
82.5 2215 0 4 7723 58
82.625 2214 1 4 7723 58
82.75 2214 1 4 7723 58
82.875 2214 1 4 7723 58
83 2214 1 4 7723 58
83.125 2214 1 3 7724 58
83.25 2214 1 3 7724 58
83.375 2214 1 3 7724 58
83.5 2214 1 3 7724 58
83.625 2214 1 3 7724 58
83.75 2214 1 3 7724 58
83.875 2214 1 3 7724 58
84 2214 1 3 7724 58
84.125 2214 1 3 7724 58
84.25 2214 1 3 7724 58
84.375 2214 1 3 7724 58
84.5 2214 1 3 7724 58
84.625 2214 1 3 7724 58
84.75 2214 0 4 7724 58
84.875 2214 0 4 7724 58
85 2214 0 4 7724 58
85.125 2214 0 4 7724 58
85.25 2214 0 4 7724 58
85.375 2214 0 4 7724 58
85.5 2214 0 4 7724 58
85.625 2214 0 4 7724 58
85.75 2214 0 3 7725 58
85.875 2214 0 3 7725 58
86 2214 0 2 7726 58
86.125 2214 0 2 7726 58
86.25 2214 0 2 7726 58
86.375 2214 0 2 7726 58
86.5 2214 0 2 7726 58
86.625 2214 0 2 7726 58
86.75 2214 0 1 7727 58
86.875 2214 0 1 7727 58
87 2214 0 1 7727 58
87.125 2214 0 1 7727 58
87.25 2214 0 1 7727 58
87.375 2214 0 1 7727 58
87.5 2214 0 1 7727 58
87.625 2214 0 1 7727 58
87.75 2214 0 1 7727 58
87.875 2214 0 1 7727 58
88 2214 0 1 7727 58
88.125 2214 0 1 7727 58
88.25 2214 0 1 7727 58
88.375 2214 0 1 7727 58
88.5 2214 0 1 7727 58
88.625 2214 0 1 7727 58
88.75 2214 0 1 7727 58
88.875 2214 0 1 7727 58
89 2214 0 1 7727 58
89.125 2214 0 1 7727 58
89.25 2214 0 1 7727 58
89.375 2214 0 1 7727 58
89.5 2214 0 1 7727 58
89.625 2214 0 1 7727 58
89.75 2214 0 1 7727 58
89.875 2214 0 1 7727 58
90 2214 0 1 7727 58
90.125 2214 0 1 7727 58
90.25 2214 0 1 7727 58
90.375 2214 0 1 7727 58
90.5 2214 0 1 7727 58
90.625 2214 0 1 7727 58
90.75 2214 0 1 7727 58
90.875 2214 0 1 7727 58
91 2214 0 1 7727 58
91.125 2214 0 1 7727 58
91.25 2214 0 1 7727 58
91.375 2214 0 1 7727 58
91.5 2214 0 1 7727 58
91.625 2214 0 1 7727 58
91.75 2214 0 1 7727 58
91.875 2214 0 1 7727 58
92 2214 0 1 7727 58
92.125 2214 0 1 7727 58
92.25 2214 0 1 7727 58
92.375 2214 0 1 7727 58
92.5 2214 0 1 7727 58
92.625 2214 0 1 7727 58
92.75 2214 0 1 7727 58
92.875 2214 0 1 7727 58
93 2214 0 1 7727 58
93.125 2214 0 1 7727 58
93.25 2214 0 1 7727 58
93.375 2214 0 1 7727 58
93.5 2214 0 1 7727 58
93.625 2214 0 1 7727 58
93.75 2214 0 1 7727 58
93.875 2214 0 1 7727 58
94 2214 0 1 7727 58
94.125 2214 0 1 7727 58
94.25 2214 0 1 7727 58
94.375 2214 0 1 7727 58
94.5 2214 0 1 7727 58
94.625 2214 0 1 7727 58
94.75 2214 0 1 7727 58
94.875 2214 0 1 7727 58
95 2214 0 1 7727 58
95.125 2214 0 1 7727 58
95.25 2214 0 1 7727 58
95.375 2214 0 1 7727 58
95.5 2214 0 1 7727 58
95.625 2214 0 1 7727 58
95.75 2214 0 1 7727 58
95.875 2214 0 1 7727 58
96 2214 0 0 7728 58
