t S E I R D
0 9999 0 1 0 0
0.125 9999 0 1 0 0
0.25 9999 0 1 0 0
0.375 9999 0 1 0 0
0.5 9999 0 1 0 0
0.625 9999 0 1 0 0
0.75 9999 0 1 0 0
0.875 9999 0 1 0 0
1 9999 0 1 0 0
1.125 9999 0 1 0 0
1.25 9999 0 1 0 0
1.375 9999 0 1 0 0
1.5 9999 0 1 0 0
1.625 9999 0 1 0 0
1.75 9999 0 1 0 0
1.875 9999 0 1 0 0
2 9999 0 1 0 0
2.125 9999 0 1 0 0
2.25 9999 0 1 0 0
2.375 9999 0 1 0 0
2.5 9999 0 1 0 0
2.625 9999 0 1 0 0
2.75 9999 0 1 0 0
2.875 9999 0 1 0 0
3 9999 0 1 0 0
3.125 9999 0 1 0 0
3.25 9999 0 1 0 0
3.375 9999 0 1 0 0
3.5 9999 0 1 0 0
3.625 9999 0 1 0 0
3.75 9999 0 1 0 0
3.875 9998 1 1 0 0
4 9998 1 1 0 0
4.125 9998 1 1 0 0
4.25 9998 1 1 0 0
4.375 9998 1 1 0 0
4.5 9998 0 2 0 0
4.625 9997 1 2 0 0
4.75 9997 1 2 0 0
4.875 9997 1 2 0 0
5 9997 1 2 0 0
5.125 9996 2 2 0 0
5.25 9996 2 2 0 0
5.375 9996 2 2 0 0
5.5 9996 2 2 0 0
5.625 9995 3 2 0 0
5.75 9993 5 2 0 0
5.875 9993 4 3 0 0
6 9992 5 3 0 0
6.125 9991 4 5 0 0
6.25 9988 7 5 0 0
6.375 9985 10 5 0 0
6.5 9985 10 5 0 0
6.625 9984 10 6 0 0
6.75 9982 12 6 0 0
6.875 9982 12 6 0 0
7 9982 10 8 0 0
7.125 9982 9 9 0 0
7.25 9982 9 9 0 0
7.375 9981 10 8 1 0
7.5 9979 10 10 1 0
7.625 9979 9 11 1 0
7.75 9979 9 11 1 0
7.875 9979 8 12 1 0
8 9978 9 12 1 0
8.125 9977 10 11 2 0
8.25 9975 11 12 2 0
8.375 9972 14 11 3 0
8.5 9972 13 12 3 0
8.625 9972 13 12 3 0
8.75 9971 12 14 3 0
8.875 9970 13 13 4 0
9 9969 13 14 4 0
9.125 9965 17 14 4 0
9.25 9962 19 15 4 0
9.375 9954 27 15 4 0
9.5 9950 30 16 4 0
9.625 9947 27 22 4 0
9.75 9940 33 22 4 1
9.875 9936 36 23 4 1
10 9936 36 23 4 1
10.125 9934 36 23 6 1
10.25 9934 35 24 6 1
10.375 9929 38 25 7 1
10.5 9924 42 25 8 1
10.625 9917 49 25 8 1
10.75 9916 47 28 8 1
10.875 9912 48 31 8 1
11 9906 52 32 9 1
11.125 9904 51 35 9 1
11.25 9899 54 37 9 1
11.375 9896 56 36 11 1
11.5 9889 62 34 14 1
11.625 9886 60 38 15 1
11.75 9883 61 39 16 1
11.875 9883 56 44 16 1
12 9879 54 48 18 1
12.125 9876 53 50 20 1
12.25 9868 55 56 20 1
12.375 9864 56 59 20 1
12.5 9859 60 57 23 1
12.625 9855 60 59 25 1
12.75 9851 61 61 26 1
12.875 9845 60 67 27 1
13 9841 62 67 29 1
13.125 9834 65 70 30 1
13.25 9831 66 71 31 1
13.375 9826 68 74 31 1
13.5 9818 74 76 31 1
13.625 9811 76 80 32 1
13.75 9803 78 84 34 1
13.875 9789 83 89 38 1
14 9777 88 95 39 1
14.125 9770 88 101 40 1
14.25 9758 97 103 41 1
14.375 9752 99 105 43 1
14.5 9740 102 112 45 1
14.625 9732 98 119 50 1
14.75 9727 101 120 51 1
14.875 9715 113 119 52 1
15 9703 112 128 56 1
15.125 9696 111 134 58 1
15.25 9680 124 132 62 2
15.375 9671 128 133 66 2
15.5 9660 131 138 69 2
15.625 9653 133 141 71 2
15.75 9639 139 143 77 2
15.875 9631 137 151 79 2
16 9625 131 159 83 2
16.125 9621 128 163 86 2
16.25 9618 125 164 91 2
16.375 9615 119 169 95 2
16.5 9604 123 169 102 2
16.625 9600 118 175 105 2
16.75 9597 113 183 105 2
16.875 9592 108 186 112 2
17 9582 111 188 117 2
17.125 9576 108 196 118 2
17.25 9568 108 201 121 2
17.375 9562 104 209 123 2
17.5 9553 107 213 125 2
17.625 9548 107 213 130 2
17.75 9540 111 212 135 2
17.875 9528 117 212 141 2
18 9519 118 215 146 2
18.125 9506 126 216 150 2
18.25 9494 131 220 153 2
18.375 9485 134 223 156 2
18.5 9473 135 227 163 2
18.625 9460 133 238 167 2
18.75 9441 140 244 173 2
18.875 9427 150 244 177 2
19 9407 160 250 181 2
19.125 9391 160 265 182 2
19.25 9374 165 271 188 2
19.375 9353 175 274 196 2
19.5 9333 183 279 203 2
19.625 9321 187 282 208 2
19.75 9308 187 290 213 2
19.875 9280 197 303 218 2
20 9252 215 305 226 2
20.125 9228 218 322 230 2
20.25 9213 221 328 236 2
20.375 9196 227 331 244 2
20.5 9179 232 337 250 2
20.625 9155 243 346 254 2
20.75 9136 244 357 261 2
20.875 9121 247 365 265 2
21 9096 258 371 273 2
21.125 9070 268 381 279 2
21.25 9049 272 394 283 2
21.375 9025 276 406 291 2
21.5 9005 274 421 298 2
21.625 8987 276 427 308 2
21.75 8969 282 431 316 2
21.875 8952 282 440 324 2
22 8926 287 451 334 2
22.125 8898 301 452 347 2
22.25 8877 309 457 355 2
22.375 8861 309 459 369 2
22.5 8843 314 456 385 2
22.625 8822 318 463 395 2
22.75 8802 311 482 403 2
22.875 8781 309 494 414 2
23 8768 307 497 425 3
23.125 8753 301 513 429 4
23.25 8733 298 524 441 4
23.375 8710 296 542 448 4
23.5 8690 294 551 460 5
23.625 8675 298 550 472 5
23.75 8649 301 557 488 5
23.875 8632 301 557 505 5
24 8618 299 559 519 5
24.125 8605 295 563 532 5
24.25 8581 300 572 542 5
24.375 8566 301 574 554 5
24.5 8548 299 586 562 5
24.625 8529 306 589 571 5
24.75 8516 300 590 589 5
24.875 8497 299 600 599 5
25 8476 308 605 606 5
25.125 8456 303 618 618 5
25.25 8433 304 626 632 5
25.375 8418 299 638 640 5
25.5 8398 301 642 654 5
25.625 8379 303 641 672 5
25.75 8368 295 649 682 6
25.875 8347 297 650 700 6
26 8330 294 654 716 6
26.125 8305 300 665 724 6
26.25 8289 301 672 732 6
26.375 8264 313 669 747 7
26.5 8253 301 680 759 7
26.625 8229 298 694 772 7
26.75 8219 286 702 786 7
26.875 8201 282 709 801 7
27 8190 277 707 818 8
27.125 8173 277 707 835 8
27.25 8148 286 712 846 8
27.375 8138 272 720 862 8
27.5 8124 262 726 880 8
27.625 8107 262 733 890 8
27.75 8094 254 747 897 8
27.875 8081 256 745 910 8
28 8069 256 746 921 8
28.125 8052 254 749 937 8
28.25 8040 251 751 950 8
28.375 8025 254 745 968 8
28.5 8015 250 739 988 8
28.625 8005 241 744 1002 8
28.75 7992 236 747 1017 8
28.875 7977 240 747 1028 8
29 7966 230 755 1041 8
29.125 7960 222 756 1054 8
29.25 7946 218 763 1064 9
29.375 7932 216 757 1086 9
29.5 7919 217 747 1108 9
29.625 7905 220 727 1138 10
29.75 7892 214 730 1154 10
29.875 7875 218 732 1165 10
30 7863 212 733 1182 10
30.125 7846 219 727 1198 10
30.25 7834 222 717 1217 10
30.375 7825 215 719 1230 11
30.5 7812 209 714 1254 11
30.625 7796 212 710 1270 12
30.75 7780 215 711 1282 12
30.875 7772 213 709 1294 12
31 7756 219 699 1314 12
31.125 7744 220 681 1343 12
31.25 7732 223 676 1357 12
31.375 7723 220 674 1371 12
31.5 7714 217 671 1386 12
31.625 7705 216 665 1402 12
31.75 7696 211 665 1416 12
31.875 7682 217 661 1428 12
32 7678 201 675 1434 12
32.125 7669 201 668 1450 12
32.25 7658 201 666 1463 12
32.375 7644 205 660 1479 12
32.5 7632 204 659 1492 13
32.625 7617 205 663 1502 13
32.75 7614 191 668 1514 13
32.875 7607 187 667 1526 13
33 7592 186 669 1540 13
33.125 7586 183 665 1553 13
33.25 7575 183 659 1570 13
33.375 7563 184 658 1582 13
33.5 7548 193 650 1596 13
33.625 7542 191 646 1608 13
33.75 7537 184 643 1622 14
33.875 7530 182 637 1637 14
34 7519 185 624 1657 15
34.125 7513 178 625 1669 15
34.25 7506 175 620 1684 15
34.375 7498 175 615 1697 15
34.5 7487 177 608 1713 15
34.625 7475 185 601 1724 15
34.75 7464 186 595 1740 15
34.875 7457 182 595 1751 15
35 7450 176 593 1766 15
35.125 7447 168 587 1782 16
35.25 7440 165 589 1790 16
35.375 7432 165 583 1804 16
35.5 7425 159 585 1814 17
35.625 7415 157 583 1828 17
35.75 7408 160 572 1843 17
35.875 7404 154 573 1852 17
36 7398 151 567 1867 17
36.125 7395 140 568 1880 17
36.25 7388 134 565 1896 17
36.375 7380 132 566 1905 17
36.5 7371 134 564 1914 17
36.625 7366 131 563 1923 17
36.75 7362 126 562 1933 17
36.875 7358 123 559 1943 17
37 7354 118 557 1954 17
37.125 7346 119 557 1961 17
37.25 7337 119 560 1967 17
37.375 7332 114 558 1979 17
37.5 7324 112 562 1985 17
37.625 7316 114 560 1993 17
37.75 7307 116 551 2009 17
37.875 7303 109 555 2015 18
38 7296 107 555 2024 18
38.125 7293 102 552 2035 18
38.25 7287 99 553 2043 18
38.375 7277 105 547 2053 18
38.5 7274 105 541 2062 18
38.625 7269 102 538 2073 18
38.75 7266 97 533 2086 18
38.875 7261 97 524 2098 20
39 7256 97 516 2111 20
39.125 7254 93 513 2120 20
39.25 7249 95 506 2130 20
39.375 7245 92 506 2137 20
39.5 7239 87 510 2144 20
39.625 7236 86 503 2155 20
39.75 7228 91 494 2167 20
39.875 7223 89 490 2178 20
40 7221 85 484 2190 20
40.125 7216 84 482 2198 20
40.25 7211 87 474 2208 20
40.375 7204 90 473 2213 20
40.5 7200 86 473 2221 20
40.625 7195 85 468 2232 20
40.75 7190 83 469 2238 20
40.875 7187 83 461 2249 20
41 7181 81 462 2256 20
41.125 7176 77 458 2269 20
41.25 7173 75 454 2278 20
41.375 7173 68 453 2286 20
41.5 7172 65 449 2294 20
41.625 7167 67 444 2302 20
41.75 7162 70 436 2312 20
41.875 7159 66 431 2324 20
42 7155 67 427 2330 21
42.125 7153 67 417 2342 21
42.25 7148 66 414 2351 21
42.375 7146 64 406 2363 21
42.5 7144 63 403 2369 21
42.625 7143 60 399 2377 21
42.75 7141 58 392 2387 22
42.875 7139 56 386 2397 22
43 7134 56 380 2408 22
43.125 7130 56 372 2420 22
43.25 7128 50 372 2428 22
43.375 7125 51 369 2433 22
43.5 7124 48 361 2445 22
43.625 7120 50 357 2451 22
43.75 7119 51 353 2455 22
43.875 7117 50 346 2465 22
44 7114 49 344 2471 22
44.125 7112 49 341 2476 22
44.25 7109 49 337 2483 22
44.375 7108 48 330 2492 22
44.5 7105 48 324 2501 22
44.625 7102 46 320 2510 22
44.75 7101 44 319 2514 22
44.875 7099 42 314 2523 22
45 7097 40 308 2533 22
45.125 7096 39 303 2540 22
45.25 7093 41 296 2547 23
45.375 7089 44 293 2551 23
45.5 7089 42 291 2555 23
45.625 7085 42 287 2563 23
45.75 7083 37 290 2567 23
45.875 7082 33 292 2570 23
46 7078 34 287 2578 23
46.125 7077 35 282 2583 23
46.25 7075 37 278 2587 23
46.375 7073 37 276 2591 23
46.5 7071 38 273 2595 23
46.625 7070 38 271 2598 23
46.75 7066 38 266 2607 23
46.875 7062 39 257 2619 23
47 7059 39 256 2623 23
47.125 7055 40 255 2627 23
47.25 7052 41 253 2631 23
47.375 7051 38 254 2634 23
47.5 7048 38 251 2640 23
47.625 7045 40 247 2645 23
47.75 7041 40 246 2650 23
47.875 7039 41 244 2653 23
48 7039 38 242 2658 23
48.125 7038 35 241 2663 23
48.25 7037 35 238 2667 23
48.375 7036 34 234 2673 23
48.5 7036 33 233 2675 23
48.625 7035 32 227 2683 23
48.75 7035 28 228 2686 23
48.875 7035 26 226 2690 23
49 7034 27 223 2693 23
49.125 7031 30 217 2699 23
49.25 7031 29 213 2703 24
49.375 7030 27 212 2707 24
49.5 7028 26 209 2713 24
49.625 7028 24 209 2715 24
49.75 7026 23 204 2722 25
49.875 7024 24 198 2729 25
50 7024 24 193 2734 25
50.125 7022 26 189 2738 25
50.25 7022 24 189 2740 25
50.375 7021 24 186 2744 25
50.5 7021 23 183 2748 25
50.625 7020 22 184 2749 25
50.75 7019 22 177 2757 25
50.875 7016 25 175 2759 25
51 7015 24 171 2765 25
51.125 7013 25 168 2769 25
51.25 7013 21 170 2771 25
51.375 7013 20 168 2774 25
51.5 7010 22 166 2777 25
51.625 7009 20 167 2779 25
51.75 7008 21 163 2783 25
51.875 7006 22 160 2787 25
52 7006 18 158 2793 25
52.125 7006 17 157 2795 25
52.25 7006 15 154 2800 25
52.375 7005 16 150 2804 25
52.5 7005 15 149 2806 25
52.625 7005 14 145 2811 25
52.75 7005 12 144 2814 25
52.875 7004 12 142 2817 25
53 7002 13 138 2822 25
53.125 7001 13 137 2824 25
53.25 7001 12 135 2827 25
53.375 7001 12 135 2827 25
53.5 7001 10 136 2828 25
53.625 7001 8 133 2833 25
53.75 6998 9 132 2836 25
53.875 6998 9 130 2838 25
54 6998 9 129 2839 25
54.125 6996 11 129 2839 25
54.25 6996 11 126 2842 25
54.375 6994 12 125 2844 25
54.5 6994 10 126 2845 25
54.625 6992 11 124 2848 25
54.75 6990 12 124 2849 25
54.875 6988 13 123 2851 25
55 6986 14 122 2853 25
55.125 6986 14 119 2856 25
55.25 6985 15 117 2858 25
55.375 6984 11 122 2858 25
55.5 6983 11 121 2860 25
55.625 6981 13 117 2864 25
55.75 6981 12 118 2864 25
55.875 6979 14 115 2867 25
56 6979 13 113 2870 25
56.125 6978 11 113 2872 26
56.25 6978 11 110 2875 26
56.375 6978 11 107 2878 26
56.5 6978 11 106 2879 26
56.625 6978 11 105 2880 26
56.75 6978 11 103 2882 26
56.875 6977 12 102 2883 26
57 6975 13 102 2884 26
57.125 6975 13 101 2885 26
57.25 6975 10 104 2885 26
57.375 6974 11 103 2886 26
57.5 6972 11 104 2887 26
57.625 6972 11 101 2890 26
57.75 6972 11 100 2891 26
57.875 6971 12 99 2892 26
58 6971 11 99 2893 26
58.125 6970 10 98 2896 26
58.25 6970 10 96 2898 26
58.375 6970 7 96 2901 26
58.5 6970 7 94 2903 26
58.625 6969 8 92 2905 26
58.75 6969 8 91 2906 26
58.875 6968 9 91 2906 26
59 6968 7 91 2908 26
59.125 6967 8 90 2909 26
59.25 6964 10 89 2911 26
59.375 6964 9 89 2912 26
59.5 6964 9 88 2913 26
59.625 6964 9 86 2915 26
59.75 6964 9 86 2915 26
59.875 6963 10 84 2917 26
60 6961 11 82 2920 26
60.125 6961 11 81 2921 26
60.25 6961 11 79 2923 26
60.375 6961 11 79 2923 26
60.5 6960 11 79 2924 26
60.625 6960 9 79 2926 26
60.75 6960 9 77 2928 26
60.875 6959 9 75 2931 26
61 6959 9 72 2934 26
61.125 6959 9 72 2934 26
61.25 6959 9 72 2934 26
61.375 6959 9 70 2936 26
61.5 6959 9 70 2936 26
61.625 6959 9 70 2936 26
61.75 6959 9 70 2936 26
61.875 6958 9 71 2936 26
62 6957 10 70 2937 26
62.125 6957 10 70 2937 26
62.25 6957 10 67 2940 26
62.375 6957 10 67 2940 26
62.5 6957 10 65 2942 26
62.625 6956 11 64 2943 26
62.75 6955 10 63 2946 26
62.875 6954 11 63 2946 26
63 6954 10 63 2947 26
63.125 6953 11 61 2949 26
63.25 6953 8 63 2950 26
63.375 6953 7 64 2950 26
63.5 6953 7 64 2950 26
63.625 6953 7 63 2951 26
63.75 6953 7 60 2954 26
63.875 6953 7 59 2955 26
64 6953 6 60 2955 26
64.125 6951 8 58 2957 26
64.25 6951 6 57 2960 26
64.375 6951 3 59 2961 26
64.5 6948 6 59 2961 26
64.625 6948 6 59 2961 26
64.75 6948 5 55 2966 26
64.875 6948 5 53 2968 26
65 6948 5 52 2969 26
65.125 6948 5 50 2971 26
65.25 6947 6 49 2972 26
65.375 6946 6 48 2974 26
65.5 6946 5 48 2975 26
65.625 6946 4 49 2975 26
65.75 6946 4 49 2975 26
65.875 6946 4 49 2975 26
66 6946 4 48 2976 26
66.125 6946 4 43 2981 26
66.25 6946 4 39 2985 26
66.375 6946 4 37 2987 26
66.5 6946 4 36 2988 26
66.625 6946 3 36 2989 26
66.75 6946 3 36 2989 26
66.875 6945 4 35 2990 26
67 6945 4 35 2990 26
67.125 6945 4 33 2992 26
67.25 6945 4 33 2992 26
67.375 6945 3 34 2992 26
67.5 6945 2 34 2993 26
67.625 6945 1 34 2994 26
67.75 6945 1 34 2994 26
67.875 6945 1 33 2995 26
68 6945 1 32 2996 26
68.125 6945 1 31 2997 26
68.25 6945 0 31 2998 26
68.375 6945 0 30 2999 26
68.5 6945 0 30 2999 26
68.625 6945 0 29 3000 26
68.75 6945 0 29 3000 26
68.875 6945 0 29 3000 26
69 6945 0 29 3000 26
69.125 6945 0 28 3001 26
69.25 6945 0 28 3001 26
69.375 6945 0 28 3001 26
69.5 6945 0 28 3001 26
69.625 6945 0 28 3001 26
69.75 6945 0 28 3001 26
69.875 6945 0 27 3002 26
70 6944 1 27 3002 26
70.125 6944 1 27 3002 26
70.25 6944 1 27 3002 26
70.375 6944 1 26 3003 26
70.5 6944 1 25 3004 26
70.625 6944 1 25 3004 26
70.75 6944 1 24 3005 26
70.875 6944 1 23 3006 26
71 6944 1 21 3008 26
71.125 6943 2 20 3009 26
71.25 6943 2 20 3009 26
71.375 6943 2 20 3009 26
71.5 6943 2 19 3010 26
71.625 6943 2 18 3011 26
71.75 6943 2 18 3011 26
71.875 6943 2 18 3011 26
72 6943 2 18 3011 26
72.125 6943 2 17 3012 26
72.25 6943 2 15 3014 26
72.375 6943 2 15 3014 26
72.5 6943 2 15 3014 26
72.625 6942 3 15 3014 26
72.75 6942 3 15 3014 26
72.875 6942 3 15 3014 26
73 6942 3 15 3014 26
73.125 6942 2 16 3014 26
73.25 6942 2 14 3016 26
73.375 6942 2 14 3016 26
73.5 6942 2 14 3016 26
73.625 6942 2 14 3016 26
73.75 6942 2 14 3016 26
73.875 6942 2 14 3016 26
74 6942 2 13 3017 26
74.125 6942 1 14 3017 26
74.25 6942 1 13 3018 26
74.375 6942 1 13 3018 26
74.5 6942 1 12 3019 26
74.625 6942 1 11 3020 26
74.75 6942 1 10 3021 26
74.875 6942 1 10 3021 26
75 6942 1 9 3022 26
75.125 6942 1 8 3023 26
75.25 6942 1 8 3023 26
75.375 6942 1 8 3023 26
75.5 6942 1 8 3023 26
75.625 6942 1 8 3023 26
75.75 6942 1 8 3023 26
75.875 6942 0 8 3024 26
76 6942 0 7 3025 26
76.125 6942 0 7 3025 26
76.25 6942 0 7 3025 26
76.375 6942 0 5 3027 26
76.5 6942 0 5 3027 26
76.625 6942 0 5 3027 26
76.75 6942 0 5 3027 26
76.875 6942 0 5 3027 26
77 6942 0 5 3027 26
77.125 6942 0 5 3027 26
77.25 6942 0 5 3027 26
77.375 6942 0 5 3027 26
77.5 6942 0 5 3027 26
77.625 6942 0 5 3027 26
77.75 6942 0 5 3027 26
77.875 6942 0 5 3027 26
78 6942 0 5 3027 26
78.125 6942 0 5 3027 26
78.25 6942 0 5 3027 26
78.375 6942 0 5 3027 26
78.5 6942 0 5 3027 26
78.625 6942 0 5 3027 26
78.75 6942 0 5 3027 26
78.875 6942 0 5 3027 26
79 6942 0 5 3027 26
79.125 6942 0 5 3027 26
79.25 6942 0 4 3028 26
79.375 6942 0 4 3028 26
79.5 6942 0 3 3029 26
79.625 6942 0 3 3029 26
79.75 6942 0 3 3029 26
79.875 6942 0 3 3029 26
80 6942 0 3 3029 26
80.125 6942 0 3 3029 26
80.25 6942 0 3 3029 26
80.375 6942 0 3 3029 26
80.5 6942 0 3 3029 26
80.625 6942 0 3 3029 26
80.75 6942 0 3 3029 26
80.875 6942 0 3 3029 26
81 6942 0 3 3029 26
81.125 6942 0 3 3029 26
81.25 6942 0 3 3029 26
81.375 6942 0 3 3029 26
81.5 6942 0 3 3029 26
81.625 6942 0 3 3029 26
81.75 6942 0 3 3029 26
81.875 6942 0 3 3029 26
82 6942 0 3 3029 26
82.125 6942 0 3 3029 26
82.25 6942 0 2 3030 26
82.375 6942 0 1 3031 26
82.5 6942 0 1 3031 26
82.625 6942 0 1 3031 26
82.75 6942 0 1 3031 26
82.875 6942 0 1 3031 26
83 6942 0 1 3031 26
83.125 6942 0 1 3031 26
83.25 6942 0 1 3031 26
83.375 6942 0 1 3031 26
83.5 6942 0 1 3031 26
83.625 6942 0 1 3031 26
83.75 6942 0 1 3031 26
83.875 6942 0 1 3031 26
84 6942 0 1 3031 26
84.125 6942 0 1 3031 26
84.25 6942 0 1 3031 26
84.375 6942 0 1 3031 26
84.5 6942 0 1 3031 26
84.625 6942 0 1 3031 26
84.75 6942 0 1 3031 26
84.875 6942 0 1 3031 26
85 6942 0 1 3031 26
85.125 6942 0 0 3032 26
