t S E I R D
0 9999 0 1 0 0
0.125 9999 0 1 0 0
0.25 9999 0 1 0 0
0.375 9999 0 1 0 0
0.5 9998 1 1 0 0
0.625 9998 1 1 0 0
0.75 9998 1 1 0 0
0.875 9998 1 1 0 0
1 9998 1 1 0 0
1.125 9998 1 1 0 0
1.25 9997 2 1 0 0
1.375 9997 2 1 0 0
1.5 9997 1 1 1 0
1.625 9996 2 1 1 0
1.75 9996 1 2 1 0
1.875 9995 2 2 1 0
2 9995 2 2 1 0
2.125 9991 4 4 1 0
2.25 9987 8 4 1 0
2.375 9985 10 4 1 0
2.5 9983 12 4 1 0
2.625 9982 11 6 1 0
2.75 9982 11 6 1 0
2.875 9980 12 7 1 0
3 9978 13 8 1 0
3.125 9976 15 7 2 0
3.25 9976 14 8 2 0
3.375 9974 16 8 2 0
3.5 9972 18 8 2 0
3.625 9971 16 10 3 0
3.75 9970 17 10 3 0
3.875 9967 20 10 3 0
4 9966 20 10 4 0
4.125 9962 22 11 5 0
4.25 9957 25 13 5 0
4.375 9951 27 16 6 0
4.5 9950 27 17 6 0
4.625 9943 31 20 6 0
4.75 9935 38 20 6 1
4.875 9929 43 21 6 1
5 9921 46 26 6 1
5.125 9915 49 29 6 1
5.25 9912 48 32 7 1
5.375 9906 51 35 7 1
5.5 9899 55 37 8 1
5.625 9890 61 39 9 1
5.75 9887 58 44 10 1
5.875 9881 60 48 10 1
6 9872 64 52 11 1
6.125 9865 68 54 12 1
6.25 9857 74 54 14 1
6.375 9848 80 56 15 1
6.5 9839 76 68 16 1
6.625 9829 81 71 18 1
6.75 9817 91 71 20 1
6.875 9806 97 74 22 1
7 9797 101 76 25 1
7.125 9789 104 80 26 1
7.25 9780 107 84 28 1
7.375 9767 112 87 33 1
7.5 9762 112 90 35 1
7.625 9755 112 93 39 1
7.75 9741 117 100 41 1
7.875 9731 115 110 43 1
8 9723 114 117 45 1
8.125 9711 120 116 51 2
8.25 9703 124 118 53 2
8.375 9695 124 121 58 2
8.5 9691 124 124 59 2
8.625 9681 128 127 62 2
8.75 9671 129 134 64 2
8.875 9667 127 139 65 2
9 9654 129 146 69 2
9.125 9652 125 148 73 2
9.25 9642 127 149 80 2
9.375 9636 124 155 83 2
9.5 9622 132 159 85 2
9.625 9616 135 156 91 2
9.75 9609 139 154 96 2
9.875 9606 133 157 102 2
10 9600 130 164 104 2
10.125 9594 126 172 106 2
10.25 9577 137 176 108 2
10.375 9565 138 180 114 3
10.5 9560 135 188 114 3
10.625 9545 144 189 119 3
10.75 9538 140 196 123 3
10.875 9522 142 204 129 3
11 9514 141 210 132 3
11.125 9506 142 211 138 3
11.25 9497 138 221 141 3
11.375 9489 135 228 145 3
11.5 9477 139 233 148 3
11.625 9462 144 236 155 3
11.75 9453 146 239 159 3
11.875 9448 142 241 166 3
12 9436 146 247 168 3
12.125 9425 142 261 169 3
12.25 9419 141 263 174 3
12.375 9406 142 272 177 3
12.5 9391 149 271 186 3
12.625 9380 154 274 189 3
12.75 9368 157 282 190 3
12.875 9359 153 292 193 3
13 9345 159 298 195 3
13.125 9331 164 302 200 3
13.25 9319 171 302 205 3
13.375 9306 163 320 208 3
13.5 9295 164 320 217 4
13.625 9279 168 327 222 4
13.75 9269 168 331 228 4
13.875 9260 167 334 235 4
14 9248 164 342 242 4
14.125 9237 171 343 245 4
14.25 9224 174 348 250 4
14.375 9202 187 354 253 4
14.5 9184 196 353 262 5
14.625 9172 192 357 274 5
14.75 9161 194 360 280 5
14.875 9149 188 372 286 5
15 9139 187 376 293 5
15.125 9126 192 378 299 5
15.25 9111 198 382 304 5
15.375 9097 200 382 316 5
15.5 9088 197 387 323 5
15.625 9071 201 394 329 5
15.75 9058 200 400 337 5
15.875 9039 206 406 344 5
16 9026 206 412 351 5
16.125 9012 201 416 366 5
16.25 8998 203 422 372 5
16.375 8987 195 432 381 5
16.5 8974 188 444 389 5
16.625 8965 182 451 397 5
16.75 8952 187 447 409 5
16.875 8942 187 449 417 5
17 8926 192 450 427 5
17.125 8916 191 451 437 5
17.25 8906 189 460 440 5
17.375 8897 183 467 448 5
17.5 8883 183 471 458 5
17.625 8867 184 470 470 9
17.75 8856 189 468 478 9
17.875 8846 189 471 485 9
18 8833 189 477 492 9
18.125 8818 198 466 509 9
18.25 8808 196 471 516 9
18.375 8799 187 482 523 9
18.5 8782 194 485 530 9
18.625 8766 194 488 543 9
18.75 8753 197 485 556 9
18.875 8743 192 490 566 9
19 8736 191 484 580 9
19.125 8721 200 483 587 9
19.25 8710 202 481 598 9
19.375 8701 203 482 605 9
19.5 8694 196 488 613 9
19.625 8683 191 498 619 9
19.75 8668 198 494 631 9
19.875 8657 206 486 642 9
20 8647 201 491 652 9
20.125 8634 203 493 661 9
20.25 8621 207 491 672 9
20.375 8608 209 494 680 9
20.5 8596 206 499 690 9
20.625 8583 210 500 698 9
20.75 8575 211 494 711 9
20.875 8559 218 495 719 9
21 8552 212 493 734 9
21.125 8542 211 496 742 9
21.25 8533 206 504 748 9
21.375 8513 218 499 761 9
21.5 8499 211 512 769 9
21.625 8487 209 517 778 9
21.75 8470 217 520 784 9
21.875 8451 223 522 795 9
22 8440 222 524 805 9
22.125 8432 213 529 817 9
22.25 8416 222 523 830 9
22.375 8412 209 531 839 9
22.5 8400 204 542 845 9
22.625 8384 204 543 860 9
22.75 8371 205 544 871 9
22.875 8358 203 545 884 10
23 8346 196 553 894 11
23.125 8335 197 557 900 11
23.25 8321 193 565 909 12
23.375 8311 192 565 920 12
23.5 8299 192 564 933 12
23.625 8288 189 561 950 12
23.75 8274 189 570 955 12
23.875 8263 188 573 964 12
24 8257 184 569 977 13
24.125 8246 178 570 993 13
24.25 8234 177 566 1010 13
24.375 8227 170 569 1021 13
24.5 8219 169 570 1029 13
24.625 8207 166 571 1043 13
24.75 8197 170 560 1060 13
24.875 8185 176 555 1071 13
25 8169 186 549 1082 14
25.125 8157 188 547 1094 14
25.25 8145 189 546 1106 14
25.375 8137 181 550 1118 14
25.5 8132 174 555 1125 14
25.625 8118 177 557 1134 14
25.75 8111 174 547 1154 14
25.875 8104 170 548 1164 14
26 8089 176 543 1177 15
26.125 8081 170 542 1192 15
26.25 8070 172 546 1197 15
26.375 8068 169 541 1207 15
26.5 8055 175 535 1220 15
26.625 8045 173 527 1240 15
26.75 8038 169 526 1252 15
26.875 8026 169 527 1262 16
27 8016 166 529 1273 16
27.125 8010 160 534 1280 16
27.25 7997 165 526 1296 16
27.375 7988 163 526 1307 16
27.5 7980 161 526 1316 17
27.625 7975 152 533 1323 17
27.75 7960 159 535 1329 17
27.875 7944 162 536 1341 17
28 7932 167 524 1360 17
28.125 7924 159 529 1371 17
28.25 7918 154 534 1377 17
28.375 7909 151 539 1384 17
28.5 7901 149 540 1393 17
28.625 7889 147 543 1404 17
28.75 7883 142 544 1414 17
28.875 7872 140 543 1428 17
29 7866 134 540 1443 17
29.125 7858 135 535 1455 17
29.25 7846 141 531 1465 17
29.375 7839 140 523 1481 17
29.5 7831 140 514 1497 18
29.625 7826 135 510 1511 18
29.75 7821 133 509 1519 18
29.875 7813 134 505 1530 18
30 7802 129 510 1541 18
30.125 7792 130 509 1551 18
30.25 7783 131 508 1560 18
30.375 7775 131 505 1571 18
30.5 7761 139 500 1582 18
30.625 7759 128 499 1596 18
30.75 7755 125 496 1606 18
30.875 7751 120 488 1623 18
31 7746 118 484 1632 20
31.125 7742 113 481 1644 20
31.25 7730 118 478 1654 20
31.375 7726 111 481 1662 20
31.5 7725 105 477 1673 20
31.625 7717 107 475 1681 20
31.75 7709 107 472 1692 20
31.875 7706 103 472 1699 20
32 7699 99 472 1710 20
32.125 7695 94 466 1725 20
32.25 7694 90 463 1733 20
32.375 7691 88 459 1742 20
32.5 7684 91 448 1757 20
32.625 7681 88 443 1768 20
32.75 7678 82 447 1773 20
32.875 7670 87 440 1783 20
33 7661 90 438 1791 20
33.125 7655 90 432 1803 20
33.25 7649 87 435 1809 20
33.375 7640 89 426 1825 20
33.5 7637 81 429 1833 20
33.625 7629 81 426 1844 20
33.75 7626 79 426 1849 20
33.875 7618 81 425 1856 20
34 7615 79 422 1864 20
34.125 7610 74 419 1877 20
34.25 7607 75 414 1884 20
34.375 7598 77 413 1892 20
34.5 7595 78 403 1903 21
34.625 7590 80 399 1910 21
34.75 7586 81 389 1923 21
34.875 7578 84 384 1933 21
35 7575 82 380 1942 21
35.125 7572 78 381 1948 21
35.25 7560 85 378 1956 21
35.375 7554 85 379 1961 21
35.5 7546 87 374 1972 21
35.625 7537 95 365 1982 21
35.75 7531 97 364 1987 21
35.875 7528 97 359 1995 21
36 7525 95 356 2003 21
36.125 7520 98 352 2009 21
36.25 7516 97 352 2014 21
36.375 7510 97 351 2021 21
36.5 7506 96 353 2024 21
36.625 7505 94 350 2030 21
36.75 7504 90 351 2034 21
36.875 7500 92 341 2046 21
37 7495 92 342 2050 21
37.125 7492 87 348 2052 21
37.25 7491 84 343 2061 21
37.375 7488 85 338 2068 21
37.5 7485 83 337 2074 21
37.625 7482 85 331 2081 21
37.75 7480 83 325 2090 22
37.875 7476 79 329 2094 22
38 7472 79 325 2102 22
38.125 7471 75 324 2108 22
38.25 7471 70 324 2113 22
38.375 7467 69 323 2119 22
38.5 7464 68 314 2132 22
38.625 7460 68 305 2145 22
38.75 7456 66 306 2150 22
38.875 7453 64 307 2154 22
39 7446 66 304 2162 22
39.125 7440 68 299 2170 23
39.25 7439 61 304 2173 23
39.375 7434 63 300 2180 23
39.5 7428 63 296 2190 23
39.625 7426 62 292 2197 23
39.75 7424 62 287 2203 24
39.875 7420 62 289 2205 24
40 7419 60 289 2208 24
40.125 7419 57 288 2212 24
40.25 7417 57 280 2222 24
40.375 7412 60 277 2227 24
40.5 7411 58 271 2236 24
40.625 7408 55 273 2240 24
40.75 7406 55 273 2242 24
40.875 7404 55 268 2249 24
41 7404 51 270 2251 24
41.125 7399 52 267 2258 24
41.25 7398 52 259 2267 24
41.375 7396 52 255 2273 24
41.5 7395 51 252 2278 24
41.625 7393 49 253 2281 24
41.75 7392 45 250 2289 24
41.875 7391 46 247 2292 24
42 7388 43 248 2297 24
42.125 7384 44 248 2300 24
42.25 7383 39 245 2309 24
42.375 7381 39 244 2312 24
42.5 7381 36 241 2318 24
42.625 7375 41 238 2322 24
42.75 7374 37 239 2326 24
42.875 7372 34 242 2328 24
43 7371 34 241 2330 24
43.125 7369 36 238 2333 24
43.25 7367 34 238 2337 24
43.375 7365 33 234 2343 25
43.5 7365 33 229 2348 25
43.625 7365 33 226 2351 25
43.75 7361 37 223 2354 25
43.875 7361 36 220 2358 25
44 7358 35 218 2364 25
44.125 7356 36 213 2370 25
44.25 7353 36 214 2372 25
44.375 7351 37 214 2373 25
44.5 7349 37 206 2383 25
44.625 7346 35 207 2387 25
44.75 7345 35 204 2391 25
44.875 7343 34 201 2396 26
45 7342 34 195 2403 26
45.125 7340 35 191 2408 26
45.25 7340 33 189 2412 26
45.375 7339 29 186 2420 26
45.5 7336 32 182 2423 27
45.625 7335 33 180 2425 27
45.75 7334 31 182 2426 27
45.875 7332 31 182 2428 27
46 7332 30 179 2432 27
46.125 7331 31 174 2437 27
46.25 7330 32 171 2440 27
46.375 7329 31 170 2443 27
46.5 7329 30 169 2445 27
46.625 7328 30 165 2450 27
46.75 7326 30 163 2454 27
46.875 7325 28 165 2455 27
47 7324 28 164 2457 27
47.125 7322 29 160 2462 27
47.25 7321 29 158 2465 27
47.375 7320 30 153 2470 27
47.5 7320 30 152 2471 27
47.625 7318 28 154 2473 27
47.75 7317 27 156 2473 27
47.875 7316 24 157 2476 27
48 7314 26 152 2481 27
48.125 7314 25 150 2484 27
48.25 7313 26 146 2488 27
48.375 7313 26 140 2494 27
48.5 7313 25 139 2496 27
48.625 7312 23 136 2502 27
48.75 7310 22 133 2508 27
48.875 7310 22 127 2514 27
49 7310 21 126 2516 27
49.125 7310 21 125 2516 28
49.25 7309 20 125 2518 28
49.375 7309 19 126 2518 28
49.5 7309 19 124 2520 28
49.625 7309 19 121 2523 28
49.75 7309 19 116 2527 29
49.875 7308 20 110 2533 29
50 7308 19 110 2534 29
50.125 7307 18 109 2537 29
50.25 7307 16 108 2540 29
50.375 7306 17 105 2543 29
50.5 7305 18 103 2545 29
50.625 7303 18 103 2547 29
50.75 7302 18 100 2551 29
50.875 7300 19 97 2555 29
51 7300 15 98 2558 29
51.125 7299 15 95 2562 29
51.25 7299 14 93 2565 29
51.375 7298 14 94 2565 29
51.5 7298 13 93 2567 29
51.625 7297 13 91 2570 29
51.75 7297 13 91 2570 29
51.875 7297 12 91 2571 29
52 7297 12 89 2573 29
52.125 7295 14 85 2577 29
52.25 7295 13 86 2577 29
52.375 7295 13 84 2579 29
52.5 7295 11 84 2581 29
52.625 7294 11 82 2584 29
52.75 7294 9 83 2585 29
52.875 7293 9 82 2587 29
53 7293 8 81 2589 29
53.125 7292 9 77 2593 29
53.25 7290 11 75 2595 29
53.375 7290 10 74 2597 29
53.5 7290 9 75 2597 29
53.625 7288 9 76 2598 29
53.75 7286 10 77 2598 29
53.875 7286 10 77 2598 29
54 7286 10 77 2598 29
54.125 7286 10 76 2599 29
54.25 7286 10 75 2600 29
54.375 7284 11 74 2602 29
54.5 7284 9 75 2603 29
54.625 7283 8 74 2606 29
54.75 7282 9 74 2606 29
54.875 7280 11 73 2607 29
55 7279 12 70 2610 29
55.125 7279 12 70 2610 29
55.25 7279 11 69 2612 29
55.375 7278 11 68 2614 29
55.5 7278 10 68 2615 29
55.625 7278 9 69 2615 29
55.75 7277 9 68 2617 29
55.875 7277 9 67 2618 29
56 7276 9 67 2619 29
56.125 7275 10 66 2620 29
56.25 7274 10 67 2620 29
56.375 7273 11 65 2622 29
56.5 7273 10 66 2622 29
56.625 7271 11 66 2623 29
56.75 7271 11 65 2624 29
56.875 7271 11 64 2625 29
57 7270 12 64 2625 29
57.125 7269 12 65 2625 29
57.25 7269 12 63 2627 29
57.375 7269 12 62 2628 29
57.5 7269 11 62 2629 29
57.625 7269 11 62 2629 29
57.75 7269 10 63 2629 29
57.875 7269 10 59 2633 29
58 7269 9 58 2635 29
58.125 7269 7 59 2636 29
58.25 7269 5 60 2637 29
58.375 7269 5 60 2637 29
58.5 7269 4 58 2640 29
58.625 7269 4 56 2642 29
58.75 7269 4 55 2643 29
58.875 7269 4 54 2644 29
59 7269 3 54 2645 29
59.125 7269 3 54 2645 29
59.25 7269 2 54 2646 29
59.375 7269 2 52 2648 29
59.5 7269 2 50 2650 29
59.625 7269 2 49 2651 29
59.75 7269 0 50 2652 29
59.875 7269 0 50 2652 29
60 7269 0 49 2653 29
60.125 7269 0 47 2655 29
60.25 7269 0 44 2658 29
60.375 7269 0 43 2659 29
60.5 7269 0 43 2659 29
60.625 7269 0 42 2660 29
60.75 7268 1 42 2660 29
60.875 7268 1 40 2662 29
61 7267 2 40 2662 29
61.125 7267 2 38 2664 29
61.25 7267 2 38 2664 29
61.375 7267 2 38 2664 29
61.5 7267 2 37 2665 29
61.625 7267 2 37 2665 29
61.75 7266 3 37 2665 29
61.875 7266 3 36 2666 29
62 7265 4 35 2667 29
62.125 7265 4 34 2668 29
62.25 7265 4 34 2668 29
62.375 7265 3 35 2668 29
62.5 7265 3 34 2669 29
62.625 7265 3 34 2669 29
62.75 7265 3 33 2670 29
62.875 7265 3 33 2670 29
63 7264 4 33 2670 29
63.125 7263 5 32 2671 29
63.25 7263 5 31 2672 29
63.375 7263 5 31 2672 29
63.5 7263 4 30 2674 29
63.625 7263 4 29 2675 29
63.75 7262 5 28 2676 29
63.875 7260 7 27 2677 29
64 7260 7 27 2677 29
64.125 7260 7 26 2678 29
64.25 7260 7 25 2679 29
64.375 7260 6 24 2681 29
64.5 7260 6 24 2681 29
64.625 7259 7 24 2681 29
64.75 7259 6 24 2682 29
64.875 7259 5 24 2683 29
65 7259 4 24 2684 29
65.125 7259 4 24 2684 29
65.25 7259 4 24 2684 29
65.375 7259 4 24 2684 29
65.5 7259 4 23 2685 29
65.625 7259 4 23 2685 29
65.75 7258 5 23 2685 29
65.875 7258 5 22 2686 29
66 7258 4 23 2686 29
66.125 7258 4 22 2687 29
66.25 7258 4 21 2688 29
66.375 7258 4 21 2688 29
66.5 7258 4 20 2689 29
66.625 7258 3 21 2689 29
66.75 7258 3 21 2689 29
66.875 7258 3 20 2690 29
67 7257 4 20 2690 29
67.125 7257 4 20 2690 29
67.25 7257 4 20 2690 29
67.375 7257 4 20 2690 29
67.5 7257 4 20 2690 29
67.625 7257 4 20 2690 29
67.75 7257 2 21 2691 29
67.875 7257 2 20 2692 29
68 7256 3 20 2692 29
68.125 7256 3 18 2694 29
68.25 7256 3 18 2694 29
68.375 7256 3 18 2694 29
68.5 7256 3 17 2695 29
68.625 7256 2 16 2697 29
68.75 7256 2 16 2697 29
68.875 7255 3 16 2697 29
69 7255 3 16 2697 29
69.125 7255 3 15 2698 29
69.25 7255 1 16 2699 29
69.375 7255 1 16 2699 29
69.5 7255 0 17 2699 29
69.625 7255 0 16 2700 29
69.75 7255 0 15 2701 29
69.875 7255 0 15 2701 29
70 7254 1 14 2702 29
70.125 7254 1 14 2702 29
70.25 7254 1 13 2703 29
70.375 7254 1 13 2703 29
70.5 7254 1 13 2703 29
70.625 7253 2 12 2704 29
70.75 7253 2 12 2704 29
70.875 7253 2 12 2704 29
71 7253 2 12 2704 29
71.125 7253 2 12 2704 29
71.25 7253 2 11 2705 29
71.375 7253 2 11 2705 29
71.5 7253 2 11 2705 29
71.625 7253 1 11 2706 29
71.75 7253 1 10 2707 29
71.875 7253 1 10 2707 29
72 7253 1 10 2707 29
72.125 7253 1 10 2707 29
72.25 7253 1 10 2707 29
72.375 7253 1 10 2707 29
72.5 7253 1 10 2707 29
72.625 7253 1 10 2707 29
72.75 7253 1 10 2707 29
72.875 7253 1 10 2707 29
73 7253 1 10 2707 29
73.125 7253 1 10 2707 29
73.25 7253 1 10 2707 29
73.375 7252 2 10 2707 29
73.5 7252 2 10 2707 29
73.625 7252 2 10 2707 29
73.75 7252 2 10 2707 29
73.875 7252 2 10 2707 29
74 7252 2 9 2708 29
74.125 7252 2 8 2709 29
74.25 7252 1 9 2709 29
74.375 7252 1 7 2711 29
74.5 7252 1 7 2711 29
74.625 7252 1 6 2712 29
74.75 7251 2 5 2713 29
74.875 7251 2 5 2713 29
75 7251 2 5 2713 29
75.125 7251 2 5 2713 29
75.25 7251 2 4 2714 29
75.375 7251 2 4 2714 29
75.5 7251 2 4 2714 29
75.625 7251 2 4 2714 29
75.75 7251 2 4 2714 29
75.875 7251 2 4 2714 29
76 7251 2 4 2714 29
76.125 7251 2 4 2714 29
76.25 7251 2 4 2714 29
76.375 7251 2 4 2714 29
76.5 7251 2 4 2714 29
76.625 7251 2 4 2714 29
76.75 7251 2 4 2714 29
76.875 7251 2 4 2714 29
77 7251 2 4 2714 29
77.125 7251 2 4 2714 29
77.25 7251 2 4 2714 29
77.375 7251 2 4 2714 29
77.5 7251 2 4 2714 29
77.625 7251 2 4 2714 29
77.75 7251 2 4 2714 29
77.875 7251 2 4 2714 29
78 7251 1 5 2714 29
78.125 7251 1 5 2714 29
78.25 7251 1 5 2714 29
78.375 7251 1 5 2714 29
78.5 7251 1 5 2714 29
78.625 7251 1 5 2714 29
78.75 7251 1 5 2714 29
78.875 7251 1 5 2714 29
79 7251 1 5 2714 29
79.125 7251 1 5 2714 29
79.25 7251 1 5 2714 29
79.375 7251 1 5 2714 29
79.5 7251 1 5 2714 29
79.625 7251 1 5 2714 29
79.75 7251 0 6 2714 29
79.875 7251 0 6 2714 29
80 7251 0 6 2714 29
80.125 7250 1 6 2714 29
80.25 7250 1 6 2714 29
80.375 7250 1 5 2714 30
80.5 7250 1 5 2714 30
80.625 7250 1 5 2714 30
80.75 7250 1 5 2714 30
80.875 7250 1 5 2714 30
81 7250 1 5 2714 30
81.125 7250 1 5 2714 30
81.25 7250 1 5 2714 30
81.375 7250 1 5 2714 30
81.5 7250 1 5 2714 30
81.625 7250 1 4 2715 30
81.75 7250 1 4 2715 30
81.875 7250 1 4 2715 30
82 7250 1 4 2715 30
82.125 7250 1 4 2715 30
82.25 7250 1 4 2715 30
82.375 7250 1 4 2715 30
82.5 7250 1 4 2715 30
82.625 7250 1 4 2715 30
82.75 7250 1 4 2715 30
82.875 7250 1 4 2715 30
83 7250 1 4 2715 30
83.125 7250 1 4 2715 30
83.25 7250 1 4 2715 30
83.375 7250 1 4 2715 30
83.5 7250 1 4 2715 30
83.625 7250 1 4 2715 30
83.75 7250 1 4 2715 30
83.875 7250 1 4 2715 30
84 7250 1 4 2715 30
84.125 7250 1 4 2715 30
84.25 7250 1 4 2715 30
84.375 7250 1 4 2715 30
84.5 7250 1 3 2716 30
84.625 7250 1 3 2716 30
84.75 7250 1 3 2716 30
84.875 7250 1 3 2716 30
85 7250 0 4 2716 30
85.125 7250 0 4 2716 30
85.25 7250 0 3 2717 30
85.375 7250 0 2 2718 30
85.5 7250 0 2 2718 30
85.625 7249 1 2 2718 30
85.75 7249 1 2 2718 30
85.875 7248 2 2 2718 30
86 7248 1 3 2718 30
86.125 7248 1 3 2718 30
86.25 7248 1 3 2718 30
86.375 7248 1 3 2718 30
86.5 7248 1 3 2718 30
86.625 7248 1 3 2718 30
86.75 7248 0 4 2718 30
86.875 7248 0 4 2718 30
87 7247 1 4 2718 30
87.125 7247 1 4 2718 30
87.25 7247 1 4 2718 30
87.375 7247 1 4 2718 30
87.5 7247 1 3 2719 30
87.625 7247 1 3 2719 30
87.75 7247 1 3 2719 30
87.875 7247 1 3 2719 30
88 7247 1 2 2720 30
88.125 7247 1 2 2720 30
88.25 7247 1 2 2720 30
88.375 7247 1 2 2720 30
88.5 7247 1 2 2720 30
88.625 7247 1 2 2720 30
88.75 7247 1 1 2721 30
88.875 7247 1 1 2721 30
89 7247 1 1 2721 30
89.125 7247 1 1 2721 30
89.25 7247 1 0 2722 30
89.375 7247 1 0 2722 30
89.5 7247 1 0 2722 30
89.625 7247 1 0 2722 30
89.75 7247 1 0 2722 30
89.875 7247 1 0 2722 30
90 7247 1 0 2722 30
90.125 7247 0 1 2722 30
90.25 7247 0 1 2722 30
90.375 7247 0 1 2722 30
90.5 7247 0 1 2722 30
90.625 7247 0 1 2722 30
90.75 7247 0 1 2722 30
90.875 7247 0 1 2722 30
91 7247 0 1 2722 30
91.125 7246 1 0 2723 30
91.25 7246 1 0 2723 30
91.375 7246 1 0 2723 30
91.5 7246 1 0 2723 30
91.625 7246 1 0 2723 30
91.75 7246 1 0 2723 30
91.875 7246 1 0 2723 30
92 7246 1 0 2723 30
92.125 7246 1 0 2723 30
92.25 7246 1 0 2723 30
92.375 7246 1 0 2723 30
92.5 7246 1 0 2723 30
92.625 7246 1 0 2723 30
92.75 7246 1 0 2723 30
92.875 7246 0 1 2723 30
93 7245 1 1 2723 30
93.125 7245 1 1 2723 30
93.25 7245 1 1 2723 30
93.375 7245 1 1 2723 30
93.5 7245 1 1 2723 30
93.625 7245 1 1 2723 30
93.75 7245 1 1 2723 30
93.875 7245 1 1 2723 30
94 7245 1 1 2723 30
94.125 7245 1 1 2723 30
94.25 7245 1 1 2723 30
94.375 7245 1 1 2723 30
94.5 7245 1 1 2723 30
94.625 7245 1 1 2723 30
94.75 7245 1 1 2723 30
94.875 7245 1 1 2723 30
95 7245 1 1 2723 30
95.125 7245 0 2 2723 30
95.25 7245 0 2 2723 30
95.375 7245 0 2 2723 30
95.5 7245 0 2 2723 30
95.625 7245 0 2 2723 30
95.75 7245 0 2 2723 30
95.875 7245 0 2 2723 30
96 7245 0 1 2724 30
96.125 7245 0 1 2724 30
96.25 7245 0 1 2724 30
96.375 7245 0 1 2724 30
96.5 7245 0 1 2724 30
96.625 7245 0 1 2724 30
96.75 7245 0 1 2724 30
96.875 7245 0 1 2724 30
97 7245 0 1 2724 30
97.125 7245 0 1 2724 30
97.25 7245 0 1 2724 30
97.375 7245 0 1 2724 30
97.5 7245 0 1 2724 30
97.625 7245 0 1 2724 30
97.75 7245 0 1 2724 30
97.875 7245 0 1 2724 30
98 7245 0 1 2724 30
98.125 7245 0 1 2724 30
98.25 7245 0 1 2724 30
98.375 7245 0 1 2724 30
98.5 7245 0 1 2724 30
98.625 7245 0 1 2724 30
98.75 7245 0 1 2724 30
98.875 7245 0 1 2724 30
99 7245 0 1 2724 30
99.125 7245 0 1 2724 30
99.25 7245 0 1 2724 30
99.375 7245 0 1 2724 30
99.5 7245 0 1 2724 30
99.625 7245 0 1 2724 30
99.75 7245 0 1 2724 30
99.875 7245 0 1 2724 30
100 7245 0 1 2724 30
100.125 7245 0 1 2724 30
100.25 7245 0 1 2724 30
100.375 7245 0 1 2724 30
100.5 7245 0 1 2724 30
100.625 7245 0 1 2724 30
100.75 7245 0 1 2724 30
100.875 7245 0 1 2724 30
101 7245 0 1 2724 30
101.125 7245 0 1 2724 30
101.25 7245 0 1 2724 30
101.375 7245 0 1 2724 30
101.5 7245 0 1 2724 30
101.625 7245 0 1 2724 30
101.75 7245 0 1 2724 30
101.875 7245 0 1 2724 30
102 7245 0 1 2724 30
102.125 7245 0 1 2724 30
102.25 7245 0 1 2724 30
102.375 7245 0 1 2724 30
102.5 7245 0 1 2724 30
102.625 7245 0 1 2724 30
102.75 7245 0 1 2724 30
102.875 7245 0 1 2724 30
103 7245 0 1 2724 30
103.125 7245 0 1 2724 30
103.25 7245 0 1 2724 30
103.375 7245 0 1 2724 30
103.5 7245 0 1 2724 30
103.625 7245 0 1 2724 30
103.75 7245 0 1 2724 30
103.875 7245 0 1 2724 30
104 7245 0 1 2724 30
104.125 7245 0 1 2724 30
104.25 7245 0 1 2724 30
104.375 7245 0 1 2724 30
104.5 7245 0 1 2724 30
104.625 7245 0 1 2724 30
104.75 7245 0 1 2724 30
104.875 7245 0 1 2724 30
105 7245 0 1 2724 30
105.125 7245 0 1 2724 30
105.25 7245 0 1 2724 30
105.375 7245 0 1 2724 30
105.5 7245 0 1 2724 30
105.625 7245 0 1 2724 30
105.75 7245 0 1 2724 30
105.875 7245 0 1 2724 30
106 7245 0 1 2724 30
106.125 7245 0 1 2724 30
106.25 7245 0 1 2724 30
106.375 7245 0 1 2724 30
106.5 7245 0 1 2724 30
106.625 7245 0 1 2724 30
106.75 7245 0 1 2724 30
106.875 7245 0 1 2724 30
107 7245 0 1 2724 30
107.125 7245 0 1 2724 30
107.25 7245 0 1 2724 30
107.375 7245 0 1 2724 30
107.5 7245 0 1 2724 30
107.625 7245 0 1 2724 30
107.75 7245 0 1 2724 30
107.875 7245 0 1 2724 30
108 7245 0 1 2724 30
108.125 7244 1 1 2724 30
108.25 7244 1 1 2724 30
108.375 7244 1 1 2724 30
108.5 7244 1 1 2724 30
108.625 7244 1 1 2724 30
108.75 7244 1 1 2724 30
108.875 7244 1 1 2724 30
109 7244 1 1 2724 30
109.125 7244 1 1 2724 30
109.25 7244 1 1 2724 30
109.375 7244 1 1 2724 30
109.5 7244 1 1 2724 30
109.625 7244 0 2 2724 30
109.75 7244 0 2 2724 30
109.875 7244 0 2 2724 30
110 7244 0 2 2724 30
110.125 7244 0 2 2724 30
110.25 7244 0 2 2724 30
110.375 7244 0 2 2724 30
110.5 7244 0 2 2724 30
110.625 7244 0 2 2724 30
110.75 7244 0 2 2724 30
110.875 7244 0 2 2724 30
111 7244 0 2 2724 30
111.125 7244 0 2 2724 30
111.25 7244 0 2 2724 30
111.375 7244 0 2 2724 30
111.5 7244 0 2 2724 30
111.625 7244 0 2 2724 30
111.75 7244 0 2 2724 30
111.875 7244 0 2 2724 30
112 7244 0 2 2724 30
112.125 7244 0 2 2724 30
112.25 7244 0 2 2724 30
112.375 7244 0 2 2724 30
112.5 7244 0 2 2724 30
112.625 7244 0 2 2724 30
112.75 7244 0 2 2724 30
112.875 7244 0 2 2724 30
113 7244 0 2 2724 30
113.125 7244 0 1 2725 30
113.25 7244 0 1 2725 30
113.375 7244 0 1 2725 30
113.5 7244 0 1 2725 30
113.625 7244 0 1 2725 30
113.75 7244 0 1 2725 30
113.875 7244 0 1 2725 30
114 7244 0 1 2725 30
114.125 7244 0 1 2725 30
114.25 7244 0 1 2725 30
114.375 7244 0 1 2725 30
114.5 7244 0 1 2725 30
114.625 7244 0 1 2725 30
114.75 7244 0 1 2725 30
114.875 7244 0 1 2725 30
115 7244 0 1 2725 30
115.125 7244 0 1 2725 30
115.25 7244 0 1 2725 30
115.375 7244 0 1 2725 30
115.5 7244 0 1 2725 30
115.625 7244 0 1 2725 30
115.75 7244 0 1 2725 30
115.875 7244 0 1 2725 30
116 7244 0 1 2725 30
116.125 7244 0 1 2725 30
116.25 7244 0 1 2725 30
116.375 7244 0 1 2725 30
116.5 7244 0 1 2725 30
116.625 7244 0 1 2725 30
116.75 7244 0 1 2725 30
116.875 7244 0 1 2725 30
117 7244 0 1 2725 30
117.125 7244 0 1 2725 30
117.25 7244 0 1 2725 30
117.375 7244 0 1 2725 30
117.5 7244 0 1 2725 30
117.625 7244 0 1 2725 30
117.75 7244 0 1 2725 30
117.875 7244 0 1 2725 30
118 7244 0 1 2725 30
118.125 7244 0 1 2725 30
118.25 7244 0 1 2725 30
118.375 7244 0 1 2725 30
118.5 7244 0 1 2725 30
118.625 7244 0 1 2725 30
118.75 7244 0 1 2725 30
118.875 7244 0 1 2725 30
119 7244 0 1 2725 30
119.125 7244 0 1 2725 30
119.25 7244 0 1 2725 30
119.375 7244 0 1 2725 30
119.5 7244 0 1 2725 30
119.625 7244 0 1 2725 30
119.75 7244 0 1 2725 30
119.875 7244 0 1 2725 30
120 7244 0 1 2725 30
120.125 7244 0 1 2725 30
120.25 7243 1 1 2725 30
120.375 7243 1 1 2725 30
120.5 7243 1 1 2725 30
120.625 7243 1 1 2725 30
120.75 7243 1 1 2725 30
120.875 7243 0 2 2725 30
121 7243 0 2 2725 30
121.125 7243 0 2 2725 30
121.25 7243 0 2 2725 30
121.375 7243 0 1 2726 30
121.5 7243 0 1 2726 30
121.625 7243 0 1 2726 30
121.75 7243 0 1 2726 30
121.875 7243 0 1 2726 30
122 7243 0 1 2726 30
122.125 7243 0 1 2726 30
122.25 7243 0 1 2726 30
122.375 7243 0 1 2726 30
122.5 7243 0 1 2726 30
122.625 7243 0 1 2726 30
122.75 7243 0 1 2726 30
122.875 7243 0 1 2726 30
123 7243 0 1 2726 30
123.125 7243 0 1 2726 30
123.25 7243 0 1 2726 30
123.375 7243 0 1 2726 30
123.5 7243 0 1 2726 30
123.625 7243 0 1 2726 30
123.75 7243 0 1 2726 30
123.875 7243 0 1 2726 30
124 7243 0 1 2726 30
124.125 7243 0 1 2726 30
124.25 7243 0 1 2726 30
124.375 7243 0 1 2726 30
124.5 7243 0 1 2726 30
124.625 7243 0 1 2726 30
124.75 7243 0 1 2726 30
124.875 7243 0 1 2726 30
125 7243 0 1 2726 30
125.125 7243 0 1 2726 30
125.25 7243 0 1 2726 30
125.375 7243 0 1 2726 30
125.5 7243 0 1 2726 30
125.625 7243 0 1 2726 30
125.75 7243 0 1 2726 30
125.875 7243 0 1 2726 30
126 7243 0 1 2726 30
126.125 7243 0 1 2726 30
126.25 7243 0 0 2727 30
