t S E I R D
0 9998 0 2 0 0
0.125 9998 0 2 0 0
0.25 9998 0 2 0 0
0.375 9998 0 2 0 0
0.5 9998 0 2 0 0
0.625 9998 0 2 0 0
0.75 9998 0 2 0 0
0.875 9998 0 2 0 0
1 9997 1 2 0 0
1.125 9997 0 3 0 0
1.25 9997 0 3 0 0
1.375 9997 0 3 0 0
1.5 9997 0 3 0 0
1.625 9997 0 3 0 0
1.75 9997 0 2 1 0
1.875 9996 1 1 2 0
2 9996 1 1 2 0
2.125 9996 1 1 2 0
2.25 9996 1 1 2 0
2.375 9996 1 1 2 0
2.5 9996 1 1 2 0
2.625 9996 1 1 2 0
2.75 9996 1 1 2 0
2.875 9996 1 1 2 0
3 9996 1 1 2 0
3.125 9996 1 1 2 0
3.25 9996 1 1 2 0
3.375 9996 1 1 2 0
3.5 9996 1 1 2 0
3.625 9996 1 1 2 0
3.75 9996 1 1 2 0
3.875 9996 1 1 2 0
4 9996 1 1 2 0
4.125 9996 1 1 2 0
4.25 9996 1 1 2 0
4.375 9996 1 1 2 0
4.5 9996 0 2 2 0
4.625 9996 0 2 2 0
4.75 9996 0 2 2 0
4.875 9996 0 2 2 0
5 9996 0 2 2 0
5.125 9996 0 2 2 0
5.25 9996 0 2 2 0
5.375 9996 0 2 2 0
5.5 9996 0 2 2 0
5.625 9995 1 2 2 0
5.75 9995 1 2 2 0
5.875 9995 1 2 2 0
6 9995 1 2 2 0
6.125 9995 1 2 2 0
6.25 9995 1 2 2 0
6.375 9995 1 2 2 0
6.5 9994 2 2 2 0
6.625 9994 2 2 2 0
6.75 9994 2 2 2 0
6.875 9994 2 2 2 0
7 9994 1 3 2 0
7.125 9992 3 3 2 0
7.25 9990 5 3 2 0
7.375 9990 5 3 2 0
7.5 9990 5 3 2 0
7.625 9990 5 3 2 0
7.75 9988 7 3 2 0
7.875 9987 7 4 2 0
8 9986 8 4 2 0
8.125 9986 7 5 2 0
8.25 9984 9 5 2 0
8.375 9982 9 7 2 0
8.5 9982 8 7 3 0
8.625 9982 7 8 3 0
8.75 9982 6 9 3 0
8.875 9978 10 9 3 0
9 9977 11 9 3 0
9.125 9974 13 10 3 0
9.25 9971 16 10 3 0
9.375 9967 17 13 3 0
9.5 9964 18 15 3 0
9.625 9959 22 15 4 0
9.75 9950 30 16 4 0
9.875 9943 29 24 4 0
10 9932 39 24 5 0
10.125 9929 41 25 5 0
10.25 9923 46 25 6 0
10.375 9919 46 28 7 0
10.5 9916 47 29 8 0
10.625 9910 49 33 8 0
10.75 9902 53 36 9 0
10.875 9896 56 38 10 0
11 9886 62 42 10 0
11.125 9866 76 48 10 0
11.25 9845 93 50 12 0
11.375 9819 110 56 15 0
11.5 9797 125 62 16 0
11.625 9763 150 71 16 0
11.75 9723 181 75 21 0
11.875 9694 197 88 21 0
12 9661 216 101 22 0
12.125 9628 233 117 22 0
12.25 9591 257 129 23 0
12.375 9553 275 148 24 0
12.5 9523 281 168 28 0
12.625 9464 326 178 32 0
12.75 9404 360 199 37 0
12.875 9342 397 219 42 0
13 9282 436 240 42 0
13.125 9219 471 264 46 0
13.25 9149 520 280 51 0
13.375 9094 531 317 58 0
13.5 9015 584 340 61 0
13.625 8935 626 369 69 1
13.75 8928 594 398 79 1
13.875 8920 558 430 91 1
14 8911 538 452 98 1
14.125 8896 522 473 108 1
14.25 8892 492 499 116 1
14.375 8886 457 528 126 3
14.5 8885 425 542 145 3
14.625 8882 398 562 154 4
14.75 8879 379 576 162 4
14.875 8878 360 587 171 4
15 8873 348 595 180 4
15.125 8871 329 607 189 4
15.25 8870 307 619 200 4
15.375 8870 286 618 222 4
15.5 8864 273 622 236 5
15.625 8861 259 633 242 5
15.75 8857 245 638 254 6
15.875 8855 230 644 265 6
16 8849 221 644 280 6
16.125 8846 213 640 295 6
16.25 8845 196 649 304 6
16.375 8844 185 653 311 7
16.5 8843 172 656 322 7
16.625 8837 167 659 330 7
16.75 8835 160 649 349 7
16.875 8835 152 641 365 7
17 8830 148 628 387 7
17.125 8828 138 625 402 7
17.25 8825 127 631 410 7
17.375 8824 122 624 423 7
17.5 8821 119 619 434 7
17.625 8821 111 617 443 8
17.75 8821 103 611 457 8
17.875 8820 99 605 468 8
18 8820 91 595 486 8
18.125 8819 87 582 504 8
18.25 8814 90 568 520 8
18.375 8812 89 559 532 8
18.5 8812 83 553 544 8
18.625 8811 78 550 553 8
18.75 8808 78 542 564 8
18.875 8807 75 538 572 8
19 8806 76 524 586 8
19.125 8804 73 520 595 8
19.25 8803 72 504 613 8
19.375 8803 70 493 626 8
19.5 8801 70 482 639 8
19.625 8798 69 472 653 8
19.75 8796 66 469 661 8
19.875 8795 62 466 669 8
20 8793 59 451 689 8
20.125 8791 54 444 703 8
20.25 8787 54 441 710 8
20.375 8787 51 433 721 8
20.5 8787 48 428 729 8
20.625 8787 44 427 734 8
20.75 8785 43 422 742 8
20.875 8784 40 419 749 8
21 8784 40 414 754 8
21.125 8781 40 406 765 8
21.25 8777 42 401 772 8
21.375 8772 44 398 778 8
21.5 8771 40 398 783 8
21.625 8771 39 391 791 8
21.75 8770 35 380 807 8
21.875 8770 34 369 819 8
22 8770 33 364 825 8
22.125 8769 32 358 833 8
22.25 8769 29 352 842 8
22.375 8769 29 348 846 8
22.5 8769 26 338 859 8
22.625 8769 25 332 866 8
22.75 8769 25 327 871 8
22.875 8768 23 323 877 9
23 8768 21 322 880 9
23.125 8767 22 318 884 9
23.25 8766 21 316 888 9
23.375 8764 22 314 891 9
23.5 8764 22 302 903 9
23.625 8764 19 297 911 9
23.75 8763 19 294 915 9
23.875 8762 18 288 923 9
24 8762 17 281 931 9
24.125 8762 16 279 934 9
24.25 8762 12 277 940 9
24.375 8762 12 271 946 9
24.5 8762 12 268 949 9
24.625 8762 11 263 955 9
24.75 8762 11 252 966 9
24.875 8762 9 251 969 9
25 8762 8 247 974 9
25.125 8762 8 243 978 9
25.25 8761 7 242 981 9
25.375 8761 5 240 985 9
25.5 8760 5 236 990 9
25.625 8760 5 231 995 9
25.75 8760 5 227 999 9
25.875 8760 5 221 1005 9
26 8760 5 218 1008 9
26.125 8759 6 216 1009 10
26.25 8759 6 210 1015 10
26.375 8759 6 206 1019 10
26.5 8758 7 202 1023 10
26.625 8757 6 200 1027 10
26.75 8757 6 199 1028 10
26.875 8756 6 194 1034 10
27 8755 7 188 1040 10
27.125 8755 6 183 1046 10
27.25 8755 6 178 1051 10
27.375 8754 7 175 1054 10
27.5 8754 7 170 1059 10
27.625 8754 6 169 1061 10
27.75 8754 5 169 1062 10
27.875 8754 5 167 1064 10
28 8754 5 162 1069 10
28.125 8754 5 158 1073 10
28.25 8754 4 154 1078 10
28.375 8754 4 151 1081 10
28.5 8753 4 147 1086 10
28.625 8753 4 145 1088 10
28.75 8753 4 143 1090 10
28.875 8753 4 141 1092 10
29 8753 4 140 1093 10
29.125 8753 4 135 1098 10
29.25 8753 4 133 1100 10
29.375 8753 4 128 1105 10
29.5 8753 4 123 1110 10
29.625 8753 4 122 1111 10
29.75 8753 4 119 1114 10
29.875 8753 4 117 1116 10
30 8753 4 113 1120 10
30.125 8753 4 111 1122 10
30.25 8753 4 109 1124 10
30.375 8753 4 108 1125 10
30.5 8753 4 107 1126 10
30.625 8753 4 105 1127 11
30.75 8753 4 102 1130 11
30.875 8753 4 101 1131 11
31 8752 4 100 1133 11
31.125 8752 4 99 1134 11
31.25 8752 4 99 1134 11
31.375 8752 2 100 1135 11
31.5 8752 2 95 1140 11
31.625 8752 2 94 1141 11
31.75 8752 2 90 1145 11
31.875 8751 3 89 1146 11
32 8751 3 87 1148 11
32.125 8751 3 85 1150 11
32.25 8750 4 82 1153 11
32.375 8750 4 79 1156 11
32.5 8750 3 77 1159 11
32.625 8750 3 75 1161 11
32.75 8750 3 75 1161 11
32.875 8750 2 76 1161 11
33 8750 2 72 1165 11
33.125 8749 3 71 1166 11
33.25 8749 3 71 1166 11
33.375 8749 3 69 1168 11
33.5 8749 3 66 1171 11
33.625 8749 3 64 1173 11
33.75 8749 3 64 1173 11
33.875 8749 3 63 1174 11
34 8749 3 61 1176 11
34.125 8749 3 59 1178 11
34.25 8749 3 58 1179 11
34.375 8749 3 58 1179 11
34.5 8749 3 58 1179 11
34.625 8749 3 57 1180 11
34.75 8749 3 57 1180 11
34.875 8749 3 56 1181 11
35 8749 3 54 1183 11
35.125 8749 3 54 1183 11
35.25 8749 3 53 1184 11
35.375 8749 3 50 1187 11
35.5 8749 3 49 1188 11
35.625 8749 3 48 1189 11
35.75 8749 3 48 1189 11
35.875 8749 2 47 1191 11
36 8749 2 47 1191 11
36.125 8749 2 46 1192 11
36.25 8749 1 46 1193 11
36.375 8749 1 45 1194 11
36.5 8749 1 45 1194 11
36.625 8748 2 43 1196 11
36.75 8748 2 42 1197 11
36.875 8748 2 42 1197 11
37 8748 2 42 1197 11
37.125 8748 2 41 1198 11
37.25 8748 2 41 1198 11
37.375 8748 2 39 1200 11
37.5 8748 2 39 1200 11
37.625 8748 2 38 1201 11
37.75 8748 2 37 1202 11
37.875 8748 2 35 1204 11
38 8748 2 33 1206 11
38.125 8748 2 33 1206 11
38.25 8748 2 33 1206 11
38.375 8748 2 32 1207 11
38.5 8748 2 32 1207 11
38.625 8748 2 32 1207 11
38.75 8748 1 32 1208 11
38.875 8748 1 30 1210 11
39 8748 1 30 1210 11
39.125 8748 0 31 1210 11
39.25 8748 0 30 1211 11
39.375 8748 0 30 1211 11
39.5 8748 0 29 1211 12
39.625 8748 0 29 1211 12
39.75 8748 0 28 1212 12
39.875 8748 0 28 1212 12
40 8748 0 27 1213 12
40.125 8748 0 27 1213 12
40.25 8748 0 27 1213 12
40.375 8748 0 26 1214 12
40.5 8748 0 25 1215 12
40.625 8748 0 25 1215 12
40.75 8748 0 24 1216 12
40.875 8748 0 24 1216 12
41 8748 0 23 1217 12
41.125 8747 1 23 1217 12
41.25 8747 1 22 1218 12
41.375 8747 0 23 1218 12
41.5 8747 0 23 1218 12
41.625 8747 0 23 1218 12
41.75 8747 0 23 1218 12
41.875 8747 0 22 1219 12
42 8747 0 21 1220 12
42.125 8747 0 20 1221 12
42.25 8747 0 20 1221 12
42.375 8747 0 20 1221 12
42.5 8747 0 20 1221 12
42.625 8747 0 20 1221 12
42.75 8747 0 19 1222 12
42.875 8747 0 19 1222 12
43 8747 0 18 1223 12
43.125 8747 0 17 1224 12
43.25 8747 0 17 1224 12
43.375 8747 0 16 1225 12
43.5 8747 0 15 1226 12
43.625 8747 0 14 1227 12
43.75 8747 0 13 1228 12
43.875 8747 0 13 1228 12
44 8747 0 13 1228 12
44.125 8747 0 13 1228 12
44.25 8747 0 12 1229 12
44.375 8747 0 12 1229 12
44.5 8747 0 11 1230 12
44.625 8747 0 11 1230 12
44.75 8747 0 11 1230 12
44.875 8747 0 10 1231 12
45 8747 0 9 1232 12
45.125 8747 0 9 1232 12
45.25 8747 0 8 1233 12
45.375 8747 0 8 1233 12
45.5 8747 0 8 1233 12
45.625 8747 0 8 1233 12
45.75 8747 0 8 1233 12
45.875 8747 0 8 1233 12
46 8747 0 8 1233 12
46.125 8747 0 8 1233 12
46.25 8747 0 8 1233 12
46.375 8747 0 8 1233 12
46.5 8747 0 6 1235 12
46.625 8747 0 6 1235 12
46.75 8747 0 6 1235 12
46.875 8747 0 6 1235 12
47 8747 0 6 1235 12
47.125 8747 0 6 1235 12
47.25 8747 0 6 1235 12
47.375 8747 0 6 1235 12
47.5 8747 0 6 1235 12
47.625 8747 0 6 1235 12
47.75 8747 0 6 1235 12
47.875 8747 0 6 1235 12
48 8747 0 6 1235 12
48.125 8747 0 6 1235 12
48.25 8747 0 6 1235 12
48.375 8747 0 5 1236 12
48.5 8747 0 5 1236 12
48.625 8747 0 5 1236 12
48.75 8747 0 5 1236 12
48.875 8747 0 5 1236 12
49 8747 0 5 1236 12
49.125 8747 0 4 1236 13
49.25 8747 0 4 1236 13
49.375 8747 0 4 1236 13
49.5 8747 0 4 1236 13
49.625 8747 0 4 1236 13
49.75 8747 0 4 1236 13
49.875 8747 0 4 1236 13
50 8747 0 4 1236 13
50.125 8747 0 4 1236 13
50.25 8747 0 4 1236 13
50.375 8747 0 4 1236 13
50.5 8747 0 4 1236 13
50.625 8747 0 4 1236 13
50.75 8747 0 4 1236 13
50.875 8747 0 4 1236 13
51 8747 0 4 1236 13
51.125 8747 0 4 1236 13
51.25 8747 0 4 1236 13
51.375 8747 0 4 1236 13
51.5 8747 0 4 1236 13
51.625 8747 0 4 1236 13
51.75 8747 0 4 1236 13
51.875 8747 0 4 1236 13
52 8747 0 4 1236 13
52.125 8747 0 4 1236 13
52.25 8747 0 4 1236 13
52.375 8747 0 4 1236 13
52.5 8747 0 4 1236 13
52.625 8747 0 4 1236 13
52.75 8747 0 3 1237 13
52.875 8747 0 3 1237 13
53 8747 0 3 1237 13
53.125 8747 0 3 1237 13
53.25 8747 0 3 1237 13
53.375 8747 0 3 1237 13
53.5 8747 0 3 1237 13
53.625 8747 0 3 1237 13
53.75 8747 0 3 1237 13
53.875 8747 0 3 1237 13
54 8747 0 2 1238 13
54.125 8747 0 2 1238 13
54.25 8747 0 1 1239 13
54.375 8747 0 1 1239 13
54.5 8747 0 1 1239 13
54.625 8747 0 1 1239 13
54.75 8747 0 1 1239 13
54.875 8747 0 1 1239 13
55 8747 0 1 1239 13
55.125 8747 0 1 1239 13
55.25 8747 0 1 1239 13
55.375 8747 0 1 1239 13
55.5 8747 0 1 1239 13
55.625 8747 0 1 1239 13
55.75 8747 0 1 1239 13
55.875 8747 0 1 1239 13
56 8747 0 1 1239 13
56.125 8747 0 1 1239 13
56.25 8747 0 1 1239 13
56.375 8747 0 1 1239 13
56.5 8747 0 1 1239 13
56.625 8747 0 1 1239 13
56.75 8747 0 1 1239 13
56.875 8747 0 1 1239 13
57 8747 0 1 1239 13
57.125 8747 0 1 1239 13
57.25 8747 0 1 1239 13
57.375 8747 0 1 1239 13
57.5 8747 0 1 1239 13
57.625 8747 0 1 1239 13
57.75 8747 0 1 1239 13
57.875 8747 0 1 1239 13
58 8747 0 1 1239 13
58.125 8747 0 1 1239 13
58.25 8747 0 1 1239 13
58.375 8747 0 0 1240 13
