t S E I R D
0 9999 0 1 0 0
0.125 9999 0 1 0 0
0.25 9999 0 1 0 0
0.375 9999 0 1 0 0
0.5 9999 0 1 0 0
0.625 9999 0 1 0 0
0.75 9999 0 1 0 0
0.875 9999 0 1 0 0
1 9999 0 1 0 0
1.125 9999 0 1 0 0
1.25 9999 0 1 0 0
1.375 9999 0 1 0 0
1.5 9999 0 1 0 0
1.625 9999 0 1 0 0
1.75 9999 0 1 0 0
1.875 9999 0 1 0 0
2 9999 0 1 0 0
2.125 9999 0 1 0 0
2.25 9999 0 1 0 0
2.375 9999 0 1 0 0
2.5 9999 0 1 0 0
2.625 9999 0 1 0 0
2.75 9999 0 1 0 0
2.875 9999 0 1 0 0
3 9999 0 1 0 0
3.125 9999 0 1 0 0
3.25 9999 0 1 0 0
3.375 9999 0 1 0 0
3.5 9999 0 1 0 0
3.625 9999 0 1 0 0
3.75 9999 0 1 0 0
3.875 9999 0 1 0 0
4 9999 0 1 0 0
4.125 9999 0 1 0 0
4.25 9999 0 1 0 0
4.375 9999 0 1 0 0
4.5 9999 0 1 0 0
4.625 9999 0 1 0 0
4.75 9999 0 1 0 0
4.875 9999 0 1 0 0
5 9999 0 1 0 0
5.125 9999 0 1 0 0
5.25 9999 0 1 0 0
5.375 9999 0 1 0 0
5.5 9999 0 1 0 0
5.625 9999 0 1 0 0
5.75 9999 0 1 0 0
5.875 9999 0 1 0 0
6 9999 0 1 0 0
6.125 9999 0 1 0 0
6.25 9998 1 1 0 0
6.375 9998 1 1 0 0
6.5 9998 1 0 1 0
6.625 9998 1 0 1 0
6.75 9998 1 0 1 0
6.875 9998 1 0 1 0
7 9998 1 0 1 0
7.125 9998 1 0 1 0
7.25 9998 1 0 1 0
7.375 9998 1 0 1 0
7.5 9998 1 0 1 0
7.625 9998 1 0 1 0
7.75 9998 1 0 1 0
7.875 9998 1 0 1 0
8 9998 1 0 1 0
8.125 9998 1 0 1 0
8.25 9998 1 0 1 0
8.375 9998 1 0 1 0
8.5 9998 1 0 1 0
8.625 9998 1 0 1 0
8.75 9998 1 0 1 0
8.875 9998 1 0 1 0
9 9998 1 0 1 0
9.125 9998 1 0 1 0
9.25 9998 1 0 1 0
9.375 9998 1 0 1 0
9.5 9998 1 0 1 0
9.625 9998 1 0 1 0
9.75 9998 1 0 1 0
9.875 9998 1 0 1 0
10 9998 1 0 1 0
10.125 9998 0 1 1 0
10.25 9995 3 1 1 0
10.375 9994 4 1 1 0
10.5 9993 5 1 1 0
10.625 9992 6 1 1 0
10.75 9990 8 1 1 0
10.875 9988 10 1 1 0
11 9986 11 2 1 0
11.125 9984 12 3 1 0
11.25 9982 13 4 1 0
11.375 9980 15 4 1 0
11.5 9975 17 7 1 0
11.625 9973 18 8 1 0
11.75 9970 19 10 1 0
11.875 9968 20 11 1 0
12 9966 21 12 1 0
12.125 9963 24 12 1 0
12.25 9960 26 13 1 0
12.375 9958 27 14 1 0
12.5 9956 24 16 4 0
12.625 9954 24 17 5 0
12.75 9952 24 19 5 0
12.875 9947 26 22 5 0
13 9945 27 22 6 0
13.125 9941 31 22 6 0
13.25 9941 29 24 6 0
13.375 9941 25 27 7 0
13.5 9940 24 28 8 0
13.625 9933 29 30 8 0
13.75 9932 29 31 8 0
13.875 9928 28 36 8 0
14 9921 35 36 8 0
14.125 9913 39 38 10 0
14.25 9897 52 41 10 0
14.375 9887 62 38 13 0
14.5 9884 62 40 14 0
14.625 9877 67 42 14 0
14.75 9872 70 43 15 0
14.875 9865 72 48 15 0
15 9857 76 52 15 0
15.125 9852 76 56 16 0
15.25 9846 77 58 19 0
15.375 9841 78 61 20 0
15.5 9834 80 66 20 0
15.625 9826 87 67 20 0
15.75 9816 90 73 21 0
15.875 9810 87 82 21 0
16 9799 91 88 22 0
16.125 9783 100 95 22 0
16.25 9770 103 101 26 0
16.375 9761 106 104 29 0
16.5 9741 119 109 31 0
16.625 9726 127 115 32 0
16.75 9714 130 123 33 0
16.875 9697 134 135 34 0
17 9683 138 145 34 0
17.125 9675 136 149 40 0
17.25 9652 149 155 44 0
17.375 9635 158 159 48 0
17.5 9618 163 165 54 0
17.625 9596 176 169 59 0
17.75 9574 188 172 66 0
17.875 9562 191 180 67 0
18 9537 201 192 70 0
18.125 9516 212 198 73 1
18.25 9516 199 207 77 1
18.375 9516 186 217 80 1
18.5 9516 175 223 85 1
18.625 9515 169 225 90 1
18.75 9514 159 232 94 1
18.875 9514 146 241 98 1
19 9511 138 245 105 1
19.125 9510 135 243 111 1
19.25 9509 133 237 119 2
19.375 9509 128 238 123 2
19.5 9509 117 243 129 2
19.625 9507 111 244 136 2
19.75 9507 109 243 139 2
19.875 9503 108 242 145 2
20 9502 102 243 151 2
20.125 9502 98 243 155 2
20.25 9502 90 249 156 3
20.375 9501 86 249 161 3
20.5 9501 84 246 166 3
20.625 9500 80 248 169 3
20.75 9500 76 248 173 3
20.875 9499 72 246 179 4
21 9499 69 245 183 4
21.125 9499 67 244 186 4
21.25 9499 63 242 191 5
21.375 9499 57 243 196 5
21.5 9499 55 240 201 5
21.625 9497 55 235 207 6
21.75 9497 51 235 211 6
21.875 9497 50 229 218 6
22 9497 47 228 222 6
22.125 9497 46 227 224 6
22.25 9497 41 227 229 6
22.375 9497 40 224 233 6
22.5 9497 39 223 235 6
22.625 9497 37 225 235 6
22.75 9497 35 222 240 6
22.875 9497 34 219 244 6
23 9497 28 224 245 6
23.125 9497 28 221 248 6
23.25 9497 28 213 256 6
23.375 9497 27 209 261 6
23.5 9497 26 208 263 6
23.625 9497 26 205 266 6
23.75 9497 23 202 272 6
23.875 9497 19 206 272 6
24 9497 18 201 278 6
24.125 9497 17 196 284 6
24.25 9497 14 196 287 6
24.375 9497 11 196 290 6
24.5 9496 12 196 290 6
24.625 9496 11 195 292 6
24.75 9496 11 189 298 6
24.875 9496 9 183 306 6
25 9496 9 180 309 6
25.125 9496 9 177 312 6
25.25 9496 9 176 313 6
25.375 9496 8 175 315 6
25.5 9496 8 172 318 6
25.625 9496 7 171 320 6
25.75 9496 6 164 328 6
25.875 9496 6 161 331 6
26 9496 6 159 333 6
26.125 9496 5 158 335 6
26.25 9496 4 154 340 6
26.375 9495 5 151 343 6
26.5 9495 4 149 346 6
26.625 9495 4 144 351 6
26.75 9495 4 144 351 6
26.875 9495 4 142 353 6
27 9495 4 140 355 6
27.125 9495 4 132 363 6
27.25 9494 4 132 364 6
27.375 9494 4 132 364 6
27.5 9494 4 130 366 6
27.625 9494 4 126 370 6
27.75 9494 4 122 374 6
27.875 9494 4 121 375 6
28 9494 4 120 376 6
28.125 9494 4 119 377 6
28.25 9494 4 116 380 6
28.375 9494 4 116 380 6
28.5 9494 4 114 382 6
28.625 9494 4 110 385 7
28.75 9494 4 107 388 7
28.875 9494 4 105 390 7
29 9494 4 101 394 7
29.125 9494 4 99 396 7
29.25 9494 4 98 397 7
29.375 9494 4 95 400 7
29.5 9494 4 95 400 7
29.625 9494 3 95 401 7
29.75 9494 2 95 402 7
29.875 9493 3 94 403 7
30 9493 3 93 404 7
30.125 9493 3 92 405 7
30.25 9493 3 92 405 7
30.375 9493 3 91 406 7
30.5 9493 3 88 409 7
30.625 9493 3 88 409 7
30.75 9493 3 86 411 7
30.875 9493 2 85 413 7
31 9493 2 84 414 7
31.125 9493 2 84 414 7
31.25 9493 2 81 417 7
31.375 9493 1 79 420 7
31.5 9493 1 77 422 7
31.625 9493 1 75 424 7
31.75 9493 1 74 425 7
31.875 9493 1 73 426 7
32 9493 1 72 427 7
32.125 9493 1 69 430 7
32.25 9493 1 69 430 7
32.375 9493 1 68 431 7
32.5 9493 1 68 431 7
32.625 9493 1 68 431 7
32.75 9493 1 68 431 7
32.875 9493 1 68 431 7
33 9493 1 67 432 7
33.125 9493 1 65 434 7
33.25 9493 1 65 434 7
33.375 9493 1 64 435 7
33.5 9493 1 62 437 7
33.625 9493 1 61 438 7
33.75 9493 1 60 439 7
33.875 9493 1 60 439 7
34 9493 1 59 440 7
34.125 9493 1 59 440 7
34.25 9493 1 58 441 7
34.375 9493 1 58 441 7
34.5 9493 1 57 442 7
34.625 9493 1 56 443 7
34.75 9493 1 56 443 7
34.875 9493 1 54 445 7
35 9493 1 51 447 8
35.125 9493 1 51 447 8
35.25 9493 1 51 447 8
35.375 9493 1 48 450 8
35.5 9493 1 48 450 8
35.625 9493 1 46 452 8
35.75 9493 1 46 452 8
35.875 9493 1 46 452 8
36 9493 1 46 452 8
36.125 9493 1 45 453 8
36.25 9493 0 45 454 8
36.375 9493 0 44 455 8
36.5 9493 0 43 456 8
36.625 9493 0 42 457 8
36.75 9493 0 42 457 8
36.875 9493 0 42 457 8
37 9493 0 42 457 8
37.125 9493 0 41 458 8
37.25 9493 0 41 458 8
37.375 9493 0 40 459 8
37.5 9493 0 40 459 8
37.625 9493 0 39 460 8
37.75 9493 0 38 461 8
37.875 9493 0 37 462 8
38 9493 0 35 464 8
38.125 9493 0 33 466 8
38.25 9493 0 33 466 8
38.375 9493 0 31 468 8
38.5 9493 0 31 468 8
38.625 9493 0 30 469 8
38.75 9493 0 29 470 8
38.875 9493 0 29 470 8
39 9493 0 29 470 8
39.125 9493 0 28 471 8
39.25 9493 0 28 471 8
39.375 9493 0 28 471 8
39.5 9493 0 27 472 8
39.625 9493 0 25 474 8
39.75 9493 0 25 474 8
39.875 9493 0 25 474 8
40 9493 0 25 474 8
40.125 9493 0 25 474 8
40.25 9493 0 25 474 8
40.375 9493 0 25 474 8
40.5 9493 0 24 475 8
40.625 9493 0 23 476 8
40.75 9493 0 23 476 8
40.875 9493 0 23 476 8
41 9493 0 22 477 8
41.125 9493 0 22 477 8
41.25 9493 0 22 477 8
41.375 9493 0 21 478 8
41.5 9493 0 20 479 8
41.625 9493 0 20 479 8
41.75 9493 0 20 479 8
41.875 9493 0 19 480 8
42 9493 0 18 481 8
42.125 9493 0 17 482 8
42.25 9493 0 17 482 8
42.375 9493 0 17 482 8
42.5 9493 0 16 483 8
42.625 9493 0 16 483 8
42.75 9493 0 15 484 8
42.875 9493 0 15 484 8
43 9493 0 15 484 8
43.125 9493 0 15 484 8
43.25 9493 0 13 486 8
43.375 9493 0 13 486 8
43.5 9493 0 13 486 8
43.625 9493 0 13 486 8
43.75 9493 0 13 486 8
43.875 9493 0 13 486 8
44 9493 0 13 486 8
44.125 9493 0 13 486 8
44.25 9493 0 13 486 8
44.375 9493 0 13 486 8
44.5 9493 0 12 487 8
44.625 9493 0 12 487 8
44.75 9493 0 12 487 8
44.875 9493 0 12 487 8
45 9493 0 12 487 8
45.125 9493 0 12 487 8
45.25 9493 0 12 487 8
45.375 9493 0 12 487 8
45.5 9493 0 12 487 8
45.625 9492 1 12 487 8
45.75 9492 1 12 487 8
45.875 9492 1 12 487 8
46 9492 1 12 487 8
46.125 9492 1 12 487 8
46.25 9492 1 12 487 8
46.375 9492 1 11 488 8
46.5 9492 1 11 488 8
46.625 9492 1 11 488 8
46.75 9491 2 11 488 8
46.875 9491 2 10 489 8
47 9491 2 10 489 8
47.125 9491 2 9 490 8
47.25 9491 2 9 490 8
47.375 9491 2 9 490 8
47.5 9491 2 8 491 8
47.625 9491 2 7 492 8
47.75 9491 2 7 492 8
47.875 9491 2 7 492 8
48 9491 2 7 492 8
48.125 9491 2 7 492 8
48.25 9491 2 7 492 8
48.375 9491 2 7 492 8
48.5 9491 2 7 492 8
48.625 9491 2 7 492 8
48.75 9491 1 8 492 8
48.875 9491 1 8 492 8
49 9491 1 8 492 8
49.125 9491 1 8 492 8
49.25 9491 1 8 492 8
49.375 9491 1 7 493 8
49.5 9491 1 7 493 8
49.625 9491 1 7 493 8
49.75 9491 1 7 493 8
49.875 9491 1 7 493 8
50 9491 0 7 494 8
50.125 9491 0 7 494 8
50.25 9491 0 7 494 8
50.375 9491 0 7 494 8
50.5 9491 0 7 494 8
50.625 9491 0 7 494 8
50.75 9491 0 7 494 8
50.875 9491 0 7 494 8
51 9491 0 7 494 8
51.125 9491 0 7 494 8
51.25 9491 0 6 495 8
51.375 9491 0 5 496 8
51.5 9491 0 5 496 8
51.625 9491 0 5 496 8
51.75 9491 0 5 496 8
51.875 9491 0 5 496 8
52 9491 0 5 496 8
52.125 9491 0 5 496 8
52.25 9491 0 5 496 8
52.375 9491 0 5 496 8
52.5 9491 0 5 496 8
52.625 9491 0 5 496 8
52.75 9491 0 5 496 8
52.875 9491 0 5 496 8
53 9491 0 5 496 8
53.125 9491 0 5 496 8
53.25 9491 0 5 496 8
53.375 9491 0 5 496 8
53.5 9491 0 5 496 8
53.625 9491 0 5 496 8
53.75 9491 0 5 496 8
53.875 9491 0 5 496 8
54 9491 0 5 496 8
54.125 9491 0 5 496 8
54.25 9491 0 5 496 8
54.375 9491 0 5 496 8
54.5 9491 0 5 496 8
54.625 9491 0 5 496 8
54.75 9491 0 5 496 8
54.875 9491 0 5 496 8
55 9491 0 5 496 8
55.125 9491 0 4 497 8
55.25 9491 0 4 497 8
55.375 9491 0 4 497 8
55.5 9491 0 4 497 8
55.625 9491 0 4 497 8
55.75 9491 0 4 497 8
55.875 9491 0 4 497 8
56 9491 0 4 497 8
56.125 9491 0 4 497 8
56.25 9491 0 4 497 8
56.375 9491 0 4 497 8
56.5 9491 0 4 497 8
56.625 9491 0 4 497 8
56.75 9491 0 4 497 8
56.875 9491 0 4 497 8
57 9491 0 4 497 8
57.125 9491 0 4 497 8
57.25 9491 0 4 497 8
57.375 9491 0 4 497 8
57.5 9491 0 4 497 8
57.625 9491 0 4 497 8
57.75 9491 0 4 497 8
57.875 9491 0 3 497 9
58 9491 0 3 497 9
58.125 9491 0 3 497 9
58.25 9491 0 3 497 9
58.375 9491 0 3 497 9
58.5 9491 0 3 497 9
58.625 9491 0 3 497 9
58.75 9491 0 3 497 9
58.875 9491 0 3 497 9
59 9491 0 3 497 9
59.125 9491 0 3 497 9
59.25 9491 0 3 497 9
59.375 9491 0 3 497 9
59.5 9491 0 3 497 9
59.625 9491 0 3 497 9
59.75 9491 0 3 497 9
59.875 9491 0 2 498 9
60 9491 0 2 498 9
60.125 9491 0 2 498 9
60.25 9491 0 2 498 9
60.375 9491 0 2 498 9
60.5 9491 0 2 498 9
60.625 9491 0 2 498 9
60.75 9491 0 2 498 9
60.875 9491 0 2 498 9
61 9491 0 2 498 9
61.125 9491 0 2 498 9
61.25 9491 0 2 498 9
61.375 9491 0 1 499 9
61.5 9491 0 1 499 9
61.625 9491 0 1 499 9
61.75 9491 0 1 499 9
61.875 9491 0 1 499 9
62 9491 0 1 499 9
62.125 9491 0 1 499 9
62.25 9491 0 1 499 9
62.375 9491 0 1 499 9
62.5 9491 0 1 499 9
62.625 9491 0 1 499 9
62.75 9491 0 1 499 9
62.875 9491 0 1 499 9
63 9491 0 1 499 9
63.125 9491 0 1 499 9
63.25 9491 0 1 499 9
63.375 9491 0 1 499 9
63.5 9491 0 1 499 9
63.625 9491 0 1 499 9
63.75 9491 0 1 499 9
63.875 9491 0 1 499 9
64 9491 0 1 499 9
64.125 9491 0 1 499 9
64.25 9491 0 1 499 9
64.375 9491 0 1 499 9
64.5 9491 0 1 499 9
64.625 9491 0 1 499 9
64.75 9491 0 1 499 9
64.875 9491 0 0 500 9
