t S E I R D
0 9998 0 2 0 0
0.125 9998 0 2 0 0
0.25 9997 1 2 0 0
0.375 9997 1 2 0 0
0.5 9997 1 2 0 0
0.625 9996 2 2 0 0
0.75 9995 3 2 0 0
0.875 9995 3 2 0 0
1 9995 2 3 0 0
1.125 9995 2 3 0 0
1.25 9995 2 3 0 0
1.375 9995 2 3 0 0
1.5 9995 2 3 0 0
1.625 9995 2 3 0 0
1.75 9995 2 3 0 0
1.875 9995 2 3 0 0
2 9995 2 3 0 0
2.125 9995 2 3 0 0
2.25 9995 2 3 0 0
2.375 9995 2 3 0 0
2.5 9995 1 4 0 0
2.625 9993 3 4 0 0
2.75 9993 3 4 0 0
2.875 9993 3 4 0 0
3 9992 4 4 0 0
3.125 9990 6 4 0 0
3.25 9990 6 4 0 0
3.375 9990 6 3 1 0
3.5 9989 7 3 1 0
3.625 9989 6 4 1 0
3.75 9988 7 4 1 0
3.875 9987 8 4 1 0
4 9986 9 4 1 0
4.125 9984 10 5 1 0
4.25 9984 9 6 1 0
4.375 9980 13 6 1 0
4.5 9977 16 6 1 0
4.625 9977 14 8 1 0
4.75 9973 17 9 1 0
4.875 9969 21 9 1 0
5 9965 25 9 1 0
5.125 9963 27 9 1 0
5.25 9961 27 11 1 0
5.375 9961 25 13 1 0
5.5 9957 28 14 1 0
5.625 9956 27 15 2 0
5.75 9949 31 18 2 0
5.875 9944 35 19 2 0
6 9930 47 21 2 0
6.125 9922 54 22 2 0
6.25 9912 61 25 2 0
6.375 9897 71 30 2 0
6.5 9879 87 32 2 0
6.625 9868 88 39 4 1
6.75 9868 79 47 5 1
6.875 9866 78 50 5 1
7 9865 74 55 5 1
7.125 9865 72 56 6 1
7.25 9863 71 58 7 1
7.375 9862 66 63 8 1
7.5 9862 61 64 12 1
7.625 9859 59 69 12 1
7.75 9857 60 67 15 1
7.875 9854 60 68 17 1
8 9852 60 69 18 1
8.125 9848 60 71 20 1
8.25 9844 62 72 21 1
8.375 9843 58 75 23 1
8.5 9842 54 79 24 1
8.625 9837 55 80 27 1
8.75 9831 58 82 28 1
8.875 9827 58 85 29 1
9 9824 55 90 30 1
9.125 9820 57 90 32 1
9.25 9815 56 95 33 1
9.375 9815 54 96 34 1
9.5 9813 53 98 35 1
9.625 9811 49 102 37 1
9.75 9811 48 101 39 1
9.875 9809 45 105 40 1
10 9807 44 108 40 1
10.125 9806 43 107 43 1
10.25 9802 40 110 47 1
10.375 9801 39 109 50 1
10.5 9795 43 108 53 1
10.625 9792 46 106 55 1
10.75 9788 48 103 60 1
10.875 9787 47 103 62 1
11 9783 47 105 64 1
11.125 9778 43 111 67 1
11.25 9775 43 110 71 1
11.375 9771 46 111 71 1
11.5 9770 41 115 73 1
11.625 9768 42 115 74 1
11.75 9767 41 115 76 1
11.875 9767 40 115 77 1
12 9762 43 116 78 1
12.125 9756 46 114 83 1
12.25 9752 48 114 85 1
12.375 9750 48 113 88 1
12.5 9749 46 115 89 1
12.625 9749 41 118 91 1
12.75 9748 38 118 95 1
12.875 9745 40 116 98 1
13 9742 41 116 100 1
13.125 9741 40 115 103 1
13.25 9739 37 120 103 1
13.375 9738 37 120 104 1
13.5 9734 36 123 106 1
13.625 9733 35 123 108 1
13.75 9730 35 123 111 1
13.875 9727 35 123 114 1
14 9727 32 122 118 1
14.125 9726 30 121 122 1
14.25 9724 31 120 124 1
14.375 9717 37 118 127 1
14.5 9715 36 117 131 1
14.625 9710 39 118 132 1
14.75 9708 39 120 132 1
14.875 9707 39 120 133 1
15 9703 40 123 133 1
15.125 9701 38 125 135 1
15.25 9700 38 124 137 1
15.375 9699 36 125 139 1
15.5 9697 38 121 143 1
15.625 9696 38 121 144 1
15.75 9691 38 125 145 1
15.875 9688 37 127 147 1
16 9687 38 127 147 1
16.125 9685 35 129 150 1
16.25 9683 34 130 152 1
16.375 9682 34 128 155 1
16.5 9680 32 131 156 1
16.625 9678 28 133 160 1
16.75 9676 29 134 160 1
16.875 9673 30 132 164 1
17 9671 29 134 165 1
17.125 9669 29 134 167 1
17.25 9667 29 134 169 1
17.375 9663 32 133 171 1
17.5 9661 31 136 171 1
17.625 9661 29 135 174 1
17.75 9658 29 137 175 1
17.875 9656 27 139 177 1
18 9654 23 140 182 1
18.125 9653 21 141 184 1
18.25 9650 22 139 188 1
18.375 9649 19 137 194 1
18.5 9649 17 136 197 1
18.625 9644 21 134 200 1
18.75 9641 23 133 202 1
18.875 9641 18 135 205 1
19 9640 18 135 206 1
19.125 9637 21 132 209 1
19.25 9637 19 132 211 1
19.375 9637 19 130 213 1
19.5 9636 20 129 214 1
19.625 9634 20 127 218 1
19.75 9631 23 124 221 1
19.875 9630 20 125 224 1
20 9630 20 120 229 1
20.125 9629 20 118 232 1
20.25 9629 20 116 234 1
20.375 9624 24 114 237 1
20.5 9622 25 112 240 1
20.625 9622 25 111 241 1
20.75 9619 24 113 243 1
20.875 9619 24 110 246 1
21 9617 26 108 248 1
21.125 9617 26 105 251 1
21.25 9616 25 105 253 1
21.375 9616 25 103 255 1
21.5 9614 26 100 259 1
21.625 9614 24 102 259 1
21.75 9613 24 100 262 1
21.875 9611 23 100 265 1
22 9610 22 101 266 1
22.125 9609 23 100 267 1
22.25 9608 22 97 272 1
22.375 9608 22 96 273 1
22.5 9607 22 95 275 1
22.625 9607 21 91 280 1
22.75 9605 23 91 280 1
22.875 9603 24 90 282 1
23 9603 23 89 284 1
23.125 9602 20 89 288 1
23.25 9600 21 89 289 1
23.375 9600 20 90 289 1
23.5 9600 17 90 292 1
23.625 9598 19 86 296 1
23.75 9598 17 88 296 1
23.875 9598 14 88 299 1
24 9597 15 86 301 1
24.125 9594 18 82 305 1
24.25 9592 17 84 306 1
24.375 9592 16 85 306 1
24.5 9591 16 85 307 1
24.625 9591 16 83 309 1
24.75 9591 15 83 310 1
24.875 9591 15 82 311 1
25 9591 12 84 312 1
25.125 9590 12 83 314 1
25.25 9590 12 79 318 1
25.375 9590 10 81 318 1
25.5 9590 10 79 320 1
25.625 9590 9 79 321 1
25.75 9588 9 80 322 1
25.875 9588 9 79 322 2
26 9588 8 79 323 2
26.125 9588 7 78 325 2
26.25 9588 7 76 327 2
26.375 9588 7 74 329 2
26.5 9588 7 71 332 2
26.625 9588 7 71 332 2
26.75 9588 6 71 333 2
26.875 9587 7 71 333 2
27 9587 7 65 339 2
27.125 9587 6 65 340 2
27.25 9585 7 64 342 2
27.375 9585 7 64 342 2
27.5 9585 7 63 343 2
27.625 9584 7 64 343 2
27.75 9584 7 64 343 2
27.875 9584 6 63 345 2
28 9583 7 61 347 2
28.125 9583 7 61 347 2
28.25 9583 7 59 349 2
28.375 9583 7 58 350 2
28.5 9583 7 57 351 2
28.625 9583 7 56 352 2
28.75 9582 8 53 355 2
28.875 9582 6 54 356 2
29 9582 6 53 357 2
29.125 9582 6 51 359 2
29.25 9582 5 51 359 3
29.375 9582 5 51 359 3
29.5 9582 4 50 361 3
29.625 9580 6 50 361 3
29.75 9580 4 52 361 3
29.875 9580 4 52 361 3
30 9580 4 50 363 3
30.125 9580 4 50 363 3
30.25 9579 5 49 364 3
30.375 9579 5 48 365 3
30.5 9579 3 50 365 3
30.625 9579 3 49 366 3
30.75 9579 3 49 366 3
30.875 9579 3 49 366 3
31 9579 3 49 366 3
31.125 9579 3 47 368 3
31.25 9579 2 48 368 3
31.375 9579 1 48 369 3
31.5 9579 1 48 369 3
31.625 9579 1 48 369 3
31.75 9579 1 46 371 3
31.875 9579 1 46 371 3
32 9579 1 46 371 3
32.125 9579 1 44 373 3
32.25 9579 1 43 374 3
32.375 9579 1 42 375 3
32.5 9579 0 41 377 3
32.625 9579 0 41 377 3
32.75 9579 0 41 377 3
32.875 9579 0 40 378 3
33 9579 0 40 378 3
33.125 9579 0 38 380 3
33.25 9579 0 37 381 3
33.375 9579 0 35 383 3
33.5 9579 0 35 383 3
33.625 9579 0 34 384 3
33.75 9579 0 33 385 3
33.875 9579 0 32 386 3
34 9579 0 30 388 3
34.125 9579 0 29 389 3
34.25 9579 0 29 389 3
34.375 9579 0 29 389 3
34.5 9579 0 29 389 3
34.625 9579 0 29 389 3
34.75 9579 0 28 390 3
34.875 9579 0 28 390 3
35 9579 0 28 390 3
35.125 9579 0 28 390 3
35.25 9579 0 25 393 3
35.375 9579 0 25 393 3
35.5 9579 0 24 394 3
35.625 9579 0 24 394 3
35.75 9579 0 23 395 3
35.875 9579 0 23 395 3
36 9579 0 22 396 3
36.125 9579 0 22 396 3
36.25 9579 0 21 397 3
36.375 9579 0 20 398 3
36.5 9579 0 20 398 3
36.625 9579 0 20 398 3
36.75 9579 0 19 399 3
36.875 9579 0 18 400 3
37 9579 0 17 401 3
37.125 9579 0 17 401 3
37.25 9579 0 16 402 3
37.375 9579 0 16 402 3
37.5 9579 0 15 403 3
37.625 9579 0 14 404 3
37.75 9579 0 14 404 3
37.875 9579 0 14 404 3
38 9579 0 14 404 3
38.125 9579 0 14 404 3
38.25 9579 0 14 404 3
38.375 9579 0 14 404 3
38.5 9579 0 14 404 3
38.625 9579 0 13 405 3
38.75 9579 0 13 405 3
38.875 9579 0 13 405 3
39 9579 0 13 405 3
39.125 9579 0 12 406 3
39.25 9579 0 11 407 3
39.375 9579 0 11 407 3
39.5 9579 0 11 407 3
39.625 9579 0 11 407 3
39.75 9579 0 11 407 3
39.875 9579 0 11 407 3
40 9579 0 11 407 3
40.125 9579 0 10 408 3
40.25 9579 0 10 408 3
40.375 9579 0 10 408 3
40.5 9579 0 10 408 3
40.625 9579 0 9 409 3
40.75 9579 0 9 409 3
40.875 9579 0 9 409 3
41 9579 0 9 409 3
41.125 9579 0 9 409 3
41.25 9579 0 9 409 3
41.375 9579 0 9 409 3
41.5 9579 0 9 409 3
41.625 9579 0 9 409 3
41.75 9579 0 9 409 3
41.875 9579 0 9 409 3
42 9579 0 9 409 3
42.125 9579 0 8 410 3
42.25 9579 0 7 411 3
42.375 9579 0 7 411 3
42.5 9579 0 7 411 3
42.625 9579 0 7 411 3
42.75 9579 0 7 411 3
42.875 9579 0 6 412 3
43 9579 0 5 413 3
43.125 9579 0 5 413 3
43.25 9579 0 5 413 3
43.375 9579 0 5 413 3
43.5 9579 0 4 414 3
43.625 9579 0 3 415 3
43.75 9579 0 3 415 3
43.875 9579 0 3 415 3
44 9579 0 3 415 3
44.125 9579 0 3 415 3
44.25 9579 0 3 415 3
44.375 9579 0 3 415 3
44.5 9579 0 3 415 3
44.625 9579 0 3 415 3
44.75 9579 0 3 415 3
44.875 9579 0 3 415 3
45 9579 0 3 415 3
45.125 9579 0 3 415 3
45.25 9579 0 3 415 3
45.375 9579 0 3 415 3
45.5 9579 0 3 415 3
45.625 9579 0 3 415 3
45.75 9579 0 3 415 3
45.875 9579 0 3 415 3
46 9579 0 3 415 3
46.125 9579 0 3 415 3
46.25 9579 0 3 415 3
46.375 9579 0 3 415 3
46.5 9579 0 3 415 3
46.625 9579 0 3 415 3
46.75 9579 0 3 415 3
46.875 9579 0 3 415 3
47 9579 0 3 415 3
47.125 9579 0 3 415 3
47.25 9579 0 3 415 3
47.375 9579 0 3 415 3
47.5 9579 0 3 415 3
47.625 9579 0 3 415 3
47.75 9579 0 3 415 3
47.875 9579 0 3 415 3
48 9579 0 3 415 3
48.125 9579 0 3 415 3
48.25 9579 0 3 415 3
48.375 9579 0 3 415 3
48.5 9579 0 3 415 3
48.625 9579 0 3 415 3
48.75 9579 0 3 415 3
48.875 9579 0 3 415 3
49 9579 0 3 415 3
49.125 9579 0 3 415 3
49.25 9579 0 3 415 3
49.375 9579 0 3 415 3
49.5 9579 0 3 415 3
49.625 9579 0 3 415 3
49.75 9579 0 3 415 3
49.875 9579 0 3 415 3
50 9579 0 2 416 3
50.125 9579 0 2 416 3
50.25 9579 0 2 416 3
50.375 9579 0 2 416 3
50.5 9579 0 2 416 3
50.625 9579 0 2 416 3
50.75 9579 0 2 416 3
50.875 9579 0 1 417 3
51 9579 0 1 417 3
51.125 9579 0 1 417 3
51.25 9579 0 1 417 3
51.375 9579 0 1 417 3
51.5 9579 0 1 417 3
51.625 9579 0 1 417 3
51.75 9579 0 1 417 3
51.875 9579 0 1 417 3
52 9579 0 1 417 3
52.125 9579 0 1 417 3
52.25 9579 0 1 417 3
52.375 9579 0 1 417 3
52.5 9579 0 1 417 3
52.625 9579 0 1 417 3
52.75 9579 0 1 417 3
52.875 9579 0 1 417 3
53 9579 0 1 417 3
53.125 9579 0 1 417 3
53.25 9579 0 1 417 3
53.375 9579 0 1 417 3
53.5 9579 0 1 417 3
53.625 9579 0 1 417 3
53.75 9579 0 1 417 3
53.875 9579 0 1 417 3
54 9579 0 1 417 3
54.125 9579 0 1 417 3
54.25 9579 0 1 417 3
54.375 9579 0 1 417 3
54.5 9579 0 1 417 3
54.625 9579 0 0 418 3
