t S E I R D
0 9998 0 2 0 0
0.125 9998 0 2 0 0
0.25 9998 0 2 0 0
0.375 9997 1 2 0 0
0.5 9997 1 2 0 0
0.625 9997 1 2 0 0
0.75 9997 1 2 0 0
0.875 9996 2 2 0 0
1 9996 2 1 1 0
1.125 9996 2 1 1 0
1.25 9996 1 2 1 0
1.375 9995 2 2 1 0
1.5 9995 2 2 1 0
1.625 9995 2 2 1 0
1.75 9995 2 2 1 0
1.875 9995 2 2 1 0
2 9995 2 2 1 0
2.125 9995 2 2 1 0
2.25 9995 2 2 1 0
2.375 9995 2 2 1 0
2.5 9995 2 2 1 0
2.625 9995 2 2 1 0
2.75 9995 2 2 1 0
2.875 9995 2 2 1 0
3 9995 2 2 1 0
3.125 9995 2 2 1 0
3.25 9994 3 2 1 0
3.375 9993 4 2 1 0
3.5 9993 4 2 1 0
3.625 9993 4 2 1 0
3.75 9993 3 3 1 0
3.875 9993 3 3 1 0
4 9991 5 3 1 0
4.125 9991 5 3 1 0
4.25 9990 6 3 1 0
4.375 9990 6 3 1 0
4.5 9990 6 3 1 0
4.625 9989 7 3 1 0
4.75 9988 7 4 1 0
4.875 9986 9 4 1 0
5 9985 8 6 1 0
5.125 9984 9 6 1 0
5.25 9983 8 8 1 0
5.375 9981 10 8 1 0
5.5 9981 10 8 1 0
5.625 9981 9 9 1 0
5.75 9981 8 8 3 0
5.875 9979 10 8 3 0
6 9979 8 9 4 0
6.125 9978 9 8 4 1
6.25 9977 10 8 4 1
6.375 9977 10 8 4 1
6.5 9977 7 11 4 1
6.625 9976 8 11 4 1
6.75 9976 8 10 5 1
6.875 9976 8 10 5 1
7 9975 8 11 5 1
7.125 9975 8 11 5 1
7.25 9975 8 11 5 1
7.375 9975 8 10 6 1
7.5 9975 8 9 7 1
7.625 9975 8 9 7 1
7.75 9975 8 9 7 1
7.875 9975 8 8 8 1
8 9975 7 8 9 1
8.125 9975 6 9 9 1
8.25 9975 6 9 9 1
8.375 9975 6 9 9 1
8.5 9974 6 10 9 1
8.625 9974 6 10 9 1
8.75 9974 6 9 10 1
8.875 9974 6 9 10 1
9 9974 6 9 10 1
9.125 9974 6 9 10 1
9.25 9973 7 9 10 1
9.375 9973 7 9 10 1
9.5 9973 6 10 10 1
9.625 9973 6 10 10 1
9.75 9971 8 10 10 1
9.875 9971 7 10 11 1
10 9971 6 11 11 1
10.125 9970 7 11 11 1
10.25 9970 6 12 11 1
10.375 9970 6 12 11 1
10.5 9970 5 13 11 1
10.625 9970 3 15 11 1
10.75 9969 3 16 11 1
10.875 9967 5 15 12 1
11 9967 5 15 12 1
11.125 9967 5 14 13 1
11.25 9967 5 14 13 1
11.375 9967 5 13 14 1
11.5 9967 5 13 14 1
11.625 9967 5 12 15 1
11.75 9966 6 12 15 1
11.875 9966 5 13 15 1
12 9965 6 13 15 1
12.125 9964 7 13 15 1
12.25 9963 8 13 15 1
12.375 9963 8 13 15 1
12.5 9963 8 12 16 1
12.625 9963 8 12 16 1
12.75 9963 8 12 16 1
12.875 9963 8 12 16 1
13 9963 8 12 16 1
13.125 9962 7 14 16 1
13.25 9962 7 14 16 1
13.375 9962 7 14 16 1
13.5 9961 8 14 16 1
13.625 9960 8 15 16 1
13.75 9960 8 15 16 1
13.875 9960 8 15 16 1
14 9960 8 14 17 1
14.125 9960 7 15 17 1
14.25 9960 7 14 18 1
14.375 9960 6 14 19 1
14.5 9960 6 12 21 1
14.625 9960 6 12 21 1
14.75 9960 5 13 21 1
14.875 9960 5 13 21 1
15 9960 3 15 21 1
15.125 9960 3 14 22 1
15.25 9960 3 14 22 1
15.375 9960 3 14 22 1
15.5 9960 3 14 22 1
15.625 9960 2 15 22 1
15.75 9960 2 15 22 1
15.875 9960 2 14 23 1
16 9960 2 14 23 1
16.125 9959 3 14 23 1
16.25 9959 2 15 23 1
16.375 9959 1 16 23 1
16.5 9958 2 16 23 1
16.625 9957 3 16 23 1
16.75 9957 3 15 24 1
16.875 9957 2 15 25 1
17 9957 2 15 25 1
17.125 9956 3 15 25 1
17.25 9956 3 15 25 1
17.375 9956 2 15 26 1
17.5 9956 2 14 27 1
17.625 9956 2 14 27 1
17.75 9956 1 15 27 1
17.875 9956 1 14 28 1
18 9956 1 14 28 1
18.125 9956 1 14 28 1
18.25 9956 1 13 29 1
18.375 9956 1 12 30 1
18.5 9955 2 12 30 1
18.625 9955 2 11 31 1
18.75 9955 2 11 31 1
18.875 9955 2 11 31 1
19 9954 3 11 31 1
19.125 9953 4 11 31 1
19.25 9952 5 10 32 1
19.375 9952 5 9 33 1
19.5 9952 4 10 33 1
19.625 9952 4 10 33 1
19.75 9952 4 10 33 1
19.875 9952 4 10 33 1
20 9952 4 10 33 1
20.125 9952 4 10 33 1
20.25 9952 4 10 33 1
20.375 9952 3 11 33 1
20.5 9951 3 12 33 1
20.625 9951 3 11 34 1
20.75 9951 3 11 34 1
20.875 9951 3 11 34 1
21 9951 3 10 35 1
21.125 9951 2 11 35 1
21.25 9951 2 11 35 1
21.375 9951 2 11 35 1
21.5 9951 1 12 35 1
21.625 9951 1 12 35 1
21.75 9951 1 12 35 1
21.875 9951 1 12 35 1
22 9951 1 12 35 1
22.125 9951 1 11 36 1
22.25 9951 1 9 38 1
22.375 9951 1 9 38 1
22.5 9951 1 9 38 1
22.625 9951 1 9 38 1
22.75 9951 1 9 38 1
22.875 9951 1 8 39 1
23 9951 1 8 39 1
23.125 9951 1 8 39 1
23.25 9950 2 8 39 1
23.375 9950 2 7 40 1
23.5 9950 2 7 40 1
23.625 9950 2 6 41 1
23.75 9950 2 5 42 1
23.875 9950 1 5 43 1
24 9950 1 5 43 1
24.125 9949 2 5 43 1
24.25 9949 2 5 43 1
24.375 9948 3 5 43 1
24.5 9948 3 5 43 1
24.625 9948 3 5 43 1
24.75 9948 3 5 43 1
24.875 9947 4 5 43 1
25 9947 3 6 43 1
25.125 9947 3 6 43 1
25.25 9946 4 6 43 1
25.375 9946 4 6 43 1
25.5 9944 6 6 43 1
25.625 9944 5 7 43 1
25.75 9943 6 7 43 1
25.875 9941 8 7 43 1
26 9939 8 9 43 1
26.125 9938 9 9 43 1
26.25 9937 9 10 43 1
26.375 9937 9 10 43 1
26.5 9935 11 10 43 1
26.625 9934 11 11 43 1
26.75 9932 12 12 43 1
26.875 9930 13 13 43 1
27 9930 13 12 44 1
27.125 9929 13 13 44 1
27.25 9927 15 13 44 1
27.375 9926 15 14 44 1
27.5 9926 14 15 44 1
27.625 9926 14 15 44 1
27.75 9925 14 16 44 1
27.875 9924 13 18 44 1
28 9924 13 18 44 1
28.125 9923 12 20 44 1
28.25 9921 12 21 45 1
28.375 9919 14 21 45 1
28.5 9917 16 21 45 1
28.625 9917 13 24 45 1
28.75 9916 14 24 45 1
28.875 9915 15 24 45 1
29 9911 18 25 45 1
29.125 9908 20 26 45 1
29.25 9908 20 25 46 1
29.375 9908 19 25 47 1
29.5 9908 19 24 48 1
29.625 9907 18 26 48 1
29.75 9907 18 26 48 1
29.875 9906 16 29 48 1
30 9900 22 29 48 1
30.125 9896 26 29 48 1
30.25 9890 30 30 49 1
30.375 9887 32 31 49 1
30.5 9885 30 34 50 1
30.625 9883 29 36 51 1
30.75 9878 33 36 52 1
30.875 9876 35 35 53 1
31 9873 35 38 53 1
31.125 9872 35 37 55 1
31.25 9866 40 37 56 1
31.375 9864 40 39 56 1
31.5 9860 41 39 59 1
31.625 9858 41 41 59 1
31.75 9856 40 44 59 1
31.875 9854 39 47 59 1
32 9847 43 50 59 1
32.125 9845 45 50 59 1
32.25 9843 45 52 59 1
32.375 9841 46 53 59 1
32.5 9837 47 55 60 1
32.625 9835 47 57 60 1
32.75 9831 46 59 63 1
32.875 9828 47 61 63 1
33 9826 44 65 64 1
33.125 9823 45 67 64 1
33.25 9821 41 71 66 1
33.375 9821 37 74 67 1
33.5 9820 37 75 67 1
33.625 9819 38 73 69 1
33.75 9817 38 72 72 1
33.875 9817 37 71 74 1
34 9815 39 70 75 1
34.125 9812 41 70 76 1
34.25 9812 39 69 79 1
34.375 9812 33 75 79 1
34.5 9811 32 76 80 1
34.625 9810 32 75 82 1
34.75 9809 32 74 84 1
34.875 9808 33 73 85 1
35 9808 27 79 85 1
35.125 9807 23 83 86 1
35.25 9805 23 83 88 1
35.375 9802 26 81 90 1
35.5 9801 26 81 91 1
35.625 9799 28 80 92 1
35.75 9797 29 78 95 1
35.875 9794 32 77 96 1
36 9789 36 77 97 1
36.125 9787 36 78 98 1
36.25 9785 37 77 100 1
36.375 9784 38 76 101 1
36.5 9778 41 76 104 1
36.625 9777 39 76 107 1
36.75 9775 39 78 107 1
36.875 9769 41 79 110 1
37 9762 44 82 111 1
37.125 9757 48 81 113 1
37.25 9753 52 81 113 1
37.375 9749 55 79 116 1
37.5 9742 56 84 117 1
37.625 9738 55 86 120 1
37.75 9737 54 85 123 1
37.875 9734 50 90 125 1
38 9734 47 91 127 1
38.125 9731 47 93 128 1
38.25 9727 50 94 128 1
38.375 9723 51 95 130 1
38.5 9722 49 94 134 1
38.625 9721 49 94 135 1
38.75 9720 45 97 137 1
38.875 9719 42 97 141 1
39 9718 43 96 142 1
39.125 9715 44 97 143 1
39.25 9712 44 99 144 1
39.375 9712 42 97 148 1
39.5 9710 41 96 152 1
39.625 9710 38 98 153 1
39.75 9710 32 100 157 1
39.875 9709 28 104 158 1
40 9708 27 105 159 1
40.125 9706 26 108 159 1
40.25 9705 26 107 161 1
40.375 9700 29 108 162 1
40.5 9699 26 108 166 1
40.625 9696 26 110 167 1
40.75 9696 24 108 171 1
40.875 9691 28 108 172 1
41 9690 26 109 174 1
41.125 9685 30 108 176 1
41.25 9684 30 105 180 1
41.375 9682 29 107 181 1
41.5 9681 28 109 181 1
41.625 9680 27 107 185 1
41.75 9677 29 106 186 2
41.875 9675 29 108 186 2
42 9673 29 108 188 2
42.125 9672 29 107 190 2
42.25 9672 27 103 196 2
42.375 9672 25 104 197 2
42.5 9670 25 106 197 2
42.625 9667 23 107 201 2
42.75 9667 21 106 204 2
42.875 9666 21 106 205 2
43 9665 21 101 211 2
43.125 9665 21 99 213 2
43.25 9663 21 100 214 2
43.375 9663 19 100 216 2
43.5 9662 20 94 222 2
43.625 9661 19 95 223 2
43.75 9661 19 93 225 2
43.875 9661 17 92 228 2
44 9660 18 87 233 2
44.125 9659 18 88 233 2
44.25 9658 18 88 234 2
44.375 9657 19 87 235 2
44.5 9656 18 85 239 2
44.625 9656 18 82 242 2
44.75 9656 17 81 244 2
44.875 9654 19 78 247 2
45 9654 18 79 247 2
45.125 9653 19 76 250 2
45.25 9652 18 77 251 2
45.375 9652 18 76 252 2
45.5 9651 17 77 253 2
45.625 9651 16 77 254 2
45.75 9650 15 77 256 2
45.875 9648 15 79 256 2
46 9645 17 77 259 2
46.125 9642 19 74 263 2
46.25 9640 19 75 264 2
46.375 9640 18 74 266 2
46.5 9640 14 77 267 2
46.625 9638 16 76 268 2
46.75 9636 18 75 269 2
46.875 9635 18 74 271 2
47 9634 18 74 272 2
47.125 9634 17 73 274 2
47.25 9634 16 73 275 2
47.375 9633 15 71 279 2
47.5 9631 17 70 280 2
47.625 9631 15 71 281 2
47.75 9631 15 68 284 2
47.875 9631 15 66 286 2
48 9631 15 62 290 2
48.125 9630 15 60 293 2
48.25 9627 16 60 295 2
48.375 9627 15 61 295 2
48.5 9627 14 60 297 2
48.625 9625 16 59 298 2
48.75 9622 18 57 301 2
48.875 9621 18 58 301 2
49 9620 19 56 303 2
49.125 9620 17 57 304 2
49.25 9620 15 56 307 2
49.375 9620 14 55 309 2
49.5 9620 13 55 310 2
49.625 9617 16 54 311 2
49.75 9615 17 55 311 2
49.875 9615 15 55 312 3
50 9614 15 56 312 3
50.125 9611 18 56 312 3
50.25 9611 16 57 313 3
50.375 9611 15 58 313 3
50.5 9611 14 59 313 3
50.625 9610 14 58 315 3
50.75 9609 15 58 315 3
50.875 9608 14 59 316 3
51 9608 13 58 318 3
51.125 9608 9 61 319 3
51.25 9606 10 58 323 3
51.375 9605 10 59 323 3
51.5 9605 9 57 326 3
51.625 9605 9 57 326 3
51.75 9605 8 55 329 3
51.875 9605 8 54 330 3
52 9605 8 53 331 3
52.125 9604 9 50 334 3
52.25 9604 8 50 335 3
52.375 9604 8 50 335 3
52.5 9603 8 49 337 3
52.625 9602 9 47 338 4
52.75 9602 9 45 340 4
52.875 9602 8 45 341 4
53 9602 8 45 341 4
53.125 9601 9 44 342 4
53.25 9600 9 44 343 4
53.375 9600 9 43 344 4
53.5 9599 10 41 346 4
53.625 9599 8 43 346 4
53.75 9598 9 43 346 4
53.875 9598 9 43 346 4
54 9598 9 42 347 4
54.125 9598 8 42 348 4
54.25 9597 9 40 350 4
54.375 9597 9 37 353 4
54.5 9597 8 38 353 4
54.625 9597 8 38 353 4
54.75 9597 7 38 354 4
54.875 9597 7 38 354 4
55 9597 7 36 355 5
55.125 9597 7 34 357 5
55.25 9595 9 34 357 5
55.375 9595 9 33 358 5
55.5 9595 7 34 359 5
55.625 9595 7 34 359 5
55.75 9595 7 34 359 5
55.875 9595 6 35 359 5
56 9595 6 33 361 5
56.125 9595 6 32 362 5
56.25 9595 5 33 362 5
56.375 9595 5 33 362 5
56.5 9594 6 33 362 5
56.625 9594 5 33 363 5
56.75 9594 3 33 365 5
56.875 9594 3 31 367 5
57 9593 4 31 367 5
57.125 9593 4 29 369 5
57.25 9593 3 28 371 5
57.375 9592 4 27 372 5
57.5 9592 4 26 373 5
57.625 9592 4 26 373 5
57.75 9592 4 26 373 5
57.875 9592 4 26 373 5
58 9592 4 25 374 5
58.125 9592 3 26 374 5
58.25 9592 3 26 374 5
58.375 9592 3 26 374 5
58.5 9592 3 24 376 5
58.625 9591 3 25 376 5
58.75 9591 3 25 376 5
58.875 9591 3 25 376 5
59 9591 3 25 376 5
59.125 9591 3 23 378 5
59.25 9591 3 23 378 5
59.375 9590 3 23 379 5
59.5 9590 3 22 380 5
59.625 9590 2 22 381 5
59.75 9589 2 22 382 5
59.875 9589 2 20 384 5
60 9589 2 20 384 5
60.125 9589 2 20 384 5
60.25 9589 2 20 384 5
60.375 9589 2 20 384 5
60.5 9588 3 20 384 5
60.625 9587 4 20 384 5
60.75 9587 4 20 384 5
60.875 9587 4 18 386 5
61 9587 4 18 386 5
61.125 9587 4 18 386 5
61.25 9587 4 16 388 5
61.375 9587 4 16 388 5
61.5 9587 4 15 389 5
61.625 9587 4 15 389 5
61.75 9587 4 15 389 5
61.875 9587 4 15 389 5
62 9587 4 14 390 5
62.125 9586 5 13 391 5
62.25 9586 5 13 391 5
62.375 9586 5 13 391 5
62.5 9586 5 13 391 5
62.625 9586 5 13 391 5
62.75 9585 5 14 391 5
62.875 9584 5 15 391 5
63 9584 5 15 391 5
63.125 9584 5 14 392 5
63.25 9584 5 14 392 5
63.375 9584 5 14 392 5
63.5 9584 5 14 392 5
63.625 9584 5 13 393 5
63.75 9584 5 12 394 5
63.875 9584 4 13 394 5
64 9584 4 12 395 5
64.125 9583 5 12 395 5
64.25 9583 4 12 396 5
64.375 9583 4 11 397 5
64.5 9583 4 11 397 5
64.625 9582 5 11 397 5
64.75 9582 5 11 397 5
64.875 9582 5 11 397 5
65 9582 4 12 397 5
65.125 9582 3 13 397 5
65.25 9580 4 14 397 5
65.375 9580 4 11 400 5
65.5 9580 4 10 401 5
65.625 9579 5 9 402 5
65.75 9579 5 9 402 5
65.875 9579 5 8 403 5
66 9579 5 7 404 5
66.125 9579 5 7 404 5
66.25 9579 5 7 404 5
66.375 9579 5 7 404 5
66.5 9579 4 8 404 5
66.625 9579 4 8 404 5
66.75 9579 4 7 405 5
66.875 9579 3 8 405 5
67 9578 3 8 406 5
67.125 9578 3 7 407 5
67.25 9578 3 7 407 5
67.375 9578 3 7 407 5
67.5 9578 3 7 407 5
67.625 9578 3 7 407 5
67.75 9578 3 7 407 5
67.875 9578 3 7 407 5
68 9578 2 8 407 5
68.125 9578 2 8 407 5
68.25 9578 2 7 408 5
68.375 9578 2 7 408 5
68.5 9578 2 6 409 5
68.625 9578 2 5 410 5
68.75 9578 2 5 410 5
68.875 9578 2 5 410 5
69 9578 2 5 410 5
69.125 9578 2 5 410 5
69.25 9578 2 5 410 5
69.375 9578 2 5 410 5
69.5 9578 2 5 410 5
69.625 9578 2 5 410 5
69.75 9578 2 5 410 5
69.875 9578 2 5 410 5
70 9578 2 5 410 5
70.125 9578 1 6 410 5
70.25 9578 1 6 410 5
70.375 9578 1 5 411 5
70.5 9578 1 5 411 5
70.625 9578 1 5 411 5
70.75 9578 1 5 411 5
70.875 9578 1 5 411 5
71 9578 1 5 411 5
71.125 9578 1 5 411 5
71.25 9578 1 5 411 5
71.375 9578 1 5 411 5
71.5 9578 0 6 411 5
71.625 9578 0 6 411 5
71.75 9578 0 6 411 5
71.875 9578 0 5 412 5
72 9578 0 5 412 5
72.125 9578 0 5 412 5
72.25 9578 0 4 413 5
72.375 9578 0 4 413 5
72.5 9578 0 4 413 5
72.625 9578 0 4 413 5
72.75 9578 0 4 413 5
72.875 9578 0 4 413 5
73 9578 0 4 413 5
73.125 9578 0 4 413 5
73.25 9578 0 4 413 5
73.375 9578 0 3 414 5
73.5 9578 0 3 414 5
73.625 9578 0 3 414 5
73.75 9578 0 3 414 5
73.875 9578 0 3 414 5
74 9578 0 3 414 5
74.125 9578 0 3 414 5
74.25 9578 0 3 414 5
74.375 9578 0 3 414 5
74.5 9578 0 3 414 5
74.625 9578 0 3 414 5
74.75 9578 0 3 414 5
74.875 9578 0 3 414 5
75 9578 0 3 414 5
75.125 9578 0 3 414 5
75.25 9578 0 3 414 5
75.375 9578 0 3 414 5
75.5 9578 0 3 414 5
75.625 9578 0 3 414 5
75.75 9578 0 2 415 5
75.875 9578 0 2 415 5
76 9578 0 2 415 5
76.125 9578 0 2 415 5
76.25 9578 0 2 415 5
76.375 9578 0 2 415 5
76.5 9578 0 2 415 5
76.625 9578 0 2 415 5
76.75 9578 0 2 415 5
76.875 9578 0 2 415 5
77 9578 0 2 415 5
77.125 9578 0 2 415 5
77.25 9578 0 2 415 5
77.375 9578 0 2 415 5
77.5 9578 0 2 415 5
77.625 9578 0 2 415 5
77.75 9578 0 2 415 5
77.875 9578 0 2 415 5
78 9578 0 2 415 5
78.125 9578 0 2 415 5
78.25 9578 0 1 416 5
78.375 9578 0 1 416 5
78.5 9578 0 1 416 5
78.625 9578 0 1 416 5
78.75 9578 0 1 416 5
78.875 9578 0 1 416 5
79 9578 0 1 416 5
79.125 9578 0 1 416 5
79.25 9578 0 1 416 5
79.375 9578 0 1 416 5
79.5 9578 0 1 416 5
79.625 9578 0 1 416 5
79.75 9578 0 1 416 5
79.875 9578 0 1 416 5
80 9578 0 1 416 5
80.125 9578 0 1 416 5
80.25 9578 0 1 416 5
80.375 9578 0 1 416 5
80.5 9578 0 1 416 5
80.625 9578 0 1 416 5
80.75 9578 0 1 416 5
80.875 9578 0 1 416 5
81 9578 0 1 416 5
81.125 9578 0 1 416 5
81.25 9578 0 1 416 5
81.375 9578 0 1 416 5
81.5 9578 0 1 416 5
81.625 9578 0 1 416 5
81.75 9578 0 1 416 5
81.875 9578 0 1 416 5
82 9578 0 1 416 5
82.125 9578 0 1 416 5
82.25 9578 0 1 416 5
82.375 9578 0 1 416 5
82.5 9578 0 1 416 5
82.625 9578 0 1 416 5
82.75 9578 0 1 416 5
82.875 9578 0 1 416 5
83 9578 0 1 416 5
83.125 9578 0 1 416 5
83.25 9578 0 1 416 5
83.375 9578 0 1 416 5
83.5 9578 0 1 416 5
83.625 9578 0 1 416 5
83.75 9578 0 1 416 5
83.875 9578 0 0 417 5
