t S E I R D
0 9999 0 1 0 0
0.125 9999 0 1 0 0
0.25 9998 1 1 0 0
0.375 9998 1 1 0 0
0.5 9998 1 1 0 0
0.625 9998 1 1 0 0
0.75 9998 1 1 0 0
0.875 9998 1 1 0 0
1 9998 0 2 0 0
1.125 9998 0 2 0 0
1.25 9998 0 2 0 0
1.375 9997 1 2 0 0
1.5 9997 1 2 0 0
1.625 9997 1 2 0 0
1.75 9997 1 2 0 0
1.875 9997 1 2 0 0
2 9997 1 2 0 0
2.125 9997 1 2 0 0
2.25 9997 1 2 0 0
2.375 9997 1 2 0 0
2.5 9997 1 2 0 0
2.625 9997 1 1 1 0
2.75 9997 1 0 2 0
2.875 9997 1 0 2 0
3 9997 1 0 2 0
3.125 9997 1 0 2 0
3.25 9997 1 0 2 0
3.375 9997 1 0 2 0
3.5 9997 1 0 2 0
3.625 9997 0 1 2 0
3.75 9997 0 1 2 0
3.875 9997 0 1 2 0
4 9997 0 1 2 0
4.125 9997 0 1 2 0
4.25 9996 1 1 2 0
4.375 9996 1 0 3 0
4.5 9996 1 0 3 0
4.625 9996 1 0 3 0
4.75 9996 1 0 3 0
4.875 9996 1 0 3 0
5 9996 1 0 3 0
5.125 9996 1 0 3 0
5.25 9996 1 0 3 0
5.375 9996 1 0 3 0
5.5 9996 1 0 3 0
5.625 9996 1 0 3 0
5.75 9996 1 0 3 0
5.875 9996 1 0 3 0
6 9996 1 0 3 0
6.125 9996 1 0 3 0
6.25 9996 1 0 3 0
6.375 9996 1 0 3 0
6.5 9996 1 0 3 0
6.625 9996 1 0 3 0
6.75 9996 1 0 3 0
6.875 9996 1 0 3 0
7 9996 1 0 3 0
7.125 9996 0 1 3 0
7.25 9996 0 1 3 0
7.375 9996 0 1 3 0
7.5 9996 0 1 3 0
7.625 9996 0 1 3 0
7.75 9995 1 1 3 0
7.875 9995 1 1 3 0
8 9994 2 1 3 0
8.125 9994 1 2 3 0
8.25 9993 2 1 4 0
8.375 9993 1 2 4 0
8.5 9992 2 2 4 0
8.625 9992 2 2 4 0
8.75 9992 2 2 4 0
8.875 9992 2 1 5 0
9 9992 2 1 5 0
9.125 9992 2 1 5 0
9.25 9992 2 1 5 0
9.375 9992 2 1 5 0
9.5 9992 1 2 5 0
9.625 9992 1 2 5 0
9.75 9992 1 2 5 0
9.875 9992 1 2 5 0
10 9992 1 2 5 0
10.125 9992 1 2 5 0
10.25 9992 1 2 5 0
10.375 9992 1 2 5 0
10.5 9992 1 2 5 0
10.625 9992 1 2 5 0
10.75 9992 1 2 5 0
10.875 9992 0 3 5 0
11 9991 1 3 5 0
11.125 9990 2 3 5 0
11.25 9988 4 3 5 0
11.375 9988 3 4 5 0
11.5 9984 7 4 5 0
11.625 9984 7 4 5 0
11.75 9980 10 5 5 0
11.875 9978 10 7 5 0
12 9977 11 7 5 0
12.125 9975 13 7 5 0
12.25 9975 12 8 5 0
12.375 9975 9 11 5 0
12.5 9971 12 12 5 0
12.625 9971 11 13 5 0
12.75 9969 13 13 5 0
12.875 9967 15 13 5 0
13 9966 16 12 6 0
13.125 9959 23 11 7 0
13.25 9954 27 11 8 0
13.375 9954 26 11 9 0
13.5 9953 25 13 9 0
13.625 9952 24 15 9 0
13.75 9950 22 19 9 0
13.875 9944 27 19 10 0
14 9935 34 21 10 0
14.125 9931 38 21 10 0
14.25 9927 40 22 11 0
14.375 9919 44 26 11 0
14.5 9915 44 29 12 0
14.625 9909 48 31 12 0
14.75 9903 53 32 12 0
14.875 9897 58 33 12 0
15 9890 62 35 13 0
15.125 9885 65 37 13 0
15.25 9883 62 42 13 0
15.375 9878 64 43 15 0
15.5 9867 68 49 16 0
15.625 9864 70 50 16 0
15.75 9858 70 55 17 0
15.875 9847 78 56 19 0
16 9839 85 56 20 0
16.125 9835 87 57 21 0
16.25 9829 90 57 24 0
16.375 9819 93 64 24 0
16.5 9807 103 65 25 0
16.625 9796 105 73 26 0
16.75 9783 112 78 27 0
16.875 9777 111 82 30 0
17 9761 120 88 31 0
17.125 9750 123 94 33 0
17.25 9739 127 100 34 0
17.375 9728 134 104 34 0
17.5 9710 141 114 35 0
17.625 9695 151 117 37 0
17.75 9679 158 124 39 0
17.875 9662 163 134 41 0
18 9639 173 141 47 0
18.125 9611 196 144 49 0
18.25 9589 209 152 50 0
18.375 9564 221 162 53 0
18.5 9547 225 172 56 0
18.625 9529 231 178 62 0
18.75 9512 228 194 66 0
18.875 9498 222 209 71 0
19 9466 240 219 75 0
19.125 9444 251 226 79 0
19.25 9424 258 233 85 0
19.375 9403 262 245 90 0
19.5 9381 277 244 98 0
19.625 9363 277 254 106 0
19.75 9334 293 261 112 0
19.875 9307 303 272 118 0
20 9271 327 279 123 0
20.125 9245 341 286 128 0
20.25 9217 346 304 133 0
20.375 9186 356 320 138 0
20.5 9156 356 341 147 0
20.625 9123 374 352 151 0
20.75 9084 395 361 160 0
20.875 9037 417 381 165 0
21 8981 445 401 173 0
21.125 8937 467 407 189 0
21.25 8887 495 425 193 0
21.375 8837 506 456 201 0
21.5 8784 524 485 207 0
21.625 8727 554 507 212 0
21.75 8676 569 533 222 0
21.875 8609 597 563 231 0
22 8548 612 598 242 0
22.125 8481 649 614 256 0
22.25 8427 651 653 269 0
22.375 8369 671 671 289 0
22.5 8292 716 688 303 1
22.625 8235 731 712 321 1
22.75 8183 741 738 337 1
22.875 8127 743 774 355 1
23 8074 756 797 372 1
23.125 8029 763 809 398 1
23.25 7966 771 850 412 1
23.375 7927 763 888 421 1
23.5 7875 756 923 444 2
23.625 7829 760 950 459 2
23.75 7778 765 971 484 2
23.875 7731 765 999 503 2
24 7707 756 1014 520 3
24.125 7667 743 1046 541 3
24.25 7635 723 1085 554 3
24.375 7611 692 1120 574 3
24.5 7579 665 1153 600 3
24.625 7548 651 1171 627 3
24.75 7522 624 1204 647 3
24.875 7494 615 1222 665 4
25 7470 607 1226 693 4
25.125 7448 593 1231 724 4
25.25 7430 571 1242 753 4
25.375 7411 546 1251 788 4
25.5 7389 533 1253 821 4
25.625 7372 518 1260 846 4
25.75 7348 516 1251 881 4
25.875 7331 514 1252 899 4
26 7315 485 1272 923 5
26.125 7301 477 1261 956 5
26.25 7291 461 1267 975 6
26.375 7278 437 1282 997 6
26.5 7271 411 1287 1025 6
26.625 7261 401 1287 1045 6
26.75 7249 393 1280 1072 6
26.875 7231 387 1267 1109 6
27 7222 369 1269 1132 8
27.125 7210 364 1256 1162 8
27.25 7205 358 1247 1182 8
27.375 7202 341 1242 1207 8
27.5 7189 326 1248 1229 8
27.625 7182 316 1240 1254 8
27.75 7168 305 1239 1280 8
27.875 7159 291 1229 1313 8
28 7151 278 1227 1335 9
28.125 7149 263 1216 1363 9
28.25 7148 251 1200 1391 10
28.375 7144 233 1199 1413 11
28.5 7140 224 1179 1446 11
28.625 7134 213 1170 1472 11
28.75 7129 207 1160 1491 13
28.875 7127 200 1151 1509 13
29 7124 191 1133 1539 13
29.125 7122 180 1119 1566 13
29.25 7115 177 1111 1584 13
29.375 7113 157 1109 1608 13
29.5 7109 152 1090 1636 13
29.625 7106 144 1078 1658 14
29.75 7102 138 1054 1692 14
29.875 7100 132 1050 1704 14
30 7098 128 1042 1718 14
30.125 7096 120 1032 1738 14
30.25 7091 122 1012 1761 14
30.375 7090 119 990 1787 14
30.5 7090 108 982 1806 14
30.625 7087 104 972 1823 14
30.75 7084 97 958 1847 14
30.875 7081 94 949 1862 14
31 7076 86 946 1878 14
31.125 7074 82 925 1905 14
31.25 7070 82 914 1920 14
31.375 7067 82 901 1936 14
31.5 7065 77 884 1959 15
31.625 7065 73 868 1979 15
31.75 7065 69 855 1996 15
31.875 7063 65 836 2021 15
32 7063 60 823 2038 16
32.125 7061 58 816 2049 16
32.25 7057 60 800 2067 16
32.375 7056 58 785 2085 16
32.5 7056 57 773 2098 16
32.625 7056 49 767 2112 16
32.75 7056 48 754 2126 16
32.875 7055 45 741 2143 16
33 7055 42 731 2156 16
33.125 7052 44 715 2173 16
33.25 7049 45 704 2186 16
33.375 7047 45 690 2202 16
33.5 7047 39 683 2215 16
33.625 7046 39 669 2230 16
33.75 7046 39 654 2245 16
33.875 7045 38 640 2260 17
34 7043 38 633 2269 17
34.125 7043 33 624 2283 17
34.25 7041 34 615 2293 17
34.375 7039 34 600 2310 17
34.5 7039 33 590 2321 17
34.625 7039 30 585 2329 17
34.75 7037 28 579 2339 17
34.875 7036 29 569 2349 17
35 7036 26 561 2360 17
35.125 7035 27 551 2370 17
35.25 7035 26 542 2379 18
35.375 7034 27 531 2390 18
35.5 7034 26 518 2404 18
35.625 7034 26 499 2423 18
35.75 7034 24 488 2436 18
35.875 7034 23 475 2450 18
36 7034 19 466 2462 19
36.125 7034 18 458 2471 19
36.25 7034 18 443 2486 19
36.375 7034 18 434 2495 19
36.5 7034 16 426 2505 19
36.625 7034 15 416 2516 19
36.75 7034 15 411 2520 20
36.875 7034 12 405 2529 20
37 7034 11 394 2541 20
37.125 7034 10 383 2553 20
37.25 7034 10 374 2562 20
37.375 7034 10 368 2568 20
37.5 7034 10 362 2574 20
37.625 7034 10 349 2587 20
37.75 7034 9 346 2591 20
37.875 7034 9 340 2597 20
38 7034 8 334 2604 20
38.125 7034 8 327 2611 20
38.25 7033 9 317 2621 20
38.375 7031 11 310 2628 20
38.5 7031 11 305 2633 20
38.625 7031 11 303 2635 20
38.75 7031 9 303 2636 21
38.875 7031 8 300 2640 21
39 7031 8 297 2643 21
39.125 7030 9 290 2650 21
39.25 7030 8 284 2657 21
39.375 7030 8 276 2665 21
39.5 7030 8 268 2673 21
39.625 7030 7 262 2680 21
39.75 7030 7 257 2685 21
39.875 7030 5 253 2691 21
40 7030 5 248 2696 21
40.125 7029 6 242 2702 21
40.25 7029 6 238 2706 21
40.375 7029 6 232 2712 21
40.5 7029 4 228 2718 21
40.625 7029 4 225 2721 21
40.75 7029 4 221 2725 21
40.875 7029 4 220 2726 21
41 7029 4 218 2728 21
41.125 7029 4 215 2731 21
41.25 7029 4 213 2733 21
41.375 7029 4 208 2738 21
41.5 7029 2 208 2740 21
41.625 7029 2 201 2747 21
41.75 7029 2 200 2748 21
41.875 7029 2 197 2751 21
42 7029 2 194 2754 21
42.125 7029 2 191 2757 21
42.25 7029 2 186 2762 21
42.375 7029 2 184 2764 21
42.5 7029 2 181 2767 21
42.625 7029 2 173 2775 21
42.75 7029 2 169 2779 21
42.875 7029 2 166 2782 21
43 7029 2 160 2788 21
43.125 7028 3 156 2792 21
43.25 7028 3 154 2794 21
43.375 7028 3 151 2797 21
43.5 7028 3 147 2801 21
43.625 7028 3 143 2805 21
43.75 7028 2 141 2808 21
43.875 7028 2 139 2810 21
44 7027 3 135 2814 21
44.125 7027 3 130 2819 21
44.25 7027 3 127 2822 21
44.375 7027 2 124 2826 21
44.5 7027 2 122 2828 21
44.625 7027 2 122 2828 21
44.75 7027 2 120 2830 21
44.875 7027 2 117 2833 21
45 7027 2 112 2838 21
45.125 7027 2 107 2843 21
45.25 7027 1 104 2847 21
45.375 7027 1 101 2850 21
45.5 7027 1 100 2851 21
45.625 7027 1 100 2851 21
45.75 7027 1 99 2852 21
45.875 7027 1 94 2857 21
46 7027 0 92 2860 21
46.125 7027 0 88 2864 21
46.25 7027 0 84 2868 21
46.375 7027 0 83 2869 21
46.5 7027 0 81 2871 21
46.625 7027 0 80 2872 21
46.75 7027 0 77 2875 21
46.875 7027 0 75 2877 21
47 7027 0 74 2878 21
47.125 7027 0 72 2880 21
47.25 7027 0 70 2882 21
47.375 7027 0 68 2884 21
47.5 7027 0 66 2886 21
47.625 7027 0 66 2886 21
47.75 7027 0 64 2888 21
47.875 7027 0 61 2891 21
48 7027 0 59 2893 21
48.125 7027 0 59 2893 21
48.25 7027 0 59 2893 21
48.375 7027 0 59 2893 21
48.5 7027 0 59 2893 21
48.625 7027 0 56 2896 21
48.75 7027 0 54 2898 21
48.875 7027 0 54 2898 21
49 7027 0 53 2899 21
49.125 7027 0 51 2901 21
49.25 7027 0 51 2901 21
49.375 7027 0 49 2903 21
49.5 7027 0 47 2905 21
49.625 7027 0 46 2906 21
49.75 7027 0 44 2908 21
49.875 7027 0 43 2909 21
50 7027 0 43 2909 21
50.125 7027 0 42 2910 21
50.25 7027 0 41 2911 21
50.375 7027 0 41 2911 21
50.5 7027 0 39 2913 21
50.625 7027 0 39 2913 21
50.75 7027 0 39 2913 21
50.875 7027 0 38 2914 21
51 7027 0 38 2914 21
51.125 7027 0 38 2914 21
51.25 7027 0 38 2914 21
51.375 7027 0 37 2915 21
51.5 7027 0 36 2916 21
51.625 7027 0 35 2917 21
51.75 7027 0 34 2918 21
51.875 7027 0 34 2918 21
52 7027 0 33 2919 21
52.125 7027 0 32 2920 21
52.25 7027 0 32 2920 21
52.375 7027 0 32 2920 21
52.5 7027 0 31 2921 21
52.625 7027 0 29 2923 21
52.75 7027 0 29 2923 21
52.875 7027 0 29 2923 21
53 7027 0 29 2923 21
53.125 7027 0 29 2923 21
53.25 7027 0 28 2924 21
53.375 7027 0 28 2924 21
53.5 7027 0 26 2926 21
53.625 7027 0 26 2926 21
53.75 7027 0 25 2927 21
53.875 7027 0 25 2927 21
54 7027 0 24 2928 21
54.125 7027 0 24 2928 21
54.25 7027 0 23 2929 21
54.375 7027 0 23 2929 21
54.5 7027 0 23 2929 21
54.625 7027 0 23 2929 21
54.75 7027 0 23 2929 21
54.875 7027 0 22 2930 21
55 7027 0 22 2930 21
55.125 7027 0 22 2930 21
55.25 7027 0 22 2930 21
55.375 7027 0 20 2932 21
55.5 7027 0 20 2932 21
55.625 7027 0 19 2933 21
55.75 7027 0 19 2933 21
55.875 7027 0 18 2934 21
56 7027 0 17 2935 21
56.125 7027 0 17 2935 21
56.25 7027 0 17 2935 21
56.375 7027 0 16 2936 21
56.5 7027 0 16 2936 21
56.625 7027 0 16 2936 21
56.75 7027 0 16 2936 21
56.875 7027 0 15 2937 21
57 7027 0 15 2937 21
57.125 7027 0 15 2937 21
57.25 7027 0 15 2937 21
57.375 7027 0 14 2938 21
57.5 7027 0 13 2939 21
57.625 7027 0 13 2939 21
57.75 7027 0 13 2939 21
57.875 7027 0 12 2940 21
58 7027 0 10 2942 21
58.125 7027 0 10 2942 21
58.25 7027 0 10 2942 21
58.375 7027 0 10 2942 21
58.5 7027 0 10 2942 21
58.625 7027 0 10 2942 21
58.75 7027 0 10 2942 21
58.875 7027 0 10 2942 21
59 7027 0 10 2942 21
59.125 7027 0 10 2942 21
59.25 7027 0 10 2942 21
59.375 7027 0 10 2942 21
59.5 7027 0 10 2942 21
59.625 7027 0 10 2942 21
59.75 7027 0 10 2942 21
59.875 7027 0 10 2942 21
60 7027 0 10 2942 21
60.125 7027 0 10 2942 21
60.25 7027 0 8 2944 21
60.375 7027 0 7 2945 21
60.5 7027 0 7 2945 21
60.625 7027 0 7 2945 21
60.75 7027 0 7 2945 21
60.875 7027 0 7 2945 21
61 7027 0 7 2945 21
61.125 7027 0 7 2945 21
61.25 7027 0 7 2945 21
61.375 7027 0 7 2945 21
61.5 7027 0 7 2945 21
61.625 7027 0 6 2946 21
61.75 7027 0 6 2946 21
61.875 7027 0 6 2946 21
62 7027 0 6 2946 21
62.125 7027 0 5 2947 21
62.25 7027 0 5 2947 21
62.375 7027 0 5 2947 21
62.5 7027 0 5 2947 21
62.625 7027 0 5 2947 21
62.75 7027 0 5 2947 21
62.875 7027 0 5 2947 21
63 7027 0 4 2948 21
63.125 7027 0 4 2948 21
63.25 7027 0 4 2948 21
63.375 7027 0 4 2948 21
63.5 7027 0 4 2948 21
63.625 7027 0 4 2948 21
63.75 7027 0 4 2948 21
63.875 7027 0 4 2948 21
64 7027 0 4 2948 21
64.125 7027 0 4 2948 21
64.25 7027 0 4 2948 21
64.375 7027 0 4 2948 21
64.5 7027 0 4 2948 21
64.625 7027 0 4 2948 21
64.75 7027 0 4 2948 21
64.875 7027 0 4 2948 21
65 7027 0 4 2948 21
65.125 7027 0 4 2948 21
65.25 7027 0 4 2948 21
65.375 7027 0 4 2948 21
65.5 7027 0 4 2948 21
65.625 7027 0 4 2948 21
65.75 7027 0 4 2948 21
65.875 7027 0 4 2948 21
66 7027 0 4 2948 21
66.125 7027 0 4 2948 21
66.25 7027 0 4 2948 21
66.375 7027 0 4 2948 21
66.5 7027 0 4 2948 21
66.625 7027 0 4 2948 21
66.75 7027 0 4 2948 21
66.875 7027 0 4 2948 21
67 7027 0 4 2948 21
67.125 7027 0 4 2948 21
67.25 7027 0 4 2948 21
67.375 7027 0 4 2948 21
67.5 7027 0 4 2948 21
67.625 7027 0 4 2948 21
67.75 7027 0 4 2948 21
67.875 7027 0 4 2948 21
68 7027 0 4 2948 21
68.125 7027 0 4 2948 21
68.25 7027 0 4 2948 21
68.375 7027 0 4 2948 21
68.5 7027 0 4 2948 21
68.625 7027 0 4 2948 21
68.75 7027 0 4 2948 21
68.875 7027 0 4 2948 21
69 7027 0 4 2948 21
69.125 7027 0 4 2948 21
69.25 7027 0 4 2948 21
69.375 7027 0 4 2948 21
69.5 7027 0 4 2948 21
69.625 7027 0 4 2948 21
69.75 7027 0 4 2948 21
69.875 7027 0 4 2948 21
70 7027 0 4 2948 21
70.125 7027 0 4 2948 21
70.25 7027 0 4 2948 21
70.375 7027 0 4 2948 21
70.5 7027 0 4 2948 21
70.625 7027 0 4 2948 21
70.75 7027 0 4 2948 21
70.875 7027 0 4 2948 21
71 7027 0 4 2948 21
71.125 7027 0 4 2948 21
71.25 7027 0 4 2948 21
71.375 7027 0 4 2948 21
71.5 7027 0 4 2948 21
71.625 7027 0 4 2948 21
71.75 7027 0 4 2948 21
71.875 7027 0 4 2948 21
72 7027 0 4 2948 21
72.125 7027 0 4 2948 21
72.25 7027 0 3 2949 21
72.375 7027 0 3 2949 21
72.5 7027 0 3 2949 21
72.625 7027 0 3 2949 21
72.75 7027 0 3 2949 21
72.875 7027 0 3 2949 21
73 7027 0 3 2949 21
73.125 7027 0 3 2949 21
73.25 7027 0 3 2949 21
73.375 7027 0 3 2949 21
73.5 7027 0 3 2949 21
73.625 7027 0 3 2949 21
73.75 7027 0 3 2949 21
73.875 7027 0 3 2949 21
74 7027 0 3 2949 21
74.125 7027 0 3 2949 21
74.25 7027 0 3 2949 21
74.375 7027 0 3 2949 21
74.5 7027 0 3 2949 21
74.625 7027 0 3 2949 21
74.75 7027 0 3 2949 21
74.875 7027 0 3 2949 21
75 7027 0 3 2949 21
75.125 7027 0 3 2949 21
75.25 7027 0 2 2950 21
75.375 7027 0 2 2950 21
75.5 7027 0 2 2950 21
75.625 7027 0 2 2950 21
75.75 7027 0 2 2950 21
75.875 7027 0 2 2950 21
76 7027 0 2 2950 21
76.125 7027 0 2 2950 21
76.25 7027 0 2 2950 21
76.375 7027 0 2 2950 21
76.5 7027 0 2 2950 21
76.625 7027 0 2 2950 21
76.75 7027 0 2 2950 21
76.875 7027 0 2 2950 21
77 7027 0 2 2950 21
77.125 7027 0 1 2951 21
77.25 7027 0 1 2951 21
77.375 7027 0 1 2951 21
77.5 7027 0 1 2951 21
77.625 7027 0 1 2951 21
77.75 7027 0 1 2951 21
77.875 7027 0 1 2951 21
78 7027 0 1 2951 21
78.125 7027 0 1 2951 21
78.25 7027 0 0 2952 21
