t S E I R D
0 9999 0 1 0 0
0.125 9999 0 1 0 0
0.25 9999 0 1 0 0
0.375 9999 0 1 0 0
0.5 9999 0 1 0 0
0.625 9999 0 1 0 0
0.75 9999 0 1 0 0
0.875 9999 0 1 0 0
1 9999 0 1 0 0
1.125 9999 0 1 0 0
1.25 9999 0 1 0 0
1.375 9999 0 1 0 0
1.5 9999 0 1 0 0
1.625 9999 0 1 0 0
1.75 9999 0 1 0 0
1.875 9999 0 1 0 0
2 9999 0 1 0 0
2.125 9998 1 1 0 0
2.25 9998 1 1 0 0
2.375 9998 1 1 0 0
2.5 9998 1 1 0 0
2.625 9998 1 1 0 0
2.75 9998 0 2 0 0
2.875 9998 0 2 0 0
3 9998 0 2 0 0
3.125 9997 1 2 0 0
3.25 9997 1 2 0 0
3.375 9997 1 2 0 0
3.5 9997 1 2 0 0
3.625 9997 1 2 0 0
3.75 9997 1 2 0 0
3.875 9997 1 2 0 0
4 9997 1 2 0 0
4.125 9997 1 2 0 0
4.25 9997 1 2 0 0
4.375 9997 1 2 0 0
4.5 9997 1 2 0 0
4.625 9997 1 2 0 0
4.75 9996 2 2 0 0
4.875 9995 3 2 0 0
5 9995 3 2 0 0
5.125 9995 2 3 0 0
5.25 9993 4 3 0 0
5.375 9992 5 3 0 0
5.5 9992 4 4 0 0
5.625 9992 4 4 0 0
5.75 9991 5 4 0 0
5.875 9991 5 4 0 0
6 9991 5 4 0 0
6.125 9990 6 4 0 0
6.25 9990 6 4 0 0
6.375 9989 7 3 1 0
6.5 9989 7 3 1 0
6.625 9988 6 5 1 0
6.75 9988 4 7 1 0
6.875 9986 6 7 1 0
7 9986 5 8 1 0
7.125 9986 5 8 1 0
7.25 9985 6 8 1 0
7.375 9984 7 7 2 0
7.5 9983 8 7 2 0
7.625 9982 8 7 3 0
7.75 9982 8 7 3 0
7.875 9982 7 8 3 0
8 9980 9 8 3 0
8.125 9980 9 8 3 0
8.25 9980 9 8 3 0
8.375 9980 8 9 3 0
8.5 9980 8 9 3 0
8.625 9980 8 9 3 0
8.75 9980 8 9 3 0
8.875 9979 9 9 3 0
9 9979 8 10 3 0
9.125 9975 11 10 4 0
9.25 9967 18 11 4 0
9.375 9954 30 12 4 0
9.5 9948 35 13 4 0
9.625 9940 40 16 4 0
9.75 9930 47 19 4 0
9.875 9917 56 23 4 0
10 9907 61 27 5 0
10.125 9897 66 32 5 0
10.25 9888 70 37 5 0
10.375 9878 75 42 5 0
10.5 9870 78 46 6 0
10.625 9853 89 52 6 0
10.75 9834 103 56 7 0
10.875 9821 112 58 9 0
11 9801 122 66 11 0
11.125 9792 121 75 12 0
11.25 9778 124 83 15 0
11.375 9757 135 92 16 0
11.5 9742 140 98 20 0
11.625 9728 149 103 20 0
11.75 9709 157 114 20 0
11.875 9696 155 124 24 1
12 9681 166 127 25 1
12.125 9659 180 130 30 1
12.25 9644 185 137 33 1
12.375 9635 183 146 35 1
12.5 9621 188 153 37 1
12.625 9606 185 170 38 1
12.75 9592 186 181 40 1
12.875 9573 191 186 49 1
13 9565 189 193 52 1
13.125 9555 186 201 57 1
13.25 9544 184 213 58 1
13.375 9527 188 219 65 1
13.5 9511 194 221 73 1
13.625 9496 199 223 81 1
13.75 9484 199 231 85 1
13.875 9467 209 234 89 1
14 9452 211 244 92 1
14.125 9428 218 255 98 1
14.25 9411 223 265 100 1
14.375 9393 231 272 103 1
14.5 9377 230 285 107 1
14.625 9359 228 299 113 1
14.75 9337 236 306 120 1
14.875 9320 240 315 124 1
15 9304 243 322 130 1
15.125 9287 240 333 139 1
15.25 9261 248 347 143 1
15.375 9246 251 353 149 1
15.5 9221 259 364 155 1
15.625 9209 255 375 160 1
15.75 9189 259 385 166 1
15.875 9175 248 402 174 1
16 9161 247 405 186 1
16.125 9149 246 414 190 1
16.25 9134 253 414 197 2
16.375 9120 251 423 204 2
16.5 9105 246 432 215 2
16.625 9098 241 435 224 2
16.75 9088 240 437 233 2
16.875 9076 238 442 242 2
17 9063 234 453 248 2
17.125 9055 224 459 260 2
17.25 9045 220 462 271 2
17.375 9036 209 476 277 2
17.5 9022 210 480 286 2
17.625 9008 212 481 297 2
17.75 9000 203 491 304 2
17.875 8988 201 492 317 2
18 8977 199 496 326 2
18.125 8965 206 494 333 2
18.25 8962 189 503 344 2
18.375 8955 190 495 357 3
18.5 8938 196 490 373 3
18.625 8928 193 493 383 3
18.75 8919 193 489 396 3
18.875 8912 185 490 409 4
19 8904 182 493 417 4
19.125 8898 177 492 429 4
19.25 8889 173 496 438 4
19.375 8877 172 500 447 4
19.5 8863 176 501 456 4
19.625 8855 175 493 473 4
19.75 8850 174 495 476 5
19.875 8844 171 495 485 5
20 8834 167 498 496 5
20.125 8830 165 494 506 5
20.25 8826 160 488 521 5
20.375 8814 162 486 533 5
20.5 8802 164 481 548 5
20.625 8799 156 483 557 5
20.75 8794 151 484 566 5
20.875 8791 148 484 572 5
21 8785 145 483 582 5
21.125 8781 140 480 594 5
21.25 8775 137 471 612 5
21.375 8769 132 468 625 6
21.5 8760 136 467 631 6
21.625 8753 135 468 638 6
21.75 8746 136 460 652 6
21.875 8741 134 462 657 6
22 8736 132 464 662 6
22.125 8727 133 453 681 6
22.25 8724 124 455 691 6
22.375 8720 120 455 699 6
22.5 8715 116 457 706 6
22.625 8708 112 463 711 6
22.75 8704 108 465 717 6
22.875 8700 102 465 727 6
23 8697 98 464 735 6
23.125 8693 99 461 740 7
23.25 8691 97 451 754 7
23.375 8688 93 452 760 7
23.5 8685 87 452 769 7
23.625 8681 83 452 777 7
23.75 8679 80 446 788 7
23.875 8679 75 441 798 7
24 8677 71 439 806 7
24.125 8673 72 432 816 7
24.25 8673 69 421 829 8
24.375 8672 66 413 841 8
24.5 8671 64 403 854 8
24.625 8668 66 397 861 8
24.75 8668 64 390 870 8
24.875 8667 57 393 875 8
25 8665 55 386 885 9
25.125 8665 51 385 890 9
25.25 8661 52 375 903 9
25.375 8661 45 372 912 10
25.5 8659 45 367 919 10
25.625 8658 44 360 928 10
25.75 8656 41 360 933 10
25.875 8655 42 356 936 11
26 8652 45 349 943 11
26.125 8651 42 346 950 11
26.25 8651 40 340 958 11
26.375 8649 41 335 964 11
26.5 8646 41 332 970 11
26.625 8646 37 332 974 11
26.75 8645 38 329 977 11
26.875 8645 35 324 985 11
27 8645 31 322 991 11
27.125 8645 30 316 998 11
27.25 8643 30 314 1001 12
27.375 8642 30 309 1005 14
27.5 8641 30 304 1011 14
27.625 8640 31 297 1018 14
27.75 8640 29 294 1023 14
27.875 8639 26 291 1030 14
28 8639 25 286 1036 14
28.125 8639 24 282 1041 14
28.25 8635 27 277 1047 14
28.375 8633 28 273 1052 14
28.5 8633 26 271 1056 14
28.625 8632 24 267 1063 14
28.75 8632 23 260 1071 14
28.875 8631 19 262 1073 15
29 8631 18 256 1080 15
29.125 8631 18 251 1085 15
29.25 8631 18 246 1090 15
29.375 8631 18 239 1097 15
29.5 8630 18 236 1101 15
29.625 8630 16 228 1111 15
29.75 8630 15 224 1116 15
29.875 8630 15 219 1121 15
30 8629 15 215 1126 15
30.125 8628 15 213 1129 15
30.25 8626 17 210 1132 15
30.375 8626 17 205 1137 15
30.5 8625 17 199 1144 15
30.625 8625 15 195 1150 15
30.75 8625 15 193 1151 16
30.875 8625 15 190 1154 16
31 8625 15 187 1157 16
31.125 8625 12 187 1160 16
31.25 8624 13 183 1164 16
31.375 8624 13 181 1166 16
31.5 8623 14 176 1171 16
31.625 8623 13 175 1173 16
31.75 8623 12 170 1179 16
31.875 8623 11 171 1179 16
32 8623 11 168 1182 16
32.125 8622 11 162 1188 17
32.25 8622 10 162 1189 17
32.375 8622 9 161 1191 17
32.5 8622 8 158 1195 17
32.625 8622 7 155 1199 17
32.75 8621 8 151 1203 17
32.875 8621 7 152 1203 17
33 8621 7 151 1204 17
33.125 8621 7 147 1208 17
33.25 8621 7 139 1216 17
33.375 8621 7 135 1220 17
33.5 8621 7 135 1220 17
33.625 8619 9 133 1222 17
33.75 8619 9 131 1224 17
33.875 8618 10 129 1226 17
34 8618 10 124 1231 17
34.125 8618 10 123 1232 17
34.25 8618 10 121 1234 17
34.375 8618 10 121 1234 17
34.5 8617 11 120 1235 17
34.625 8617 10 118 1238 17
34.75 8617 10 115 1241 17
34.875 8617 9 113 1244 17
35 8617 9 111 1246 17
35.125 8617 9 110 1247 17
35.25 8617 9 108 1249 17
35.375 8617 9 104 1253 17
35.5 8616 10 104 1253 17
35.625 8615 11 102 1255 17
35.75 8615 11 99 1258 17
35.875 8615 11 97 1260 17
36 8615 11 95 1262 17
36.125 8615 10 93 1265 17
36.25 8615 10 92 1266 17
36.375 8615 10 91 1267 17
36.5 8615 10 89 1269 17
36.625 8615 10 87 1271 17
36.75 8614 10 86 1273 17
36.875 8614 9 85 1275 17
37 8613 10 84 1276 17
37.125 8613 10 80 1280 17
37.25 8613 10 79 1281 17
37.375 8613 10 78 1282 17
37.5 8613 9 77 1284 17
37.625 8613 8 75 1287 17
37.75 8612 8 73 1290 17
37.875 8612 8 71 1292 17
38 8612 8 67 1296 17
38.125 8612 7 66 1298 17
38.25 8612 7 65 1299 17
38.375 8612 6 65 1300 17
38.5 8612 5 65 1301 17
38.625 8611 6 64 1302 17
38.75 8610 7 63 1303 17
38.875 8610 6 63 1304 17
39 8610 6 62 1305 17
39.125 8610 5 62 1306 17
39.25 8610 4 62 1307 17
39.375 8610 4 62 1307 17
39.5 8610 4 62 1307 17
39.625 8610 4 61 1308 17
39.75 8610 4 60 1309 17
39.875 8610 4 57 1312 17
40 8610 4 54 1315 17
40.125 8610 4 53 1316 17
40.25 8610 3 54 1316 17
40.375 8610 3 54 1316 17
40.5 8610 2 53 1318 17
40.625 8610 2 53 1318 17
40.75 8610 2 51 1320 17
40.875 8610 1 52 1320 17
41 8610 1 49 1323 17
41.125 8610 1 49 1323 17
41.25 8610 1 47 1325 17
41.375 8610 1 47 1325 17
41.5 8610 1 47 1325 17
41.625 8609 2 47 1325 17
41.75 8609 2 46 1326 17
41.875 8609 2 44 1328 17
42 8609 1 45 1328 17
42.125 8609 1 45 1328 17
42.25 8609 1 45 1328 17
42.375 8609 1 43 1330 17
42.5 8609 1 42 1331 17
42.625 8609 1 42 1331 17
42.75 8609 1 41 1332 17
42.875 8609 1 41 1332 17
43 8609 1 40 1333 17
43.125 8609 1 39 1334 17
43.25 8609 1 39 1334 17
43.375 8609 0 38 1336 17
43.5 8609 0 37 1337 17
43.625 8609 0 36 1338 17
43.75 8609 0 35 1339 17
43.875 8609 0 33 1341 17
44 8609 0 33 1341 17
44.125 8609 0 33 1341 17
44.25 8609 0 31 1343 17
44.375 8608 1 31 1343 17
44.5 8608 1 31 1343 17
44.625 8608 1 31 1343 17
44.75 8607 2 30 1344 17
44.875 8607 2 28 1346 17
45 8607 2 27 1347 17
45.125 8607 2 27 1347 17
45.25 8607 2 27 1347 17
45.375 8607 2 27 1347 17
45.5 8607 2 26 1348 17
45.625 8607 2 24 1350 17
45.75 8607 2 23 1351 17
45.875 8607 2 21 1353 17
46 8607 2 21 1353 17
46.125 8607 2 20 1354 17
46.25 8607 2 20 1354 17
46.375 8607 2 20 1354 17
46.5 8607 2 20 1354 17
46.625 8607 2 20 1354 17
46.75 8607 2 20 1354 17
46.875 8606 3 19 1355 17
47 8606 3 19 1355 17
47.125 8606 3 18 1356 17
47.25 8606 2 18 1357 17
47.375 8606 2 17 1358 17
47.5 8606 2 17 1358 17
47.625 8606 2 16 1359 17
47.75 8606 2 16 1359 17
47.875 8606 1 17 1359 17
48 8606 1 16 1360 17
48.125 8606 1 16 1360 17
48.25 8606 1 16 1360 17
48.375 8606 1 16 1360 17
48.5 8606 1 15 1361 17
48.625 8606 1 15 1361 17
48.75 8606 1 15 1361 17
48.875 8606 1 14 1362 17
49 8606 1 14 1362 17
49.125 8606 1 14 1362 17
49.25 8606 1 13 1363 17
49.375 8606 1 13 1363 17
49.5 8606 1 13 1363 17
49.625 8606 1 11 1365 17
49.75 8606 1 10 1366 17
49.875 8606 1 10 1366 17
50 8606 1 9 1367 17
50.125 8606 0 10 1367 17
50.25 8606 0 10 1367 17
50.375 8606 0 10 1367 17
50.5 8606 0 10 1367 17
50.625 8606 0 9 1368 17
50.75 8606 0 9 1368 17
50.875 8606 0 9 1368 17
51 8606 0 9 1368 17
51.125 8606 0 9 1368 17
51.25 8606 0 9 1368 17
51.375 8606 0 9 1368 17
51.5 8606 0 9 1368 17
51.625 8606 0 9 1368 17
51.75 8606 0 9 1368 17
51.875 8606 0 9 1368 17
52 8606 0 9 1368 17
52.125 8606 0 9 1368 17
52.25 8606 0 9 1368 17
52.375 8606 0 8 1369 17
52.5 8606 0 8 1369 17
52.625 8606 0 8 1369 17
52.75 8606 0 8 1369 17
52.875 8606 0 8 1369 17
53 8606 0 8 1369 17
53.125 8606 0 8 1369 17
53.25 8606 0 8 1369 17
53.375 8606 0 7 1370 17
53.5 8606 0 7 1370 17
53.625 8606 0 7 1370 17
53.75 8606 0 7 1370 17
53.875 8606 0 7 1370 17
54 8606 0 7 1370 17
54.125 8606 0 7 1370 17
54.25 8606 0 7 1370 17
54.375 8606 0 7 1370 17
54.5 8606 0 7 1370 17
54.625 8606 0 7 1370 17
54.75 8606 0 7 1370 17
54.875 8606 0 6 1371 17
55 8606 0 6 1371 17
55.125 8606 0 5 1372 17
55.25 8606 0 5 1372 17
55.375 8606 0 5 1372 17
55.5 8606 0 5 1372 17
55.625 8606 0 5 1372 17
55.75 8606 0 5 1372 17
55.875 8606 0 5 1372 17
56 8606 0 4 1373 17
56.125 8606 0 4 1373 17
56.25 8606 0 4 1373 17
56.375 8606 0 4 1373 17
56.5 8606 0 4 1373 17
56.625 8606 0 4 1373 17
56.75 8606 0 4 1373 17
56.875 8606 0 4 1373 17
57 8606 0 4 1373 17
57.125 8606 0 4 1373 17
57.25 8606 0 4 1373 17
57.375 8606 0 4 1373 17
57.5 8606 0 4 1373 17
57.625 8606 0 4 1373 17
57.75 8606 0 4 1373 17
57.875 8606 0 4 1373 17
58 8606 0 4 1373 17
58.125 8606 0 4 1373 17
58.25 8606 0 4 1373 17
58.375 8606 0 4 1373 17
58.5 8606 0 4 1373 17
58.625 8606 0 4 1373 17
58.75 8606 0 3 1374 17
58.875 8606 0 3 1374 17
59 8606 0 3 1374 17
59.125 8606 0 2 1375 17
59.25 8606 0 2 1375 17
59.375 8606 0 2 1375 17
59.5 8606 0 2 1375 17
59.625 8606 0 2 1375 17
59.75 8606 0 2 1375 17
59.875 8606 0 2 1375 17
60 8606 0 2 1375 17
60.125 8606 0 2 1375 17
60.25 8606 0 2 1375 17
60.375 8606 0 2 1375 17
60.5 8606 0 2 1375 17
60.625 8606 0 2 1375 17
60.75 8606 0 2 1375 17
60.875 8606 0 2 1375 17
61 8606 0 2 1375 17
61.125 8606 0 2 1375 17
61.25 8606 0 2 1375 17
61.375 8606 0 2 1375 17
61.5 8606 0 2 1375 17
61.625 8606 0 2 1375 17
61.75 8606 0 2 1375 17
61.875 8606 0 2 1375 17
62 8606 0 2 1375 17
62.125 8606 0 2 1375 17
62.25 8606 0 2 1375 17
62.375 8606 0 2 1375 17
62.5 8606 0 2 1375 17
62.625 8606 0 2 1375 17
62.75 8606 0 2 1375 17
62.875 8606 0 2 1375 17
63 8606 0 2 1375 17
63.125 8606 0 2 1375 17
63.25 8606 0 2 1375 17
63.375 8606 0 2 1375 17
63.5 8606 0 2 1375 17
63.625 8606 0 2 1375 17
63.75 8606 0 2 1375 17
63.875 8606 0 2 1375 17
64 8606 0 2 1375 17
64.125 8606 0 2 1375 17
64.25 8606 0 2 1375 17
64.375 8606 0 2 1375 17
64.5 8606 0 2 1375 17
64.625 8606 0 2 1375 17
64.75 8606 0 2 1375 17
64.875 8606 0 2 1375 17
65 8606 0 2 1375 17
65.125 8606 0 2 1375 17
65.25 8606 0 2 1375 17
65.375 8606 0 2 1375 17
65.5 8606 0 2 1375 17
65.625 8606 0 2 1375 17
65.75 8606 0 2 1375 17
65.875 8606 0 2 1375 17
66 8606 0 2 1375 17
66.125 8606 0 2 1375 17
66.25 8606 0 2 1375 17
66.375 8606 0 2 1375 17
66.5 8606 0 2 1375 17
66.625 8606 0 2 1375 17
66.75 8606 0 2 1375 17
66.875 8606 0 2 1375 17
67 8606 0 2 1375 17
67.125 8606 0 2 1375 17
67.25 8606 0 2 1375 17
67.375 8606 0 2 1375 17
67.5 8606 0 2 1375 17
67.625 8606 0 2 1375 17
67.75 8606 0 2 1375 17
67.875 8606 0 2 1375 17
68 8606 0 2 1375 17
68.125 8606 0 2 1375 17
68.25 8606 0 2 1375 17
68.375 8606 0 2 1375 17
68.5 8606 0 2 1375 17
68.625 8606 0 2 1375 17
68.75 8606 0 2 1375 17
68.875 8606 0 2 1375 17
69 8606 0 2 1375 17
69.125 8606 0 2 1375 17
69.25 8606 0 2 1375 17
69.375 8606 0 2 1375 17
69.5 8606 0 2 1375 17
69.625 8606 0 2 1375 17
69.75 8606 0 2 1375 17
69.875 8606 0 2 1375 17
70 8606 0 2 1375 17
70.125 8606 0 2 1375 17
70.25 8606 0 2 1375 17
70.375 8606 0 2 1375 17
70.5 8606 0 2 1375 17
70.625 8606 0 2 1375 17
70.75 8606 0 2 1375 17
70.875 8606 0 2 1375 17
71 8606 0 2 1375 17
71.125 8606 0 2 1375 17
71.25 8606 0 2 1375 17
71.375 8606 0 1 1376 17
71.5 8606 0 1 1376 17
71.625 8606 0 1 1376 17
71.75 8606 0 1 1376 17
71.875 8606 0 1 1376 17
72 8606 0 1 1376 17
72.125 8606 0 1 1376 17
72.25 8606 0 1 1376 17
72.375 8606 0 1 1376 17
72.5 8606 0 1 1376 17
72.625 8606 0 1 1376 17
72.75 8606 0 1 1376 17
72.875 8606 0 1 1376 17
73 8606 0 1 1376 17
73.125 8606 0 1 1376 17
73.25 8606 0 0 1377 17
