t S E I R D
0 9999 0 1 0 0
0.125 9999 0 1 0 0
0.25 9999 0 1 0 0
0.375 9999 0 1 0 0
0.5 9999 0 1 0 0
0.625 9999 0 1 0 0
0.75 9999 0 1 0 0
0.875 9999 0 1 0 0
1 9999 0 1 0 0
1.125 9999 0 1 0 0
1.25 9999 0 1 0 0
1.375 9999 0 1 0 0
1.5 9999 0 1 0 0
1.625 9999 0 1 0 0
1.75 9999 0 1 0 0
1.875 9999 0 1 0 0
2 9999 0 1 0 0
2.125 9999 0 1 0 0
2.25 9998 1 1 0 0
2.375 9998 1 1 0 0
2.5 9998 1 1 0 0
2.625 9998 1 1 0 0
2.75 9998 1 1 0 0
2.875 9998 1 1 0 0
3 9998 1 1 0 0
3.125 9998 0 2 0 0
3.25 9998 0 2 0 0
3.375 9998 0 2 0 0
3.5 9998 0 2 0 0
3.625 9998 0 2 0 0
3.75 9998 0 2 0 0
3.875 9998 0 2 0 0
4 9998 0 2 0 0
4.125 9998 0 2 0 0
4.25 9998 0 2 0 0
4.375 9998 0 2 0 0
4.5 9998 0 2 0 0
4.625 9998 0 2 0 0
4.75 9998 0 2 0 0
4.875 9998 0 2 0 0
5 9998 0 2 0 0
5.125 9998 0 2 0 0
5.25 9997 1 2 0 0
5.375 9996 2 2 0 0
5.5 9996 2 2 0 0
5.625 9995 3 2 0 0
5.75 9995 2 3 0 0
5.875 9995 2 2 1 0
6 9995 1 3 1 0
6.125 9995 1 3 1 0
6.25 9995 1 3 1 0
6.375 9995 0 4 1 0
6.5 9995 0 4 1 0
6.625 9995 0 4 1 0
6.75 9995 0 4 1 0
6.875 9995 0 4 1 0
7 9995 0 4 1 0
7.125 9993 2 4 1 0
7.25 9993 2 4 1 0
7.375 9992 3 4 1 0
7.5 9992 3 4 1 0
7.625 9992 2 5 1 0
7.75 9992 2 5 1 0
7.875 9992 2 5 1 0
8 9992 2 5 1 0
8.125 9992 2 5 1 0
8.25 9992 2 5 1 0
8.375 9992 2 4 2 0
8.5 9992 2 4 2 0
8.625 9992 2 4 2 0
8.75 9992 1 5 2 0
8.875 9992 1 5 2 0
9 9991 2 5 2 0
9.125 9991 2 5 2 0
9.25 9991 2 5 2 0
9.375 9990 3 5 2 0
9.5 9990 3 5 2 0
9.625 9990 3 5 2 0
9.75 9990 3 5 2 0
9.875 9988 4 6 2 0
10 9988 4 6 2 0
10.125 9988 3 7 2 0
10.25 9987 4 7 2 0
10.375 9987 4 7 2 0
10.5 9987 4 7 2 0
10.625 9987 4 6 3 0
10.75 9987 4 6 3 0
10.875 9987 3 7 3 0
11 9984 6 7 3 0
11.125 9978 12 7 3 0
11.25 9972 18 7 3 0
11.375 9968 21 8 3 0
11.5 9965 23 9 3 0
11.625 9963 24 10 3 0
11.75 9961 23 12 4 0
11.875 9960 21 15 4 0
12 9955 25 15 5 0
12.125 9951 27 17 5 0
12.25 9941 37 17 5 0
12.375 9933 42 19 6 0
12.5 9927 48 19 6 0
12.625 9922 51 21 6 0
12.75 9919 48 26 7 0
12.875 9911 55 27 7 0
13 9903 58 32 7 0
13.125 9893 64 36 7 0
13.25 9883 70 40 7 0
13.375 9872 75 46 7 0
13.5 9863 81 48 8 0
13.625 9848 90 53 9 0
13.75 9839 96 55 10 0
13.875 9828 105 57 10 0
14 9809 119 59 13 0
14.125 9796 125 64 15 0
14.25 9785 126 71 18 0
14.375 9774 132 75 19 0
14.5 9755 144 79 22 0
14.625 9737 156 83 24 0
14.75 9718 166 91 25 0
14.875 9697 179 99 25 0
15 9682 181 107 30 0
15.125 9665 192 110 33 0
15.25 9642 202 121 35 0
15.375 9623 209 132 36 0
15.5 9596 221 144 39 0
15.625 9574 231 153 42 0
15.75 9552 235 168 45 0
15.875 9516 257 177 50 0
16 9482 275 188 55 0
16.125 9464 274 202 60 0
16.25 9439 276 224 61 0
16.375 9410 280 242 68 0
16.5 9371 305 250 74 0
16.625 9325 332 261 82 0
16.75 9290 343 278 89 0
16.875 9255 348 305 92 0
17 9211 373 314 102 0
17.125 9180 377 332 111 0
17.25 9136 395 349 120 0
17.375 9088 420 364 128 0
17.5 9043 439 378 140 0
17.625 8996 465 394 145 0
17.75 8952 476 417 155 0
17.875 8906 495 435 164 0
18 8855 519 453 172 1
18.125 8835 514 465 184 2
18.25 8825 491 490 192 2
18.375 8808 483 503 204 2
18.5 8794 457 530 217 2
18.625 8774 450 547 226 3
18.75 8763 433 567 234 3
18.875 8743 433 570 251 3
19 8726 428 579 263 4
19.125 8712 424 588 272 4
19.25 8698 412 599 287 4
19.375 8688 404 603 301 4
19.5 8667 396 619 314 4
19.625 8652 390 629 325 4
19.75 8640 383 635 338 4
19.875 8626 375 642 353 4
20 8608 360 665 363 4
20.125 8592 350 673 381 4
20.25 8578 342 685 391 4
20.375 8557 343 696 400 4
20.5 8541 340 700 415 4
20.625 8520 342 698 436 4
20.75 8507 332 702 455 4
20.875 8496 324 703 472 5
21 8476 321 712 486 5
21.125 8459 320 711 504 6
21.25 8444 317 710 523 6
21.375 8422 312 712 548 6
21.5 8404 318 704 568 6
21.625 8385 318 710 579 8
21.75 8359 324 712 597 8
21.875 8343 319 711 619 8
22 8330 308 719 635 8
22.125 8312 309 722 649 8
22.25 8291 309 725 667 8
22.375 8276 305 724 686 9
22.5 8261 297 729 703 10
22.625 8245 291 734 720 10
22.75 8228 289 741 732 10
22.875 8219 280 747 744 10
23 8205 270 752 763 10
23.125 8186 271 749 783 11
23.25 8171 262 761 795 11
23.375 8153 263 763 810 11
23.5 8135 265 753 836 11
23.625 8116 271 755 847 11
23.75 8100 274 751 864 11
23.875 8082 275 755 877 11
24 8067 272 756 894 11
24.125 8050 268 770 901 11
24.25 8036 265 773 915 11
24.375 8020 262 774 933 11
24.5 8004 267 771 947 11
24.625 7989 263 779 958 11
24.75 7972 258 782 977 11
24.875 7956 258 779 996 11
25 7948 245 786 1009 12
25.125 7939 233 790 1026 12
25.25 7931 227 790 1040 12
25.375 7914 240 770 1064 12
25.5 7902 240 766 1079 13
25.625 7887 236 771 1093 13
25.75 7876 233 776 1102 13
25.875 7864 231 775 1117 13
26 7852 234 772 1129 13
26.125 7838 233 775 1141 13
26.25 7823 228 776 1160 13
26.375 7813 225 774 1175 13
26.5 7799 225 771 1192 13
26.625 7783 227 769 1208 13
26.75 7765 234 770 1218 13
26.875 7753 222 774 1238 13
27 7738 222 772 1255 13
27.125 7730 215 776 1266 13
27.25 7711 219 776 1280 14
27.375 7695 227 767 1296 15
27.5 7679 230 764 1312 15
27.625 7659 231 769 1326 15
27.75 7646 228 770 1341 15
27.875 7635 231 765 1354 15
28 7626 227 764 1368 15
28.125 7617 222 759 1387 15
28.25 7609 216 759 1400 16
28.375 7598 209 759 1418 16
28.5 7584 207 760 1433 16
28.625 7579 198 752 1455 16
28.75 7568 197 746 1473 16
28.875 7558 198 742 1486 16
29 7549 195 745 1495 16
29.125 7538 191 741 1514 16
29.25 7527 193 737 1527 16
29.375 7514 198 733 1539 16
29.5 7500 197 734 1553 16
29.625 7483 200 730 1570 17
29.75 7470 194 735 1584 17
29.875 7458 196 726 1603 17
30 7448 196 724 1615 17
30.125 7437 184 726 1636 17
30.25 7431 182 719 1650 18
30.375 7423 180 715 1664 18
30.5 7415 179 712 1676 18
30.625 7404 180 706 1692 18
30.75 7389 183 700 1709 19
30.875 7384 176 691 1729 20
31 7379 169 686 1746 20
31.125 7370 168 687 1755 20
31.25 7362 164 687 1767 20
31.375 7353 163 683 1780 21
31.5 7348 155 684 1792 21
31.625 7340 155 679 1805 21
31.75 7332 153 679 1815 21
31.875 7323 153 678 1825 21
32 7317 147 672 1843 21
32.125 7305 147 669 1858 21
32.25 7301 140 668 1870 21
32.375 7293 144 661 1880 22
32.5 7288 138 654 1898 22
32.625 7279 135 659 1905 22
32.75 7276 129 658 1914 23
32.875 7265 132 651 1929 23
33 7257 135 641 1943 24
33.125 7252 124 644 1956 24
33.25 7248 122 636 1970 24
33.375 7242 125 619 1990 24
33.5 7233 129 611 2003 24
33.625 7219 131 608 2018 24
33.75 7214 130 601 2031 24
33.875 7209 126 597 2044 24
34 7199 131 587 2059 24
34.125 7192 133 572 2079 24
34.25 7186 130 570 2090 24
34.375 7176 132 563 2105 24
34.5 7169 131 563 2112 25
34.625 7163 128 562 2122 25
34.75 7157 115 573 2130 25
34.875 7155 108 574 2138 25
35 7146 110 570 2149 25
35.125 7139 113 554 2169 25
35.25 7132 108 555 2180 25
35.375 7125 106 549 2195 25
35.5 7120 107 540 2208 25
35.625 7113 107 536 2219 25
35.75 7110 107 530 2227 26
35.875 7105 104 529 2236 26
36 7098 107 524 2245 26
36.125 7096 102 518 2258 26
36.25 7086 108 516 2264 26
36.375 7082 106 513 2273 26
36.5 7076 104 504 2289 27
36.625 7070 103 504 2296 27
36.75 7061 110 496 2305 28
36.875 7057 109 487 2319 28
37 7047 114 481 2330 28
37.125 7042 110 482 2338 28
37.25 7041 105 477 2349 28
37.375 7034 106 478 2354 28
37.5 7028 108 471 2365 28
37.625 7023 107 471 2371 28
37.75 7016 110 462 2384 28
37.875 7013 106 456 2397 28
38 7009 105 446 2412 28
38.125 7003 101 450 2418 28
38.25 6996 100 450 2426 28
38.375 6992 100 444 2436 28
38.5 6986 101 439 2446 28
38.625 6977 105 432 2458 28
38.75 6971 102 435 2464 28
38.875 6967 98 428 2479 28
39 6965 95 424 2488 28
39.125 6963 92 423 2493 29
39.25 6960 88 425 2498 29
39.375 6958 83 427 2503 29
39.5 6953 86 416 2516 29
39.625 6946 87 413 2525 29
39.75 6941 88 406 2536 29
39.875 6939 87 398 2547 29
40 6934 83 400 2554 29
40.125 6934 79 395 2563 29
40.25 6931 72 394 2574 29
40.375 6931 67 392 2581 29
40.5 6927 69 386 2589 29
40.625 6921 74 379 2597 29
40.75 6919 72 375 2605 29
40.875 6913 73 374 2611 29
41 6911 70 365 2625 29
41.125 6910 61 368 2632 29
41.25 6907 60 366 2638 29
41.375 6903 61 364 2642 30
41.5 6900 61 360 2649 30
41.625 6897 62 351 2660 30
41.75 6895 61 342 2672 30
41.875 6892 61 341 2675 31
42 6891 57 337 2683 32
42.125 6887 58 333 2690 32
42.25 6884 59 323 2702 32
42.375 6884 56 319 2709 32
42.5 6883 55 318 2712 32
42.625 6878 54 318 2718 32
42.75 6873 53 316 2725 33
42.875 6871 49 316 2731 33
43 6867 52 312 2736 33
43.125 6866 50 312 2739 33
43.25 6865 44 310 2748 33
43.375 6860 46 309 2752 33
43.5 6857 47 306 2757 33
43.625 6855 46 299 2767 33
43.75 6854 45 295 2773 33
43.875 6852 41 297 2777 33
44 6849 41 294 2783 33
44.125 6846 44 288 2789 33
44.25 6840 46 284 2797 33
44.375 6838 44 280 2805 33
44.5 6835 42 279 2811 33
44.625 6834 36 285 2812 33
44.75 6831 38 284 2814 33
44.875 6827 39 278 2823 33
45 6827 39 268 2833 33
45.125 6825 38 265 2839 33
45.25 6825 31 265 2846 33
45.375 6822 32 261 2852 33
45.5 6819 34 258 2856 33
45.625 6818 34 254 2861 33
45.75 6816 31 256 2864 33
45.875 6814 30 255 2868 33
46 6810 31 254 2872 33
46.125 6807 32 251 2877 33
46.25 6804 32 250 2881 33
46.375 6804 30 248 2885 33
46.5 6803 30 240 2894 33
46.625 6801 32 229 2904 34
46.75 6799 33 224 2910 34
46.875 6798 32 220 2916 34
47 6795 33 216 2922 34
47.125 6794 33 213 2926 34
47.25 6792 30 214 2930 34
47.375 6791 29 213 2933 34
47.5 6791 28 207 2940 34
47.625 6791 25 206 2944 34
47.75 6790 24 205 2947 34
47.875 6789 23 203 2951 34
48 6787 24 201 2954 34
48.125 6785 25 194 2962 34
48.25 6783 26 193 2964 34
48.375 6780 28 192 2966 34
48.5 6779 26 192 2969 34
48.625 6777 23 192 2974 34
48.75 6774 25 190 2977 34
48.875 6773 23 187 2983 34
49 6772 23 184 2987 34
49.125 6772 22 178 2994 34
49.25 6772 20 177 2997 34
49.375 6772 19 172 3003 34
49.5 6772 18 168 3007 35
49.625 6772 17 169 3007 35
49.75 6770 18 168 3009 35
49.875 6768 18 163 3016 35
50 6767 19 160 3019 35
50.125 6767 18 160 3020 35
50.25 6766 18 159 3022 35
50.375 6764 20 154 3027 35
50.5 6762 21 150 3032 35
50.625 6761 19 151 3034 35
50.75 6759 20 150 3036 35
50.875 6759 17 152 3037 35
51 6757 16 150 3042 35
51.125 6755 16 152 3042 35
51.25 6754 15 151 3045 35
51.375 6753 15 146 3051 35
51.5 6751 17 141 3056 35
51.625 6750 17 140 3058 35
51.75 6750 17 138 3060 35
51.875 6750 17 134 3064 35
52 6748 17 133 3067 35
52.125 6748 16 133 3068 35
52.25 6748 13 132 3072 35
52.375 6748 12 131 3074 35
52.5 6747 12 126 3080 35
52.625 6747 9 128 3081 35
52.75 6746 8 125 3086 35
52.875 6745 9 121 3090 35
53 6744 9 120 3092 35
53.125 6744 9 115 3097 35
53.25 6744 9 114 3098 35
53.375 6744 8 114 3099 35
53.5 6743 8 112 3102 35
53.625 6743 8 108 3106 35
53.75 6743 8 106 3108 35
53.875 6743 8 103 3111 35
54 6741 10 100 3114 35
54.125 6741 10 99 3115 35
54.25 6739 11 98 3117 35
54.375 6736 13 96 3120 35
54.5 6735 11 96 3123 35
54.625 6735 10 96 3124 35
54.75 6733 12 94 3126 35
54.875 6733 12 94 3126 35
55 6733 11 94 3127 35
55.125 6732 12 92 3129 35
55.25 6732 12 89 3132 35
55.375 6732 12 87 3134 35
55.5 6731 12 86 3136 35
55.625 6731 12 83 3139 35
55.75 6730 12 83 3140 35
55.875 6730 8 85 3142 35
56 6730 8 84 3143 35
56.125 6729 9 84 3143 35
56.25 6729 8 82 3146 35
56.375 6729 7 83 3146 35
56.5 6729 7 79 3150 35
56.625 6729 7 77 3152 35
56.75 6728 8 75 3154 35
56.875 6726 9 76 3154 35
57 6724 10 73 3158 35
57.125 6724 9 74 3158 35
57.25 6724 6 77 3158 35
57.375 6723 7 72 3163 35
57.5 6723 7 71 3164 35
57.625 6721 8 72 3164 35
57.75 6720 9 71 3165 35
57.875 6718 11 70 3166 35
58 6718 11 68 3168 35
58.125 6718 11 68 3168 35
58.25 6718 11 68 3168 35
58.375 6718 11 67 3169 35
58.5 6717 8 70 3170 35
58.625 6717 8 69 3171 35
58.75 6717 7 67 3174 35
58.875 6717 7 66 3175 35
59 6717 5 67 3176 35
59.125 6716 6 66 3177 35
59.25 6716 6 66 3177 35
59.375 6716 6 65 3178 35
59.5 6715 7 65 3178 35
59.625 6715 6 65 3179 35
59.75 6715 6 63 3181 35
59.875 6715 6 62 3182 35
60 6713 8 60 3184 35
60.125 6712 9 59 3185 35
60.25 6712 9 58 3186 35
60.375 6712 8 57 3188 35
60.5 6712 8 55 3190 35
60.625 6712 8 55 3190 35
60.75 6712 7 56 3190 35
60.875 6712 6 56 3191 35
61 6711 6 55 3193 35
61.125 6710 5 57 3193 35
61.25 6710 5 54 3196 35
61.375 6710 5 53 3197 35
61.5 6709 6 51 3199 35
61.625 6709 5 51 3200 35
61.75 6709 5 49 3202 35
61.875 6708 6 46 3205 35
62 6708 6 45 3206 35
62.125 6708 6 43 3208 35
62.25 6708 6 41 3210 35
62.375 6708 6 41 3210 35
62.5 6707 6 42 3210 35
62.625 6706 6 43 3210 35
62.75 6705 7 43 3210 35
62.875 6705 7 42 3211 35
63 6705 7 41 3212 35
63.125 6705 7 41 3212 35
63.25 6705 7 40 3213 35
63.375 6705 6 40 3214 35
63.5 6705 6 39 3215 35
63.625 6705 5 40 3215 35
63.75 6705 5 39 3216 35
63.875 6704 6 39 3216 35
64 6704 5 39 3217 35
64.125 6704 4 39 3218 35
64.25 6704 3 40 3218 35
64.375 6703 4 40 3218 35
64.5 6703 4 39 3219 35
64.625 6703 3 40 3219 35
64.75 6703 3 40 3219 35
64.875 6702 4 40 3219 35
65 6702 4 40 3219 35
65.125 6701 5 38 3221 35
65.25 6701 4 39 3221 35
65.375 6701 4 38 3222 35
65.5 6701 4 36 3224 35
65.625 6701 4 34 3226 35
65.75 6701 4 33 3227 35
65.875 6700 4 33 3228 35
66 6700 4 33 3228 35
66.125 6700 3 32 3230 35
66.25 6698 5 31 3231 35
66.375 6697 5 31 3232 35
66.5 6695 7 31 3232 35
66.625 6695 7 29 3234 35
66.75 6693 9 28 3235 35
66.875 6692 10 28 3235 35
67 6692 10 28 3235 35
67.125 6692 10 27 3236 35
67.25 6691 11 26 3237 35
67.375 6691 11 26 3237 35
67.5 6691 11 25 3238 35
67.625 6691 11 25 3238 35
67.75 6690 11 26 3238 35
67.875 6690 11 26 3238 35
68 6690 10 26 3239 35
68.125 6690 9 26 3240 35
68.25 6690 8 27 3240 35
68.375 6690 8 27 3240 35
68.5 6690 7 28 3240 35
68.625 6690 6 28 3241 35
68.75 6690 6 27 3242 35
68.875 6689 7 26 3243 35
69 6689 7 25 3244 35
69.125 6689 7 23 3246 35
69.25 6689 7 22 3247 35
69.375 6688 7 19 3251 35
69.5 6688 7 19 3251 35
69.625 6688 5 21 3251 35
69.75 6688 5 21 3251 35
69.875 6688 4 20 3253 35
70 6687 5 20 3253 35
70.125 6687 5 20 3253 35
70.25 6687 5 20 3253 35
70.375 6687 5 20 3253 35
70.5 6687 5 20 3253 35
70.625 6687 5 20 3253 35
70.75 6686 5 21 3253 35
70.875 6686 5 21 3253 35
71 6686 5 21 3253 35
71.125 6686 4 22 3253 35
71.25 6686 4 21 3254 35
71.375 6686 3 21 3255 35
71.5 6686 3 21 3255 35
71.625 6686 3 19 3257 35
71.75 6686 3 18 3258 35
71.875 6686 3 17 3259 35
72 6685 4 16 3260 35
72.125 6684 5 16 3260 35
72.25 6684 4 17 3260 35
72.375 6684 3 18 3260 35
72.5 6684 3 18 3260 35
72.625 6684 3 18 3260 35
72.75 6684 3 18 3260 35
72.875 6683 4 18 3260 35
73 6682 5 18 3260 35
73.125 6681 5 19 3260 35
73.25 6681 5 19 3260 35
73.375 6681 5 18 3261 35
73.5 6681 5 18 3261 35
73.625 6681 4 19 3261 35
73.75 6680 5 17 3263 35
73.875 6680 5 17 3263 35
74 6680 5 17 3263 35
74.125 6680 5 17 3263 35
74.25 6680 5 17 3263 35
74.375 6680 5 17 3263 35
74.5 6680 5 16 3264 35
74.625 6680 5 16 3264 35
74.75 6680 5 16 3264 35
74.875 6680 5 16 3264 35
75 6680 4 17 3264 35
75.125 6680 4 16 3265 35
75.25 6679 4 16 3266 35
75.375 6679 4 16 3266 35
75.5 6679 4 16 3266 35
75.625 6679 3 17 3266 35
75.75 6679 2 16 3268 35
75.875 6679 2 15 3269 35
76 6679 2 15 3269 35
76.125 6679 2 15 3269 35
76.25 6679 2 14 3270 35
76.375 6679 1 15 3270 35
76.5 6679 1 15 3270 35
76.625 6679 1 15 3270 35
76.75 6679 1 15 3270 35
76.875 6679 1 15 3270 35
77 6677 3 15 3270 35
77.125 6677 3 13 3272 35
77.25 6677 3 13 3272 35
77.375 6677 3 13 3272 35
77.5 6677 3 13 3272 35
77.625 6677 2 14 3272 35
77.75 6677 2 14 3272 35
77.875 6677 2 14 3272 35
78 6677 2 14 3272 35
78.125 6677 2 14 3272 35
78.25 6677 2 14 3272 35
78.375 6677 2 14 3272 35
78.5 6677 2 14 3272 35
78.625 6677 2 14 3272 35
78.75 6676 3 13 3273 35
78.875 6676 3 13 3273 35
79 6676 3 13 3273 35
79.125 6676 3 13 3273 35
79.25 6676 3 13 3273 35
79.375 6676 3 13 3273 35
79.5 6676 3 13 3273 35
79.625 6676 3 13 3273 35
79.75 6676 3 13 3273 35
79.875 6676 3 13 3273 35
80 6676 1 14 3274 35
80.125 6676 1 14 3274 35
80.25 6676 1 13 3275 35
80.375 6676 1 11 3277 35
80.5 6676 1 11 3277 35
80.625 6676 1 11 3277 35
80.75 6676 1 11 3277 35
80.875 6676 1 11 3277 35
81 6676 1 11 3277 35
81.125 6676 1 10 3278 35
81.25 6676 1 10 3278 35
81.375 6676 1 9 3279 35
81.5 6676 1 9 3279 35
81.625 6676 1 8 3280 35
81.75 6676 1 8 3280 35
81.875 6676 1 8 3280 35
82 6676 1 7 3281 35
82.125 6676 1 7 3281 35
82.25 6676 1 7 3281 35
82.375 6676 1 7 3281 35
82.5 6676 1 7 3281 35
82.625 6676 1 7 3281 35
82.75 6676 1 6 3282 35
82.875 6676 1 6 3282 35
83 6676 1 6 3282 35
83.125 6676 1 6 3282 35
83.25 6676 1 5 3283 35
83.375 6676 1 4 3284 35
83.5 6676 1 4 3284 35
83.625 6676 1 4 3284 35
83.75 6676 1 4 3284 35
83.875 6676 1 4 3284 35
84 6676 1 4 3284 35
84.125 6676 1 4 3284 35
84.25 6676 1 4 3284 35
84.375 6676 1 4 3284 35
84.5 6676 1 4 3284 35
84.625 6676 1 4 3284 35
84.75 6676 1 4 3284 35
84.875 6676 1 4 3284 35
85 6676 1 4 3284 35
85.125 6676 1 4 3284 35
85.25 6676 1 4 3284 35
85.375 6676 1 4 3284 35
85.5 6676 1 4 3284 35
85.625 6676 0 5 3284 35
85.75 6676 0 5 3284 35
85.875 6675 1 5 3284 35
86 6675 1 5 3284 35
86.125 6675 1 5 3284 35
86.25 6675 1 5 3284 35
86.375 6675 1 4 3284 36
86.5 6675 1 4 3284 36
86.625 6675 1 4 3284 36
86.75 6675 1 4 3284 36
86.875 6675 1 4 3284 36
87 6675 1 4 3284 36
87.125 6675 1 4 3284 36
87.25 6675 0 5 3284 36
87.375 6675 0 5 3284 36
87.5 6675 0 5 3284 36
87.625 6675 0 5 3284 36
87.75 6675 0 5 3284 36
87.875 6675 0 5 3284 36
88 6675 0 5 3284 36
88.125 6675 0 5 3284 36
88.25 6675 0 5 3284 36
88.375 6675 0 5 3284 36
88.5 6675 0 5 3284 36
88.625 6675 0 5 3284 36
88.75 6675 0 5 3284 36
88.875 6675 0 5 3284 36
89 6675 0 5 3284 36
89.125 6675 0 5 3284 36
89.25 6675 0 5 3284 36
89.375 6675 0 5 3284 36
89.5 6675 0 5 3284 36
89.625 6675 0 5 3284 36
89.75 6675 0 5 3284 36
89.875 6675 0 5 3284 36
90 6675 0 5 3284 36
90.125 6675 0 5 3284 36
90.25 6674 1 5 3284 36
90.375 6674 1 5 3284 36
90.5 6674 1 5 3284 36
90.625 6674 1 4 3285 36
90.75 6674 1 4 3285 36
90.875 6674 1 4 3285 36
91 6674 1 4 3285 36
91.125 6674 1 4 3285 36
91.25 6674 1 4 3285 36
91.375 6674 1 4 3285 36
91.5 6674 1 4 3285 36
91.625 6674 1 4 3285 36
91.75 6674 1 4 3285 36
91.875 6674 1 4 3285 36
92 6674 1 4 3285 36
92.125 6674 1 4 3285 36
92.25 6674 1 4 3285 36
92.375 6674 1 4 3285 36
92.5 6674 1 4 3285 36
92.625 6674 1 4 3285 36
92.75 6674 1 3 3286 36
92.875 6673 2 3 3286 36
93 6673 2 3 3286 36
93.125 6673 2 3 3286 36
93.25 6673 2 2 3287 36
93.375 6673 2 2 3287 36
93.5 6673 1 3 3287 36
93.625 6673 1 3 3287 36
93.75 6673 1 3 3287 36
93.875 6673 1 3 3287 36
94 6673 1 3 3287 36
94.125 6673 1 3 3287 36
94.25 6673 1 3 3287 36
94.375 6673 1 3 3287 36
94.5 6673 1 3 3287 36
94.625 6673 0 3 3288 36
94.75 6673 0 3 3288 36
94.875 6673 0 3 3288 36
95 6673 0 3 3288 36
95.125 6672 1 3 3288 36
95.25 6672 1 3 3288 36
95.375 6672 1 3 3288 36
95.5 6672 1 3 3288 36
95.625 6671 2 3 3288 36
95.75 6671 2 3 3288 36
95.875 6671 2 3 3288 36
96 6671 2 2 3289 36
96.125 6671 2 2 3289 36
96.25 6671 2 2 3289 36
96.375 6671 2 2 3289 36
96.5 6671 2 2 3289 36
96.625 6671 2 2 3289 36
96.75 6671 2 2 3289 36
96.875 6671 2 2 3289 36
97 6671 2 2 3289 36
97.125 6671 2 2 3289 36
97.25 6671 2 2 3289 36
97.375 6671 2 2 3289 36
97.5 6671 2 2 3289 36
97.625 6671 2 2 3289 36
97.75 6671 2 2 3289 36
97.875 6671 2 2 3289 36
98 6671 2 2 3289 36
98.125 6671 2 2 3289 36
98.25 6671 2 2 3289 36
98.375 6671 2 2 3289 36
98.5 6671 2 2 3289 36
98.625 6671 2 2 3289 36
98.75 6671 2 2 3289 36
98.875 6671 2 2 3289 36
99 6671 1 3 3289 36
99.125 6671 1 3 3289 36
99.25 6671 1 3 3289 36
99.375 6671 1 3 3289 36
99.5 6671 1 3 3289 36
99.625 6671 1 3 3289 36
99.75 6671 1 3 3289 36
99.875 6671 1 3 3289 36
100 6671 1 3 3289 36
100.125 6671 1 2 3290 36
100.25 6671 1 2 3290 36
100.375 6671 1 2 3290 36
100.5 6671 1 2 3290 36
100.625 6671 1 2 3290 36
100.75 6671 0 3 3290 36
100.875 6671 0 2 3291 36
101 6671 0 2 3291 36
101.125 6671 0 2 3291 36
101.25 6671 0 2 3291 36
101.375 6671 0 2 3291 36
101.5 6671 0 2 3291 36
101.625 6671 0 2 3291 36
101.75 6671 0 2 3291 36
101.875 6671 0 2 3291 36
102 6671 0 2 3291 36
102.125 6671 0 2 3291 36
102.25 6671 0 2 3291 36
102.375 6671 0 2 3291 36
102.5 6671 0 2 3291 36
102.625 6671 0 2 3291 36
102.75 6671 0 2 3291 36
102.875 6671 0 2 3291 36
103 6671 0 2 3291 36
103.125 6671 0 2 3291 36
103.25 6671 0 2 3291 36
103.375 6671 0 2 3291 36
103.5 6671 0 2 3291 36
103.625 6671 0 2 3291 36
103.75 6671 0 2 3291 36
103.875 6671 0 2 3291 36
104 6671 0 2 3291 36
104.125 6671 0 2 3291 36
104.25 6671 0 2 3291 36
104.375 6671 0 2 3291 36
104.5 6671 0 1 3292 36
104.625 6671 0 1 3292 36
104.75 6671 0 1 3292 36
104.875 6671 0 1 3292 36
105 6670 1 1 3292 36
105.125 6670 1 1 3292 36
105.25 6670 1 1 3292 36
105.375 6670 1 1 3292 36
105.5 6670 1 1 3292 36
105.625 6670 1 1 3292 36
105.75 6670 1 1 3292 36
105.875 6670 1 1 3292 36
106 6670 1 1 3292 36
106.125 6670 1 1 3292 36
106.25 6670 1 1 3292 36
106.375 6670 1 1 3292 36
106.5 6670 1 1 3292 36
106.625 6670 1 1 3292 36
106.75 6670 1 1 3292 36
106.875 6670 1 1 3292 36
107 6670 1 1 3292 36
107.125 6670 1 1 3292 36
107.25 6670 1 1 3292 36
107.375 6670 1 1 3292 36
107.5 6670 0 2 3292 36
107.625 6670 0 2 3292 36
107.75 6670 0 2 3292 36
107.875 6670 0 2 3292 36
108 6670 0 2 3292 36
108.125 6670 0 2 3292 36
108.25 6670 0 2 3292 36
108.375 6670 0 2 3292 36
108.5 6670 0 2 3292 36
108.625 6670 0 2 3292 36
108.75 6670 0 2 3292 36
108.875 6670 0 2 3292 36
109 6670 0 2 3292 36
109.125 6670 0 2 3292 36
109.25 6670 0 2 3292 36
109.375 6670 0 2 3292 36
109.5 6670 0 2 3292 36
109.625 6670 0 2 3292 36
109.75 6670 0 2 3292 36
109.875 6670 0 2 3292 36
110 6670 0 2 3292 36
110.125 6670 0 2 3292 36
110.25 6670 0 2 3292 36
110.375 6670 0 2 3292 36
110.5 6670 0 2 3292 36
110.625 6670 0 2 3292 36
110.75 6670 0 2 3292 36
110.875 6670 0 1 3293 36
111 6670 0 1 3293 36
111.125 6670 0 1 3293 36
111.25 6670 0 1 3293 36
111.375 6670 0 1 3293 36
111.5 6670 0 1 3293 36
111.625 6670 0 1 3293 36
111.75 6670 0 1 3293 36
111.875 6670 0 1 3293 36
112 6670 0 1 3293 36
112.125 6670 0 1 3293 36
112.25 6670 0 1 3293 36
112.375 6670 0 1 3293 36
112.5 6670 0 1 3293 36
112.625 6670 0 1 3293 36
112.75 6670 0 1 3293 36
112.875 6670 0 1 3293 36
113 6670 0 1 3293 36
113.125 6670 0 1 3293 36
113.25 6670 0 1 3293 36
113.375 6670 0 1 3293 36
113.5 6670 0 1 3293 36
113.625 6670 0 1 3293 36
113.75 6670 0 1 3293 36
113.875 6670 0 1 3293 36
114 6670 0 1 3293 36
114.125 6670 0 1 3293 36
114.25 6670 0 1 3293 36
114.375 6670 0 1 3293 36
114.5 6670 0 1 3293 36
114.625 6670 0 1 3293 36
114.75 6670 0 1 3293 36
114.875 6670 0 1 3293 36
115 6670 0 1 3293 36
115.125 6670 0 1 3293 36
115.25 6670 0 1 3293 36
115.375 6670 0 1 3293 36
115.5 6670 0 1 3293 36
115.625 6670 0 1 3293 36
115.75 6670 0 1 3293 36
115.875 6670 0 1 3293 36
116 6670 0 1 3293 36
116.125 6670 0 1 3293 36
116.25 6670 0 1 3293 36
116.375 6670 0 1 3293 36
116.5 6670 0 1 3293 36
116.625 6670 0 1 3293 36
116.75 6670 0 1 3293 36
116.875 6670 0 1 3293 36
117 6670 0 1 3293 36
117.125 6670 0 1 3293 36
117.25 6670 0 1 3293 36
117.375 6670 0 1 3293 36
117.5 6670 0 1 3293 36
117.625 6670 0 1 3293 36
117.75 6670 0 1 3293 36
117.875 6670 0 1 3293 36
118 6670 0 1 3293 36
118.125 6670 0 1 3293 36
118.25 6670 0 1 3293 36
118.375 6670 0 1 3293 36
118.5 6670 0 1 3293 36
118.625 6670 0 1 3293 36
118.75 6670 0 1 3293 36
118.875 6670 0 1 3293 36
119 6670 0 0 3294 36
