t S E I R D
0 9998 0 2 0 0
0.125 9998 0 2 0 0
0.25 9997 1 2 0 0
0.375 9997 1 2 0 0
0.5 9997 1 1 1 0
0.625 9997 1 1 1 0
0.75 9997 1 1 1 0
0.875 9997 1 1 1 0
1 9997 1 1 1 0
1.125 9997 1 1 1 0
1.25 9997 1 1 1 0
1.375 9997 1 1 1 0
1.5 9997 1 1 1 0
1.625 9997 1 1 1 0
1.75 9997 0 2 1 0
1.875 9996 1 1 2 0
2 9996 0 2 2 0
2.125 9996 0 2 2 0
2.25 9996 0 2 2 0
2.375 9996 0 2 2 0
2.5 9996 0 2 2 0
2.625 9996 0 2 2 0
2.75 9996 0 2 2 0
2.875 9996 0 2 2 0
3 9996 0 2 2 0
3.125 9996 0 2 2 0
3.25 9996 0 2 2 0
3.375 9996 0 2 2 0
3.5 9994 2 2 2 0
3.625 9994 2 2 2 0
3.75 9994 1 3 2 0
3.875 9994 1 3 2 0
4 9993 2 3 2 0
4.125 9993 2 3 2 0
4.25 9991 4 3 2 0
4.375 9991 4 3 2 0
4.5 9991 4 3 2 0
4.625 9990 5 3 2 0
4.75 9989 6 3 2 0
4.875 9986 9 3 2 0
5 9985 10 3 2 0
5.125 9985 10 2 3 0
5.25 9985 8 4 3 0
5.375 9983 10 4 3 0
5.5 9982 11 4 3 0
5.625 9981 10 6 3 0
5.75 9977 14 6 3 0
5.875 9974 17 5 4 0
6 9974 16 6 4 0
6.125 9973 16 6 5 0
6.25 9970 18 7 5 0
6.375 9968 20 7 5 0
6.5 9967 21 7 5 0
6.625 9966 21 8 5 0
6.75 9965 20 9 6 0
6.875 9964 21 7 8 0
7 9964 19 7 10 0
7.125 9963 17 10 10 0
7.25 9963 13 12 12 0
7.375 9961 14 13 12 0
7.5 9961 12 15 12 0
7.625 9945 28 15 12 0
7.75 9934 36 18 12 0
7.875 9926 40 21 13 0
8 9914 50 22 14 0
8.125 9899 60 26 15 0
8.25 9889 64 32 15 0
8.375 9876 73 36 15 0
8.5 9852 90 42 16 0
8.625 9835 101 47 17 0
8.75 9814 115 53 18 0
8.875 9793 128 59 20 0
9 9780 130 70 20 0
9.125 9758 142 79 21 0
9.25 9718 174 87 21 0
9.375 9688 195 95 22 0
9.5 9663 208 105 24 0
9.625 9631 225 116 28 0
9.75 9590 259 118 33 0
9.875 9552 281 132 35 0
10 9508 309 146 37 0
10.125 9477 323 160 40 0
10.25 9428 345 183 44 0
10.375 9383 372 198 47 0
10.5 9343 387 221 49 0
10.625 9282 429 235 54 0
10.75 9219 457 267 56 1
10.875 9190 461 286 62 1
11 9162 466 300 71 1
11.125 9121 470 329 79 1
11.25 9077 488 346 88 1
11.375 9034 502 367 95 2
11.5 8998 507 387 106 2
11.625 8971 500 415 112 2
11.75 8937 497 444 120 2
11.875 8891 495 479 133 2
12 8857 505 491 145 2
12.125 8810 517 519 152 2
12.25 8781 515 540 162 2
12.375 8748 531 542 177 2
12.5 8715 527 564 192 2
12.625 8686 533 576 203 2
12.75 8648 532 613 205 2
12.875 8603 546 631 218 2
13 8559 553 656 230 2
13.125 8511 556 686 245 2
13.25 8467 565 707 259 2
13.375 8428 567 733 269 3
13.5 8385 571 758 283 3
13.625 8345 574 782 296 3
13.75 8297 579 806 315 3
13.875 8255 582 832 328 3
14 8200 608 837 352 3
14.125 8156 615 860 365 4
14.25 8120 608 889 378 5
14.375 8084 608 906 397 5
14.5 8044 608 916 427 5
14.625 8006 607 936 445 6
14.75 7969 595 972 458 6
14.875 7927 601 993 473 6
15 7881 615 998 500 6
15.125 7848 617 1009 520 6
15.25 7795 628 1033 538 6
15.375 7760 631 1038 565 6
15.5 7712 630 1069 583 6
15.625 7673 631 1086 604 6
15.75 7637 626 1104 626 7
15.875 7608 621 1106 658 7
16 7563 619 1130 681 7
16.125 7525 622 1138 708 7
16.25 7498 599 1158 738 7
16.375 7457 594 1181 761 7
16.5 7427 586 1188 792 7
16.625 7383 598 1194 817 8
16.75 7339 612 1208 833 8
16.875 7305 605 1224 858 8
17 7266 612 1239 875 8
17.125 7235 609 1247 901 8
17.25 7174 626 1261 931 8
17.375 7142 626 1269 955 8
17.5 7111 615 1274 992 8
17.625 7080 604 1296 1012 8
17.75 7045 599 1307 1040 9
17.875 7007 601 1316 1067 9
18 6978 587 1341 1085 9
18.125 6937 585 1359 1110 9
18.25 6901 586 1369 1135 9
18.375 6867 578 1388 1158 9
18.5 6830 583 1391 1187 9
18.625 6795 590 1396 1210 9
18.75 6773 591 1387 1240 9
18.875 6740 589 1389 1273 9
19 6704 586 1401 1299 10
19.125 6671 583 1397 1338 11
19.25 6635 572 1428 1354 11
19.375 6603 567 1434 1385 11
19.5 6574 556 1447 1412 11
19.625 6545 549 1457 1437 12
19.75 6505 554 1460 1469 12
19.875 6464 557 1467 1500 12
20 6433 551 1466 1538 12
20.125 6410 543 1465 1570 12
20.25 6382 538 1470 1598 12
20.375 6361 523 1477 1626 13
20.5 6333 521 1483 1649 14
20.625 6308 510 1489 1678 15
20.75 6285 499 1486 1715 15
20.875 6266 487 1479 1753 15
21 6238 480 1485 1782 15
21.125 6213 476 1477 1819 15
21.25 6190 473 1474 1848 15
21.375 6156 481 1478 1870 15
21.5 6135 477 1475 1898 15
21.625 6111 469 1480 1925 15
21.75 6086 463 1480 1956 15
21.875 6070 448 1483 1983 16
22 6045 445 1475 2019 16
22.125 6022 441 1474 2046 17
22.25 6012 421 1461 2089 17
22.375 5998 404 1460 2121 17
22.5 5986 389 1459 2148 18
22.625 5965 390 1446 2180 19
22.75 5939 383 1454 2205 19
22.875 5916 380 1450 2235 19
23 5903 366 1448 2264 19
23.125 5885 366 1433 2297 19
23.25 5865 352 1436 2327 20
23.375 5844 353 1435 2348 20
23.5 5830 344 1426 2380 20
23.625 5814 334 1419 2413 20
23.75 5794 337 1406 2440 23
23.875 5780 328 1403 2466 23
24 5764 326 1400 2487 23
24.125 5747 322 1402 2505 24
24.25 5736 319 1395 2526 24
24.375 5725 312 1386 2553 24
24.5 5712 309 1363 2592 24
24.625 5700 298 1354 2624 24
24.75 5689 294 1336 2657 24
24.875 5676 283 1326 2691 24
25 5664 276 1319 2717 24
25.125 5645 283 1306 2742 24
25.25 5634 276 1301 2765 24
25.375 5621 272 1288 2795 24
25.5 5606 268 1278 2823 25
25.625 5592 262 1270 2851 25
25.75 5576 265 1262 2872 25
25.875 5569 256 1255 2895 25
26 5560 246 1247 2921 26
26.125 5548 244 1240 2941 27
26.25 5541 240 1213 2979 27
26.375 5529 238 1209 2997 27
26.5 5516 243 1188 3025 28
26.625 5514 230 1174 3054 28
26.75 5504 226 1160 3081 29
26.875 5492 227 1151 3101 29
27 5481 227 1132 3130 30
27.125 5473 217 1130 3150 30
27.25 5464 205 1123 3178 30
27.375 5458 201 1114 3197 30
27.5 5451 195 1113 3211 30
27.625 5447 187 1100 3236 30
27.75 5438 184 1090 3258 30
27.875 5426 187 1073 3284 30
28 5415 189 1064 3302 30
28.125 5412 178 1056 3324 30
28.25 5407 173 1044 3346 30
28.375 5399 165 1036 3370 30
28.5 5395 154 1025 3396 30
28.625 5383 156 1011 3420 30
28.75 5376 151 1001 3442 30
28.875 5370 152 987 3461 30
29 5366 144 977 3482 31
29.125 5356 139 976 3498 31
29.25 5352 136 962 3519 31
29.375 5343 139 950 3537 31
29.5 5338 139 939 3553 31
29.625 5332 136 924 3577 31
29.75 5323 136 915 3595 31
29.875 5318 130 908 3613 31
30 5310 132 897 3630 31
30.125 5301 135 884 3649 31
30.25 5295 132 874 3668 31
30.375 5290 123 872 3684 31
30.5 5283 125 861 3700 31
30.625 5277 119 849 3723 32
30.75 5272 116 834 3746 32
30.875 5264 117 812 3775 32
31 5258 117 807 3786 32
31.125 5253 118 798 3798 33
31.25 5249 115 792 3811 33
31.375 5244 113 785 3825 33
31.5 5240 113 773 3841 33
31.625 5230 119 760 3858 33
31.75 5224 118 752 3873 33
31.875 5219 114 748 3886 33
32 5215 111 735 3906 33
32.125 5209 108 722 3928 33
32.25 5204 108 714 3941 33
32.375 5201 105 708 3953 33
32.5 5196 102 707 3962 33
32.625 5193 99 698 3977 33
32.75 5186 101 685 3993 35
32.875 5178 103 681 4003 35
33 5171 97 671 4025 36
33.125 5168 98 656 4042 36
33.25 5165 95 648 4056 36
33.375 5160 95 636 4073 36
33.5 5159 91 628 4086 36
33.625 5154 92 613 4105 36
33.75 5154 88 605 4117 36
33.875 5150 86 601 4127 36
34 5144 80 603 4137 36
34.125 5142 77 596 4149 36
34.25 5140 76 590 4158 36
34.375 5137 77 584 4166 36
34.5 5135 73 579 4177 36
34.625 5132 73 568 4191 36
34.75 5128 71 561 4204 36
34.875 5125 68 545 4226 36
35 5121 69 531 4243 36
35.125 5119 70 519 4256 36
35.25 5117 68 515 4264 36
35.375 5113 67 503 4281 36
35.5 5112 63 498 4291 36
35.625 5109 64 492 4299 36
35.75 5108 62 487 4307 36
35.875 5105 62 480 4317 36
36 5104 61 469 4330 36
36.125 5103 57 464 4340 36
36.25 5102 54 461 4347 36
36.375 5101 52 455 4356 36
36.5 5098 50 452 4364 36
36.625 5095 47 447 4375 36
36.75 5092 46 443 4383 36
36.875 5089 47 436 4392 36
37 5088 45 429 4402 36
37.125 5088 42 427 4407 36
37.25 5087 40 422 4415 36
37.375 5083 40 413 4428 36
37.5 5079 40 409 4436 36
37.625 5077 41 396 4450 36
37.75 5076 40 393 4455 36
37.875 5075 40 385 4463 37
38 5075 39 381 4468 37
38.125 5072 38 372 4481 37
38.25 5070 35 368 4490 37
38.375 5070 32 359 4502 37
38.5 5068 33 357 4505 37
38.625 5068 30 354 4511 37
38.75 5068 27 349 4519 37
38.875 5067 26 343 4527 37
39 5066 25 335 4537 37
39.125 5065 26 330 4542 37
39.25 5064 25 324 4550 37
39.375 5063 23 320 4557 37
39.5 5061 22 314 4566 37
39.625 5060 20 310 4572 38
39.75 5058 21 300 4583 38
39.875 5057 20 299 4586 38
40 5057 20 291 4594 38
40.125 5056 21 285 4600 38
40.25 5056 19 280 4607 38
40.375 5055 17 281 4609 38
40.5 5055 15 279 4613 38
40.625 5053 15 273 4621 38
40.75 5053 15 268 4626 38
40.875 5053 15 265 4629 38
41 5052 14 264 4632 38
41.125 5051 15 262 4634 38
41.25 5050 15 255 4642 38
41.375 5049 15 250 4648 38
41.5 5048 16 240 4658 38
41.625 5048 16 239 4659 38
41.75 5046 16 234 4666 38
41.875 5044 15 234 4669 38
42 5044 14 234 4670 38
42.125 5044 13 230 4675 38
42.25 5043 13 226 4680 38
42.375 5042 12 227 4681 38
42.5 5041 11 222 4688 38
42.625 5040 12 216 4694 38
42.75 5040 11 211 4700 38
42.875 5039 11 206 4706 38
43 5038 11 204 4709 38
43.125 5037 12 198 4715 38
43.25 5036 12 196 4718 38
43.375 5036 10 194 4722 38
43.5 5036 10 189 4727 38
43.625 5036 10 188 4728 38
43.75 5035 11 183 4733 38
43.875 5034 11 179 4738 38
44 5033 11 179 4739 38
44.125 5029 15 178 4740 38
44.25 5029 14 179 4740 38
44.375 5029 12 178 4743 38
44.5 5029 12 176 4745 38
44.625 5028 13 173 4748 38
44.75 5028 13 167 4754 38
44.875 5027 12 167 4756 38
45 5027 11 162 4761 39
45.125 5027 11 159 4764 39
45.25 5027 10 157 4767 39
45.375 5025 11 154 4771 39
45.5 5025 9 150 4777 39
45.625 5024 10 145 4782 39
45.75 5024 9 142 4786 39
45.875 5024 7 138 4792 39
46 5024 7 130 4800 39
46.125 5024 7 130 4800 39
46.25 5024 7 127 4803 39
46.375 5023 7 126 4805 39
46.5 5023 7 122 4809 39
46.625 5022 8 122 4809 39
46.75 5021 8 121 4811 39
46.875 5021 8 117 4815 39
47 5021 6 117 4817 39
47.125 5020 6 114 4821 39
47.25 5020 6 110 4825 39
47.375 5019 7 109 4826 39
47.5 5019 7 106 4829 39
47.625 5019 6 107 4829 39
47.75 5019 5 106 4831 39
47.875 5019 5 103 4834 39
48 5019 4 101 4837 39
48.125 5019 4 100 4838 39
48.25 5019 3 98 4841 39
48.375 5019 3 95 4844 39
48.5 5019 3 95 4844 39
48.625 5019 3 92 4847 39
48.75 5019 3 87 4852 39
48.875 5019 3 86 4853 39
49 5019 3 84 4855 39
49.125 5018 4 84 4855 39
49.25 5018 3 85 4855 39
49.375 5018 2 82 4859 39
49.5 5018 2 81 4860 39
49.625 5018 2 78 4863 39
49.75 5017 3 77 4864 39
49.875 5017 3 75 4866 39
50 5017 3 71 4870 39
50.125 5017 3 71 4870 39
50.25 5017 2 70 4872 39
50.375 5017 2 68 4874 39
50.5 5017 2 66 4876 39
50.625 5017 2 65 4877 39
50.75 5017 2 63 4879 39
50.875 5017 2 63 4879 39
51 5017 2 63 4879 39
51.125 5016 3 63 4879 39
51.25 5016 2 63 4880 39
51.375 5016 1 63 4880 40
51.5 5016 1 61 4882 40
51.625 5016 1 59 4884 40
51.75 5016 1 56 4887 40
51.875 5016 1 55 4888 40
52 5015 2 52 4891 40
52.125 5015 2 52 4891 40
52.25 5015 2 50 4893 40
52.375 5015 2 49 4894 40
52.5 5015 2 46 4897 40
52.625 5015 2 44 4899 40
52.75 5015 2 44 4899 40
52.875 5015 2 44 4899 40
53 5014 3 43 4900 40
53.125 5014 2 44 4900 40
53.25 5014 2 41 4903 40
53.375 5013 3 41 4903 40
53.5 5013 1 43 4903 40
53.625 5013 1 42 4904 40
53.75 5013 1 42 4904 40
53.875 5013 1 42 4904 40
54 5012 1 43 4904 40
54.125 5012 1 43 4904 40
54.25 5012 1 40 4907 40
54.375 5011 2 40 4907 40
54.5 5011 2 39 4908 40
54.625 5011 2 38 4909 40
54.75 5011 1 38 4910 40
54.875 5011 1 37 4911 40
55 5011 1 35 4913 40
55.125 5011 1 35 4913 40
55.25 5011 1 35 4913 40
55.375 5011 1 35 4913 40
55.5 5010 2 35 4913 40
55.625 5010 2 35 4913 40
55.75 5010 2 34 4914 40
55.875 5010 2 33 4915 40
56 5010 2 33 4915 40
56.125 5010 2 33 4915 40
56.25 5010 1 32 4917 40
56.375 5009 2 31 4918 40
56.5 5009 2 31 4918 40
56.625 5009 2 31 4918 40
56.75 5009 1 31 4919 40
56.875 5009 1 30 4920 40
57 5009 1 28 4922 40
57.125 5009 0 29 4922 40
57.25 5009 0 28 4922 41
57.375 5009 0 28 4922 41
57.5 5009 0 27 4923 41
57.625 5009 0 26 4924 41
57.75 5009 0 25 4925 41
57.875 5009 0 25 4925 41
58 5009 0 25 4925 41
58.125 5009 0 25 4925 41
58.25 5009 0 24 4926 41
58.375 5009 0 24 4926 41
58.5 5009 0 24 4926 41
58.625 5009 0 24 4926 41
58.75 5009 0 24 4926 41
58.875 5009 0 24 4926 41
59 5009 0 24 4926 41
59.125 5009 0 24 4926 41
59.25 5009 0 24 4926 41
59.375 5009 0 24 4926 41
59.5 5009 0 24 4926 41
59.625 5009 0 23 4927 41
59.75 5009 0 23 4927 41
59.875 5009 0 23 4927 41
60 5009 0 23 4927 41
60.125 5009 0 23 4927 41
60.25 5009 0 22 4928 41
60.375 5009 0 22 4928 41
60.5 5009 0 21 4929 41
60.625 5009 0 21 4929 41
60.75 5009 0 21 4929 41
60.875 5009 0 21 4929 41
61 5009 0 21 4929 41
61.125 5009 0 21 4929 41
61.25 5009 0 20 4930 41
61.375 5009 0 19 4931 41
61.5 5009 0 19 4931 41
61.625 5009 0 18 4932 41
61.75 5009 0 18 4932 41
61.875 5009 0 17 4933 41
62 5009 0 17 4933 41
62.125 5009 0 17 4933 41
62.25 5009 0 17 4933 41
62.375 5009 0 16 4934 41
62.5 5009 0 16 4934 41
62.625 5009 0 16 4934 41
62.75 5009 0 16 4934 41
62.875 5009 0 16 4934 41
63 5009 0 14 4936 41
63.125 5009 0 14 4936 41
63.25 5009 0 14 4936 41
63.375 5009 0 14 4936 41
63.5 5009 0 14 4936 41
63.625 5009 0 12 4938 41
63.75 5009 0 12 4938 41
63.875 5009 0 11 4939 41
64 5009 0 11 4939 41
64.125 5009 0 11 4939 41
64.25 5009 0 11 4939 41
64.375 5009 0 11 4939 41
64.5 5009 0 11 4939 41
64.625 5009 0 11 4939 41
64.75 5009 0 11 4939 41
64.875 5009 0 11 4939 41
65 5009 0 11 4939 41
65.125 5009 0 11 4939 41
65.25 5009 0 11 4939 41
65.375 5009 0 11 4939 41
65.5 5009 0 11 4939 41
65.625 5009 0 10 4940 41
65.75 5009 0 10 4940 41
65.875 5009 0 9 4941 41
66 5009 0 8 4942 41
66.125 5009 0 8 4942 41
66.25 5009 0 8 4942 41
66.375 5009 0 7 4943 41
66.5 5009 0 7 4943 41
66.625 5009 0 6 4944 41
66.75 5009 0 6 4944 41
66.875 5009 0 6 4944 41
67 5009 0 6 4944 41
67.125 5009 0 6 4944 41
67.25 5009 0 6 4944 41
67.375 5009 0 6 4944 41
67.5 5009 0 6 4944 41
67.625 5009 0 6 4944 41
67.75 5009 0 6 4944 41
67.875 5009 0 5 4945 41
68 5009 0 5 4945 41
68.125 5009 0 5 4945 41
68.25 5009 0 5 4945 41
68.375 5009 0 5 4945 41
68.5 5009 0 5 4945 41
68.625 5009 0 4 4946 41
68.75 5009 0 4 4946 41
68.875 5009 0 4 4946 41
69 5009 0 4 4946 41
69.125 5009 0 4 4946 41
69.25 5009 0 4 4946 41
69.375 5009 0 4 4946 41
69.5 5009 0 4 4946 41
69.625 5009 0 4 4946 41
69.75 5009 0 4 4946 41
69.875 5009 0 4 4946 41
70 5009 0 3 4947 41
70.125 5009 0 3 4947 41
70.25 5009 0 3 4947 41
70.375 5009 0 3 4947 41
70.5 5009 0 3 4947 41
70.625 5009 0 3 4947 41
70.75 5009 0 3 4947 41
70.875 5009 0 3 4947 41
71 5009 0 3 4947 41
71.125 5009 0 3 4947 41
71.25 5009 0 3 4947 41
71.375 5009 0 3 4947 41
71.5 5009 0 3 4947 41
71.625 5009 0 3 4947 41
71.75 5009 0 3 4947 41
71.875 5009 0 3 4947 41
72 5009 0 3 4947 41
72.125 5009 0 3 4947 41
72.25 5009 0 3 4947 41
72.375 5009 0 3 4947 41
72.5 5009 0 3 4947 41
72.625 5009 0 3 4947 41
72.75 5009 0 3 4947 41
72.875 5009 0 3 4947 41
73 5009 0 3 4947 41
73.125 5009 0 3 4947 41
73.25 5009 0 3 4947 41
73.375 5009 0 3 4947 41
73.5 5009 0 3 4947 41
73.625 5009 0 3 4947 41
73.75 5009 0 3 4947 41
73.875 5009 0 3 4947 41
74 5009 0 3 4947 41
74.125 5009 0 3 4947 41
74.25 5009 0 3 4947 41
74.375 5009 0 3 4947 41
74.5 5009 0 3 4947 41
74.625 5009 0 3 4947 41
74.75 5009 0 3 4947 41
74.875 5009 0 3 4947 41
75 5009 0 3 4947 41
75.125 5009 0 3 4947 41
75.25 5009 0 3 4947 41
75.375 5009 0 3 4947 41
75.5 5009 0 3 4947 41
75.625 5009 0 3 4947 41
75.75 5009 0 3 4947 41
75.875 5009 0 3 4947 41
76 5009 0 3 4947 41
76.125 5009 0 3 4947 41
76.25 5009 0 3 4947 41
76.375 5009 0 3 4947 41
76.5 5009 0 3 4947 41
76.625 5009 0 3 4947 41
76.75 5009 0 3 4947 41
76.875 5009 0 3 4947 41
77 5009 0 3 4947 41
77.125 5009 0 3 4947 41
77.25 5009 0 3 4947 41
77.375 5009 0 3 4947 41
77.5 5009 0 3 4947 41
77.625 5009 0 3 4947 41
77.75 5009 0 3 4947 41
77.875 5009 0 3 4947 41
78 5009 0 3 4947 41
78.125 5009 0 3 4947 41
78.25 5009 0 3 4947 41
78.375 5009 0 3 4947 41
78.5 5009 0 3 4947 41
78.625 5009 0 3 4947 41
78.75 5009 0 3 4947 41
78.875 5009 0 3 4947 41
79 5009 0 3 4947 41
79.125 5009 0 3 4947 41
79.25 5009 0 3 4947 41
79.375 5009 0 3 4947 41
79.5 5009 0 3 4947 41
79.625 5009 0 3 4947 41
79.75 5009 0 2 4948 41
79.875 5009 0 2 4948 41
80 5009 0 2 4948 41
80.125 5009 0 2 4948 41
80.25 5009 0 2 4948 41
80.375 5009 0 2 4948 41
80.5 5009 0 2 4948 41
80.625 5009 0 2 4948 41
80.75 5009 0 2 4948 41
80.875 5009 0 2 4948 41
81 5009 0 2 4948 41
81.125 5009 0 2 4948 41
81.25 5009 0 2 4948 41
81.375 5009 0 2 4948 41
81.5 5009 0 2 4948 41
81.625 5009 0 2 4948 41
81.75 5009 0 2 4948 41
81.875 5009 0 2 4948 41
82 5009 0 2 4948 41
82.125 5009 0 2 4948 41
82.25 5009 0 2 4948 41
82.375 5009 0 2 4948 41
82.5 5009 0 2 4948 41
82.625 5009 0 2 4948 41
82.75 5009 0 2 4948 41
82.875 5009 0 2 4948 41
83 5009 0 2 4948 41
83.125 5009 0 2 4948 41
83.25 5009 0 2 4948 41
83.375 5009 0 2 4948 41
83.5 5009 0 2 4948 41
83.625 5009 0 2 4948 41
83.75 5009 0 2 4948 41
83.875 5009 0 2 4948 41
84 5009 0 2 4948 41
84.125 5009 0 2 4948 41
84.25 5009 0 2 4948 41
84.375 5009 0 2 4948 41
84.5 5009 0 2 4948 41
84.625 5009 0 2 4948 41
84.75 5009 0 2 4948 41
84.875 5009 0 2 4948 41
85 5009 0 2 4948 41
85.125 5009 0 2 4948 41
85.25 5009 0 2 4948 41
85.375 5009 0 2 4948 41
85.5 5009 0 2 4948 41
85.625 5009 0 2 4948 41
85.75 5009 0 2 4948 41
85.875 5009 0 2 4948 41
86 5009 0 2 4948 41
86.125 5009 0 2 4948 41
86.25 5009 0 2 4948 41
86.375 5009 0 2 4948 41
86.5 5009 0 2 4948 41
86.625 5009 0 2 4948 41
86.75 5009 0 2 4948 41
86.875 5009 0 2 4948 41
87 5009 0 2 4948 41
87.125 5009 0 2 4948 41
87.25 5009 0 2 4948 41
87.375 5009 0 2 4948 41
87.5 5009 0 2 4948 41
87.625 5009 0 2 4948 41
87.75 5009 0 2 4948 41
87.875 5009 0 2 4948 41
88 5009 0 2 4948 41
88.125 5009 0 2 4948 41
88.25 5009 0 2 4948 41
88.375 5009 0 1 4949 41
88.5 5009 0 1 4949 41
88.625 5009 0 1 4949 41
88.75 5009 0 1 4949 41
88.875 5009 0 1 4949 41
89 5009 0 1 4949 41
89.125 5009 0 1 4949 41
89.25 5009 0 1 4949 41
89.375 5009 0 1 4949 41
89.5 5009 0 1 4949 41
89.625 5009 0 1 4949 41
89.75 5009 0 1 4949 41
89.875 5009 0 1 4949 41
90 5009 0 1 4949 41
90.125 5009 0 1 4949 41
90.25 5009 0 1 4949 41
90.375 5009 0 1 4949 41
90.5 5009 0 1 4949 41
90.625 5009 0 1 4949 41
90.75 5009 0 1 4949 41
90.875 5009 0 1 4949 41
91 5009 0 1 4949 41
91.125 5009 0 1 4949 41
91.25 5009 0 1 4949 41
91.375 5009 0 1 4949 41
91.5 5009 0 1 4949 41
91.625 5009 0 1 4949 41
91.75 5009 0 1 4949 41
91.875 5009 0 1 4949 41
92 5009 0 1 4949 41
92.125 5009 0 1 4949 41
92.25 5009 0 1 4949 41
92.375 5009 0 1 4949 41
92.5 5009 0 1 4949 41
92.625 5009 0 1 4949 41
92.75 5009 0 1 4949 41
92.875 5009 0 1 4949 41
93 5009 0 1 4949 41
93.125 5009 0 1 4949 41
93.25 5009 0 1 4949 41
93.375 5009 0 1 4949 41
93.5 5009 0 1 4949 41
93.625 5009 0 1 4949 41
93.75 5009 0 1 4949 41
93.875 5009 0 1 4949 41
94 5009 0 1 4949 41
94.125 5009 0 1 4949 41
94.25 5009 0 1 4949 41
94.375 5009 0 1 4949 41
94.5 5009 0 1 4949 41
94.625 5009 0 1 4949 41
94.75 5009 0 1 4949 41
94.875 5009 0 1 4949 41
95 5009 0 1 4949 41
95.125 5009 0 1 4949 41
95.25 5009 0 1 4949 41
95.375 5009 0 1 4949 41
95.5 5009 0 1 4949 41
95.625 5009 0 1 4949 41
95.75 5009 0 1 4949 41
95.875 5009 0 1 4949 41
96 5009 0 1 4949 41
96.125 5009 0 1 4949 41
96.25 5009 0 1 4949 41
96.375 5009 0 0 4950 41
