t S E I R D
0 9998 0 2 0 0
0.125 9998 0 2 0 0
0.25 9998 0 2 0 0
0.375 9998 0 2 0 0
0.5 9998 0 2 0 0
0.625 9998 0 2 0 0
0.75 9998 0 2 0 0
0.875 9998 0 2 0 0
1 9998 0 2 0 0
1.125 9998 0 2 0 0
1.25 9998 0 2 0 0
1.375 9998 0 2 0 0
1.5 9998 0 2 0 0
1.625 9997 1 2 0 0
1.75 9997 1 2 0 0
1.875 9997 1 2 0 0
2 9997 1 2 0 0
2.125 9996 2 2 0 0
2.25 9996 2 2 0 0
2.375 9995 3 2 0 0
2.5 9995 3 2 0 0
2.625 9995 3 2 0 0
2.75 9995 3 2 0 0
2.875 9995 3 2 0 0
3 9995 2 3 0 0
3.125 9995 2 3 0 0
3.25 9994 2 4 0 0
3.375 9994 2 4 0 0
3.5 9994 2 4 0 0
3.625 9994 2 4 0 0
3.75 9991 5 4 0 0
3.875 9991 5 4 0 0
4 9991 4 5 0 0
4.125 9991 4 4 1 0
4.25 9991 4 4 1 0
4.375 9991 4 4 1 0
4.5 9990 5 4 1 0
4.625 9989 6 4 1 0
4.75 9989 5 5 1 0
4.875 9989 5 5 1 0
5 9989 5 5 1 0
5.125 9987 7 5 1 0
5.25 9985 9 5 1 0
5.375 9985 9 5 1 0
5.5 9984 9 6 1 0
5.625 9983 10 6 1 0
5.75 9983 9 7 1 0
5.875 9980 12 7 1 0
6 9978 13 7 2 0
6.125 9977 12 9 2 0
6.25 9976 13 9 2 0
6.375 9974 13 11 2 0
6.5 9969 16 13 2 0
6.625 9961 23 14 2 0
6.75 9954 30 14 2 0
6.875 9943 37 18 2 0
7 9929 48 21 2 0
7.125 9919 57 21 3 0
7.25 9908 64 25 3 0
7.375 9899 69 27 5 0
7.5 9890 78 26 6 0
7.625 9876 90 28 6 0
7.75 9866 95 33 6 0
7.875 9857 100 36 7 0
8 9841 107 43 9 0
8.125 9819 121 51 9 0
8.25 9781 151 58 10 0
8.375 9747 176 65 12 0
8.5 9707 204 74 15 0
8.625 9670 233 81 16 0
8.75 9626 261 94 19 0
8.875 9586 283 112 19 0
9 9532 327 120 21 0
9.125 9486 352 140 22 0
9.25 9425 390 162 23 0
9.375 9372 424 176 28 0
9.5 9313 455 198 34 0
9.625 9238 488 234 40 0
9.75 9153 538 265 43 1
9.875 9126 525 304 44 1
10 9097 519 334 49 1
10.125 9070 515 362 52 1
10.25 9034 524 382 59 1
10.375 9001 532 398 68 1
10.5 8970 532 426 71 1
10.625 8932 531 455 81 1
10.75 8907 524 476 91 2
10.875 8875 520 500 103 2
11 8838 527 519 113 3
11.125 8812 517 544 124 3
11.25 8773 531 556 137 3
11.375 8741 525 576 155 3
11.5 8710 528 588 171 3
11.625 8679 532 595 190 4
11.75 8648 531 611 206 4
11.875 8616 526 641 212 5
12 8581 524 670 220 5
12.125 8560 513 688 234 5
12.25 8532 517 697 248 6
12.375 8507 498 735 254 6
12.5 8474 509 743 268 6
12.625 8454 499 752 289 6
12.75 8420 501 773 300 6
12.875 8390 490 807 307 6
13 8363 479 822 329 7
13.125 8335 475 837 346 7
13.25 8302 482 848 361 7
13.375 8276 476 860 381 7
13.5 8253 469 876 395 7
13.625 8230 462 890 411 7
13.75 8192 470 902 429 7
13.875 8164 456 926 447 7
14 8128 461 941 463 7
14.125 8091 457 964 481 7
14.25 8052 468 968 505 7
14.375 8025 455 992 521 7
14.5 7982 467 1008 536 7
14.625 7935 486 1009 563 7
14.75 7895 484 1032 582 7
14.875 7861 496 1035 601 7
15 7826 498 1045 624 7
15.125 7788 500 1067 638 7
15.25 7759 496 1077 661 7
15.375 7721 508 1076 688 7
15.5 7687 511 1067 728 7
15.625 7643 528 1075 747 7
15.75 7606 520 1105 762 7
15.875 7578 518 1112 784 8
16 7542 526 1114 808 10
16.125 7509 537 1115 829 10
16.25 7475 548 1106 861 10
16.375 7443 543 1120 884 10
16.5 7413 531 1132 914 10
16.625 7381 535 1138 936 10
16.75 7353 528 1145 964 10
16.875 7332 516 1149 993 10
17 7297 519 1154 1020 10
17.125 7257 531 1154 1047 11
17.25 7227 527 1171 1064 11
17.375 7201 526 1177 1085 11
17.5 7171 520 1193 1104 12
17.625 7141 516 1196 1135 12
17.75 7120 510 1204 1154 12
17.875 7078 517 1218 1175 12
18 7049 528 1211 1200 12
18.125 7013 528 1223 1224 12
18.25 6983 521 1242 1242 12
18.375 6953 525 1242 1268 12
18.5 6931 504 1252 1301 12
18.625 6904 506 1254 1324 12
18.75 6876 505 1261 1346 12
18.875 6847 503 1256 1380 14
19 6823 492 1262 1409 14
19.125 6802 481 1271 1431 15
19.25 6766 481 1285 1453 15
19.375 6740 479 1289 1477 15
19.5 6714 467 1299 1505 15
19.625 6688 469 1286 1541 16
19.75 6662 468 1286 1568 16
19.875 6639 467 1277 1601 16
20 6619 454 1288 1623 16
20.125 6593 442 1306 1643 16
20.25 6570 438 1299 1677 16
20.375 6541 442 1298 1703 16
20.5 6511 441 1300 1730 18
20.625 6492 434 1298 1758 18
20.75 6465 434 1290 1792 19
20.875 6450 422 1286 1822 20
21 6419 432 1281 1848 20
21.125 6407 403 1290 1880 20
21.25 6384 398 1298 1900 20
21.375 6367 384 1302 1927 20
21.5 6342 385 1293 1959 21
21.625 6325 377 1292 1984 22
21.75 6301 379 1287 2010 23
21.875 6291 369 1284 2033 23
22 6274 364 1282 2056 24
22.125 6261 358 1275 2082 24
22.25 6246 349 1268 2113 24
22.375 6220 357 1257 2142 24
22.5 6197 359 1244 2175 25
22.625 6179 351 1244 2201 25
22.75 6160 346 1237 2231 26
22.875 6143 341 1236 2254 26
23 6127 339 1233 2275 26
23.125 6108 338 1223 2305 26
23.25 6087 345 1204 2338 26
23.375 6063 346 1196 2369 26
23.5 6048 341 1185 2399 27
23.625 6033 334 1191 2415 27
23.75 6021 323 1196 2433 27
23.875 6007 318 1192 2456 27
24 5998 307 1190 2478 27
24.125 5971 316 1182 2502 29
24.25 5955 314 1179 2523 29
24.375 5938 310 1172 2550 30
24.5 5928 296 1167 2578 31
24.625 5912 287 1169 2601 31
24.75 5898 292 1161 2618 31
24.875 5880 292 1151 2646 31
25 5868 290 1142 2668 32
25.125 5858 289 1133 2688 32
25.25 5852 278 1128 2710 32
25.375 5839 267 1130 2732 32
25.5 5834 262 1113 2759 32
25.625 5827 251 1115 2775 32
25.75 5812 256 1114 2786 32
25.875 5804 254 1101 2809 32
26 5795 251 1090 2832 32
26.125 5788 234 1089 2856 33
26.25 5777 226 1081 2883 33
26.375 5769 220 1075 2903 33
26.5 5754 221 1068 2923 34
26.625 5743 220 1059 2944 34
26.75 5731 218 1046 2970 35
26.875 5718 219 1039 2989 35
27 5708 213 1039 3004 36
27.125 5694 214 1029 3027 36
27.25 5692 207 1013 3052 36
27.375 5684 201 1013 3066 36
27.5 5676 200 1002 3086 36
27.625 5668 193 1001 3102 36
27.75 5661 192 996 3115 36
27.875 5656 184 990 3134 36
28 5649 180 973 3162 36
28.125 5641 174 971 3178 36
28.25 5632 166 968 3198 36
28.375 5625 167 957 3215 36
28.5 5613 171 945 3234 37
28.625 5603 171 939 3250 37
28.75 5596 166 934 3267 37
28.875 5586 168 922 3286 38
29 5576 167 913 3306 38
29.125 5568 168 898 3328 38
29.25 5558 167 891 3346 38
29.375 5552 166 881 3363 38
29.5 5547 158 877 3380 38
29.625 5535 160 874 3392 39
29.75 5531 159 857 3413 40
29.875 5522 157 853 3428 40
30 5512 159 839 3450 40
30.125 5510 150 829 3471 40
30.25 5506 146 825 3483 40
30.375 5501 141 815 3503 40
30.5 5493 139 811 3517 40
30.625 5490 130 804 3536 40
30.75 5486 129 791 3553 41
30.875 5483 126 781 3569 41
31 5477 124 769 3589 41
31.125 5473 118 755 3612 42
31.25 5467 122 740 3629 42
31.375 5463 119 739 3637 42
31.5 5456 115 736 3651 42
31.625 5449 114 726 3669 42
31.75 5439 111 721 3687 42
31.875 5434 110 709 3705 42
32 5428 110 701 3719 42
32.125 5423 107 695 3732 43
32.25 5419 104 691 3743 43
32.375 5415 102 690 3750 43
32.5 5414 93 689 3761 43
32.625 5409 91 682 3774 44
32.75 5407 86 669 3794 44
32.875 5398 90 658 3810 44
33 5396 87 647 3825 45
33.125 5396 81 637 3841 45
33.25 5393 78 628 3856 45
33.375 5391 77 619 3868 45
33.5 5389 78 607 3881 45
33.625 5383 82 597 3892 46
33.75 5381 80 586 3907 46
33.875 5380 76 578 3920 46
34 5378 76 569 3930 47
34.125 5374 71 570 3938 47
34.25 5369 73 561 3950 47
34.375 5368 67 557 3961 47
34.5 5366 64 548 3975 47
34.625 5363 64 539 3987 47
34.75 5362 64 526 4001 47
34.875 5358 65 521 4009 47
35 5356 63 513 4021 47
35.125 5352 63 508 4030 47
35.25 5349 63 498 4043 47
35.375 5344 64 489 4056 47
35.5 5341 60 483 4069 47
35.625 5340 58 472 4083 47
35.75 5337 54 466 4096 47
35.875 5334 56 453 4110 47
36 5333 52 446 4122 47
36.125 5331 50 445 4127 47
36.25 5327 52 442 4132 47
36.375 5325 53 435 4140 47
36.5 5322 53 430 4148 47
36.625 5319 50 428 4156 47
36.75 5318 50 416 4169 47
36.875 5313 51 404 4185 47
37 5310 51 396 4196 47
37.125 5309 50 394 4200 47
37.25 5308 46 395 4204 47
37.375 5306 43 395 4209 47
37.5 5302 46 386 4219 47
37.625 5301 46 377 4229 47
37.75 5297 46 372 4238 47
37.875 5294 49 365 4244 48
38 5292 48 361 4251 48
38.125 5288 47 354 4263 48
38.25 5285 47 349 4271 48
38.375 5283 47 349 4273 48
38.5 5282 45 345 4280 48
38.625 5281 42 340 4289 48
38.75 5278 44 330 4300 48
38.875 5278 41 327 4306 48
39 5278 41 322 4311 48
39.125 5278 39 319 4316 48
39.25 5277 35 319 4321 48
39.375 5274 37 317 4324 48
39.5 5272 37 313 4330 48
39.625 5271 35 312 4334 48
39.75 5271 34 307 4340 48
39.875 5269 36 304 4343 48
40 5269 32 299 4352 48
40.125 5268 31 295 4358 48
40.25 5268 28 292 4364 48
40.375 5267 28 289 4368 48
40.5 5266 28 285 4373 48
40.625 5264 29 280 4378 49
40.75 5262 27 274 4388 49
40.875 5261 27 265 4398 49
41 5261 26 260 4404 49
41.125 5260 27 256 4408 49
41.25 5260 25 255 4411 49
41.375 5259 25 252 4415 49
41.5 5258 25 248 4420 49
41.625 5258 23 247 4423 49
41.75 5256 25 241 4429 49
41.875 5253 28 237 4433 49
42 5252 27 237 4435 49
42.125 5250 27 238 4436 49
42.25 5248 27 233 4443 49
42.375 5247 27 226 4451 49
42.5 5247 27 222 4455 49
42.625 5246 25 219 4461 49
42.75 5246 25 217 4463 49
42.875 5244 25 215 4467 49
43 5244 24 212 4471 49
43.125 5244 24 208 4475 49
43.25 5243 24 207 4477 49
43.375 5242 22 205 4482 49
43.5 5242 21 206 4482 49
43.625 5241 22 205 4483 49
43.75 5241 21 200 4489 49
43.875 5241 20 201 4489 49
44 5241 18 195 4497 49
44.125 5239 18 194 4500 49
44.25 5238 18 190 4505 49
44.375 5235 19 188 4509 49
44.5 5234 19 181 4517 49
44.625 5234 16 179 4522 49
44.75 5233 16 174 4528 49
44.875 5233 16 171 4531 49
45 5232 17 169 4533 49
45.125 5232 15 166 4538 49
45.25 5232 15 165 4539 49
45.375 5231 16 157 4547 49
45.5 5231 14 155 4551 49
45.625 5231 14 153 4553 49
45.75 5231 13 146 4561 49
45.875 5231 12 143 4565 49
46 5230 11 142 4568 49
46.125 5230 11 140 4570 49
46.25 5230 9 137 4575 49
46.375 5229 9 136 4577 49
46.5 5229 9 132 4581 49
46.625 5228 9 130 4584 49
46.75 5227 8 130 4586 49
46.875 5224 11 129 4587 49
47 5224 10 128 4589 49
47.125 5224 9 127 4591 49
47.25 5224 9 126 4592 49
47.375 5224 8 126 4593 49
47.5 5224 8 126 4593 49
47.625 5223 9 125 4594 49
47.75 5223 9 121 4597 50
47.875 5221 10 121 4598 50
48 5220 11 119 4600 50
48.125 5220 10 117 4603 50
48.25 5219 10 118 4603 50
48.375 5219 10 112 4609 50
48.5 5217 11 112 4610 50
48.625 5217 9 113 4611 50
48.75 5217 9 112 4612 50
48.875 5217 8 110 4615 50
49 5217 7 110 4616 50
49.125 5217 7 110 4616 50
49.25 5215 7 109 4619 50
49.375 5215 7 108 4619 51
49.5 5214 8 107 4620 51
49.625 5213 9 106 4621 51
49.75 5212 10 104 4623 51
49.875 5212 8 103 4626 51
50 5212 7 103 4627 51
50.125 5212 7 96 4634 51
50.25 5212 6 94 4637 51
50.375 5212 5 94 4638 51
50.5 5211 6 92 4640 51
50.625 5211 5 92 4641 51
50.75 5211 5 88 4645 51
50.875 5211 4 85 4649 51
51 5211 4 85 4649 51
51.125 5210 5 81 4653 51
51.25 5210 5 79 4655 51
51.375 5210 5 75 4659 51
51.5 5210 5 75 4659 51
51.625 5210 4 71 4664 51
51.75 5210 4 69 4666 51
51.875 5210 4 68 4667 51
52 5210 3 68 4668 51
52.125 5210 3 64 4672 51
52.25 5210 3 62 4674 51
52.375 5209 4 61 4675 51
52.5 5208 4 62 4675 51
52.625 5208 3 61 4677 51
52.75 5207 4 60 4678 51
52.875 5207 3 60 4679 51
53 5207 3 59 4680 51
53.125 5207 3 58 4681 51
53.25 5206 4 58 4681 51
53.375 5205 5 58 4681 51
53.5 5205 5 57 4682 51
53.625 5205 4 57 4683 51
53.75 5205 3 56 4685 51
53.875 5204 4 56 4685 51
54 5203 5 56 4685 51
54.125 5203 4 56 4686 51
54.25 5203 4 56 4686 51
54.375 5203 4 52 4690 51
54.5 5203 4 50 4692 51
54.625 5203 3 50 4693 51
54.75 5203 3 50 4693 51
54.875 5203 3 46 4696 52
55 5203 3 46 4696 52
55.125 5203 3 45 4697 52
55.25 5203 3 44 4698 52
55.375 5202 3 44 4699 52
55.5 5202 3 44 4699 52
55.625 5202 2 45 4699 52
55.75 5202 1 46 4699 52
55.875 5202 1 45 4700 52
56 5202 0 46 4700 52
56.125 5201 1 45 4701 52
56.25 5201 1 44 4702 52
56.375 5201 1 43 4703 52
56.5 5201 1 42 4704 52
56.625 5200 2 42 4704 52
56.75 5200 2 42 4704 52
56.875 5200 2 41 4705 52
57 5200 2 39 4707 52
57.125 5200 2 39 4707 52
57.25 5200 2 39 4707 52
57.375 5199 3 35 4711 52
57.5 5199 3 34 4712 52
57.625 5198 4 33 4713 52
57.75 5198 3 34 4713 52
57.875 5198 3 34 4713 52
58 5198 2 33 4715 52
58.125 5198 2 32 4716 52
58.25 5198 1 32 4717 52
58.375 5198 1 32 4717 52
58.5 5198 1 32 4717 52
58.625 5198 1 31 4718 52
58.75 5198 1 30 4719 52
58.875 5197 2 29 4720 52
59 5197 2 28 4721 52
59.125 5197 2 28 4721 52
59.25 5197 2 28 4721 52
59.375 5197 2 28 4721 52
59.5 5197 2 28 4721 52
59.625 5197 2 28 4721 52
59.75 5197 2 28 4721 52
59.875 5197 1 28 4722 52
60 5197 1 28 4722 52
60.125 5197 1 27 4723 52
60.25 5197 1 26 4724 52
60.375 5197 1 26 4724 52
60.5 5197 1 24 4726 52
60.625 5197 1 23 4727 52
60.75 5197 1 23 4727 52
60.875 5197 1 22 4728 52
61 5197 0 22 4729 52
61.125 5197 0 22 4729 52
61.25 5197 0 21 4730 52
61.375 5197 0 21 4730 52
61.5 5197 0 21 4730 52
61.625 5197 0 21 4730 52
61.75 5197 0 21 4730 52
61.875 5197 0 21 4730 52
62 5197 0 21 4730 52
62.125 5197 0 20 4731 52
62.25 5197 0 19 4732 52
62.375 5197 0 19 4732 52
62.5 5196 1 19 4732 52
62.625 5196 1 18 4733 52
62.75 5195 2 18 4733 52
62.875 5195 2 18 4733 52
63 5195 2 17 4734 52
63.125 5195 2 17 4734 52
63.25 5195 2 17 4734 52
63.375 5195 2 17 4734 52
63.5 5195 2 17 4734 52
63.625 5195 1 18 4734 52
63.75 5195 1 17 4735 52
63.875 5195 1 17 4735 52
64 5195 1 16 4736 52
64.125 5195 1 16 4736 52
64.25 5195 1 15 4737 52
64.375 5195 1 15 4737 52
64.5 5195 0 16 4737 52
64.625 5195 0 16 4737 52
64.75 5195 0 16 4737 52
64.875 5195 0 15 4738 52
65 5195 0 15 4738 52
65.125 5195 0 13 4740 52
65.25 5195 0 13 4740 52
65.375 5195 0 13 4740 52
65.5 5195 0 12 4741 52
65.625 5195 0 11 4742 52
65.75 5195 0 11 4742 52
65.875 5195 0 11 4742 52
66 5195 0 9 4744 52
66.125 5195 0 9 4744 52
66.25 5195 0 9 4744 52
66.375 5194 1 9 4744 52
66.5 5194 1 9 4744 52
66.625 5194 1 9 4744 52
66.75 5194 0 10 4744 52
66.875 5194 0 10 4744 52
67 5194 0 9 4745 52
67.125 5194 0 8 4746 52
67.25 5194 0 8 4746 52
67.375 5194 0 8 4746 52
67.5 5194 0 8 4746 52
67.625 5194 0 8 4746 52
67.75 5194 0 8 4746 52
67.875 5194 0 8 4746 52
68 5194 0 8 4746 52
68.125 5194 0 8 4746 52
68.25 5194 0 8 4746 52
68.375 5194 0 8 4746 52
68.5 5194 0 7 4747 52
68.625 5194 0 7 4747 52
68.75 5194 0 6 4748 52
68.875 5194 0 6 4748 52
69 5194 0 6 4748 52
69.125 5194 0 5 4749 52
69.25 5194 0 5 4749 52
69.375 5194 0 5 4749 52
69.5 5194 0 5 4749 52
69.625 5194 0 5 4749 52
69.75 5194 0 5 4749 52
69.875 5194 0 5 4749 52
70 5194 0 4 4750 52
70.125 5194 0 4 4750 52
70.25 5194 0 4 4750 52
70.375 5194 0 4 4750 52
70.5 5194 0 4 4750 52
70.625 5194 0 4 4750 52
70.75 5194 0 4 4750 52
70.875 5194 0 4 4750 52
71 5194 0 4 4750 52
71.125 5194 0 3 4751 52
71.25 5194 0 3 4751 52
71.375 5194 0 3 4751 52
71.5 5194 0 3 4751 52
71.625 5194 0 3 4751 52
71.75 5194 0 3 4751 52
71.875 5194 0 3 4751 52
72 5194 0 3 4751 52
72.125 5194 0 3 4751 52
72.25 5194 0 3 4751 52
72.375 5194 0 3 4751 52
72.5 5194 0 3 4751 52
72.625 5194 0 3 4751 52
72.75 5194 0 3 4751 52
72.875 5194 0 3 4751 52
73 5194 0 2 4752 52
73.125 5194 0 2 4752 52
73.25 5194 0 2 4752 52
73.375 5194 0 2 4752 52
73.5 5194 0 2 4752 52
73.625 5194 0 2 4752 52
73.75 5194 0 2 4752 52
73.875 5194 0 2 4752 52
74 5194 0 2 4752 52
74.125 5194 0 2 4752 52
74.25 5194 0 2 4752 52
74.375 5194 0 2 4752 52
74.5 5193 1 2 4752 52
74.625 5193 1 2 4752 52
74.75 5193 1 2 4752 52
74.875 5193 1 2 4752 52
75 5193 1 2 4752 52
75.125 5193 1 2 4752 52
75.25 5193 1 2 4752 52
75.375 5193 1 2 4752 52
75.5 5193 1 2 4752 52
75.625 5193 1 2 4752 52
75.75 5193 1 2 4752 52
75.875 5193 1 2 4752 52
76 5193 1 2 4752 52
76.125 5193 1 2 4752 52
76.25 5193 1 2 4752 52
76.375 5193 1 2 4752 52
76.5 5193 1 1 4753 52
76.625 5193 1 1 4753 52
76.75 5193 1 1 4753 52
76.875 5193 1 1 4753 52
77 5193 1 1 4753 52
77.125 5193 1 1 4753 52
77.25 5193 1 1 4753 52
77.375 5193 1 1 4753 52
77.5 5193 1 1 4753 52
77.625 5193 1 1 4753 52
77.75 5193 1 1 4753 52
77.875 5193 0 2 4753 52
78 5193 0 2 4753 52
78.125 5193 0 2 4753 52
78.25 5193 0 2 4753 52
78.375 5193 0 2 4753 52
78.5 5193 0 2 4753 52
78.625 5193 0 2 4753 52
78.75 5193 0 1 4754 52
78.875 5193 0 1 4754 52
79 5193 0 1 4754 52
79.125 5193 0 1 4754 52
79.25 5193 0 1 4754 52
79.375 5193 0 1 4754 52
79.5 5193 0 0 4755 52
