t S E I R D
0 9999 0 1 0 0
0.125 9999 0 1 0 0
0.25 9999 0 1 0 0
0.375 9999 0 1 0 0
0.5 9999 0 1 0 0
0.625 9999 0 1 0 0
0.75 9999 0 1 0 0
0.875 9999 0 1 0 0
1 9999 0 1 0 0
1.125 9999 0 1 0 0
1.25 9999 0 1 0 0
1.375 9999 0 1 0 0
1.5 9999 0 1 0 0
1.625 9999 0 1 0 0
1.75 9999 0 1 0 0
1.875 9999 0 1 0 0
2 9999 0 1 0 0
2.125 9999 0 1 0 0
2.25 9999 0 1 0 0
2.375 9999 0 1 0 0
2.5 9999 0 1 0 0
2.625 9999 0 1 0 0
2.75 9999 0 1 0 0
2.875 9999 0 1 0 0
3 9999 0 1 0 0
3.125 9999 0 1 0 0
3.25 9999 0 1 0 0
3.375 9998 1 1 0 0
3.5 9998 1 1 0 0
3.625 9998 1 1 0 0
3.75 9998 1 1 0 0
3.875 9998 1 1 0 0
4 9998 1 1 0 0
4.125 9998 1 1 0 0
4.25 9998 1 1 0 0
4.375 9998 1 1 0 0
4.5 9998 1 0 1 0
4.625 9998 1 0 1 0
4.75 9998 1 0 1 0
4.875 9998 1 0 1 0
5 9998 1 0 1 0
5.125 9998 1 0 1 0
5.25 9998 1 0 1 0
5.375 9998 1 0 1 0
5.5 9998 1 0 1 0
5.625 9998 1 0 1 0
5.75 9998 1 0 1 0
5.875 9998 1 0 1 0
6 9998 1 0 1 0
6.125 9998 1 0 1 0
6.25 9998 1 0 1 0
6.375 9998 1 0 1 0
6.5 9998 0 1 1 0
6.625 9998 0 1 1 0
6.75 9998 0 1 1 0
6.875 9997 1 1 1 0
7 9997 1 1 1 0
7.125 9996 2 1 1 0
7.25 9996 2 1 1 0
7.375 9995 3 1 1 0
7.5 9995 3 1 1 0
7.625 9995 3 1 1 0
7.75 9995 2 2 1 0
7.875 9995 2 2 1 0
8 9995 2 2 1 0
8.125 9995 2 2 1 0
8.25 9993 4 2 1 0
8.375 9993 3 3 1 0
8.5 9993 3 3 1 0
8.625 9993 2 4 1 0
8.75 9991 4 4 1 0
8.875 9988 7 4 1 0
9 9986 9 4 1 0
9.125 9982 13 4 1 0
9.25 9980 14 5 1 0
9.375 9977 15 7 1 0
9.5 9977 13 9 1 0
9.625 9974 15 10 1 0
9.75 9969 20 10 1 0
9.875 9965 23 10 2 0
10 9962 24 12 2 0
10.125 9960 22 16 2 0
10.25 9957 22 18 3 0
10.375 9952 27 17 4 0
10.5 9942 35 19 4 0
10.625 9932 41 23 4 0
10.75 9922 49 25 4 0
10.875 9909 61 25 5 0
11 9897 68 30 5 0
11.125 9883 79 33 5 0
11.25 9874 85 36 5 0
11.375 9861 96 38 5 0
11.5 9838 112 43 7 0
11.625 9823 123 47 7 0
11.75 9805 135 51 9 0
11.875 9788 146 57 9 0
12 9762 163 65 10 0
12.125 9738 178 73 11 0
12.25 9720 182 85 13 0
12.375 9693 197 94 16 0
12.5 9670 205 108 17 0
12.625 9654 206 122 18 0
12.75 9626 222 129 23 0
12.875 9590 249 137 24 0
13 9558 266 149 27 0
13.125 9531 273 164 32 0
13.25 9512 274 179 35 0
13.375 9485 287 187 41 0
13.5 9466 292 196 46 0
13.625 9434 309 206 51 0
13.75 9405 319 221 55 0
13.875 9381 318 242 58 1
14 9378 295 265 61 1
14.125 9378 269 288 64 1
14.25 9372 260 297 70 1
14.375 9369 245 301 84 1
14.5 9366 238 306 88 2
14.625 9364 223 319 91 3
14.75 9363 210 326 98 3
14.875 9362 194 337 104 3
15 9360 185 339 112 4
15.125 9360 176 342 118 4
15.25 9357 165 351 123 4
15.375 9356 154 359 127 4
15.5 9356 143 362 135 4
15.625 9354 139 360 142 5
15.75 9351 133 364 147 5
15.875 9350 124 367 154 5
16 9350 117 365 163 5
16.125 9349 111 364 171 5
16.25 9346 110 360 179 5
16.375 9345 106 355 189 5
16.5 9344 103 350 198 5
16.625 9342 100 344 208 6
16.75 9339 97 346 212 6
16.875 9339 88 347 220 6
17 9338 84 345 227 6
17.125 9337 80 349 228 6
17.25 9335 78 348 233 6
17.375 9335 70 354 235 6
17.5 9332 65 353 244 6
17.625 9332 61 344 257 6
17.75 9332 58 339 265 6
17.875 9331 55 336 272 6
18 9330 53 334 277 6
18.125 9329 53 329 283 6
18.25 9325 50 332 286 7
18.375 9324 46 329 294 7
18.5 9321 46 324 302 7
18.625 9320 42 322 309 7
18.75 9318 41 317 317 7
18.875 9318 39 314 322 7
19 9317 37 311 328 7
19.125 9315 37 305 336 7
19.25 9314 37 304 338 7
19.375 9314 36 301 342 7
19.5 9313 36 292 352 7
19.625 9312 34 290 357 7
19.75 9310 35 287 361 7
19.875 9308 35 282 368 7
20 9307 33 279 374 7
20.125 9304 33 275 381 7
20.25 9304 33 271 385 7
20.375 9303 29 275 386 7
20.5 9303 26 273 391 7
20.625 9303 25 266 399 7
20.75 9303 24 263 403 7
20.875 9302 25 257 409 7
21 9300 26 253 414 7
21.125 9300 26 246 421 7
21.25 9300 24 243 426 7
21.375 9300 20 246 427 7
21.5 9300 20 241 432 7
21.625 9300 20 236 437 7
21.75 9300 20 233 440 7
21.875 9300 19 227 447 7
22 9300 19 223 451 7
22.125 9299 19 220 455 7
22.25 9299 16 216 462 7
22.375 9299 15 213 466 7
22.5 9298 15 210 470 7
22.625 9297 15 206 475 7
22.75 9297 14 204 478 7
22.875 9297 12 202 482 7
23 9297 12 196 488 7
23.125 9297 11 192 493 7
23.25 9296 11 190 496 7
23.375 9296 8 190 499 7
23.5 9296 8 185 504 7
23.625 9296 8 180 509 7
23.75 9295 9 176 513 7
23.875 9295 8 170 520 7
24 9295 7 167 524 7
24.125 9295 7 165 526 7
24.25 9295 6 161 531 7
24.375 9294 7 155 537 7
24.5 9294 7 154 538 7
24.625 9294 6 154 539 7
24.75 9293 6 153 541 7
24.875 9293 6 152 542 7
25 9292 7 147 547 7
25.125 9292 7 143 551 7
25.25 9292 6 142 553 7
25.375 9292 6 141 554 7
25.5 9292 5 138 558 7
25.625 9292 4 132 565 7
25.75 9292 4 129 568 7
25.875 9292 4 124 573 7
26 9292 4 122 575 7
26.125 9292 4 121 576 7
26.25 9292 4 120 577 7
26.375 9292 4 115 582 7
26.5 9292 2 112 587 7
26.625 9292 2 110 589 7
26.75 9292 2 108 591 7
26.875 9292 2 107 592 7
27 9292 2 104 595 7
27.125 9290 4 103 596 7
27.25 9290 4 102 597 7
27.375 9289 5 99 600 7
27.5 9289 5 94 605 7
27.625 9289 4 92 608 7
27.75 9289 4 91 609 7
27.875 9289 4 90 610 7
28 9289 2 87 615 7
28.125 9289 2 86 616 7
28.25 9289 2 82 620 7
28.375 9289 1 82 621 7
28.5 9289 1 80 622 8
28.625 9289 1 79 623 8
28.75 9289 1 78 624 8
28.875 9289 1 77 625 8
29 9288 2 75 627 8
29.125 9288 2 74 628 8
29.25 9288 2 73 629 8
29.375 9288 1 73 630 8
29.5 9288 1 72 631 8
29.625 9288 1 71 632 8
29.75 9288 1 71 632 8
29.875 9288 1 71 632 8
30 9288 1 67 636 8
30.125 9288 1 63 640 8
30.25 9288 1 62 641 8
30.375 9288 1 61 642 8
30.5 9288 1 60 643 8
30.625 9288 1 60 643 8
30.75 9288 1 58 645 8
30.875 9288 1 57 646 8
31 9288 1 56 647 8
31.125 9288 1 55 647 9
31.25 9288 1 54 648 9
31.375 9288 1 54 648 9
31.5 9288 1 53 649 9
31.625 9288 1 53 649 9
31.75 9288 1 53 649 9
31.875 9288 1 53 649 9
32 9288 1 49 653 9
32.125 9288 1 49 653 9
32.25 9288 1 49 653 9
32.375 9288 1 48 654 9
32.5 9288 1 47 655 9
32.625 9288 1 47 655 9
32.75 9288 1 47 655 9
32.875 9288 1 47 655 9
33 9288 1 46 656 9
33.125 9288 1 45 657 9
33.25 9288 1 45 657 9
33.375 9288 1 44 658 9
33.5 9288 1 43 659 9
33.625 9288 1 42 660 9
33.75 9288 0 43 660 9
33.875 9288 0 43 660 9
34 9288 0 43 660 9
34.125 9288 0 41 662 9
34.25 9288 0 40 663 9
34.375 9288 0 39 664 9
34.5 9288 0 37 666 9
34.625 9288 0 37 666 9
34.75 9288 0 36 667 9
34.875 9288 0 36 667 9
35 9288 0 36 667 9
35.125 9288 0 35 668 9
35.25 9288 0 34 668 10
35.375 9288 0 34 668 10
35.5 9288 0 34 668 10
35.625 9288 0 34 668 10
35.75 9288 0 33 669 10
35.875 9288 0 32 670 10
36 9288 0 31 671 10
36.125 9288 0 30 672 10
36.25 9288 0 29 673 10
36.375 9288 0 29 673 10
36.5 9288 0 29 673 10
36.625 9288 0 28 674 10
36.75 9288 0 27 675 10
36.875 9288 0 26 676 10
37 9288 0 23 679 10
37.125 9288 0 22 680 10
37.25 9288 0 21 681 10
37.375 9288 0 21 681 10
37.5 9288 0 21 681 10
37.625 9288 0 21 681 10
37.75 9288 0 20 682 10
37.875 9288 0 19 683 10
38 9288 0 19 683 10
38.125 9288 0 19 683 10
38.25 9288 0 19 683 10
38.375 9288 0 17 685 10
38.5 9288 0 16 686 10
38.625 9288 0 16 686 10
38.75 9288 0 16 686 10
38.875 9288 0 16 686 10
39 9288 0 15 687 10
39.125 9288 0 15 687 10
39.25 9288 0 15 687 10
39.375 9288 0 13 689 10
39.5 9288 0 13 689 10
39.625 9288 0 12 690 10
39.75 9288 0 12 690 10
39.875 9288 0 12 690 10
40 9288 0 12 690 10
40.125 9288 0 11 691 10
40.25 9288 0 11 691 10
40.375 9288 0 11 691 10
40.5 9288 0 11 691 10
40.625 9288 0 11 691 10
40.75 9288 0 10 692 10
40.875 9288 0 10 692 10
41 9288 0 9 693 10
41.125 9288 0 9 693 10
41.25 9288 0 9 693 10
41.375 9288 0 9 693 10
41.5 9288 0 9 693 10
41.625 9288 0 9 693 10
41.75 9288 0 9 693 10
41.875 9288 0 7 695 10
42 9288 0 6 696 10
42.125 9288 0 6 696 10
42.25 9288 0 6 696 10
42.375 9288 0 5 697 10
42.5 9288 0 5 697 10
42.625 9288 0 4 698 10
42.75 9288 0 4 698 10
42.875 9288 0 4 698 10
43 9288 0 4 698 10
43.125 9288 0 4 698 10
43.25 9288 0 4 698 10
43.375 9288 0 4 698 10
43.5 9288 0 4 698 10
43.625 9288 0 4 698 10
43.75 9288 0 3 699 10
43.875 9288 0 3 699 10
44 9288 0 3 699 10
44.125 9288 0 3 699 10
44.25 9288 0 3 699 10
44.375 9288 0 3 699 10
44.5 9288 0 3 699 10
44.625 9288 0 3 699 10
44.75 9288 0 3 699 10
44.875 9288 0 3 699 10
45 9288 0 3 699 10
45.125 9288 0 3 699 10
45.25 9288 0 3 699 10
45.375 9288 0 3 699 10
45.5 9288 0 3 699 10
45.625 9288 0 3 699 10
45.75 9288 0 3 699 10
45.875 9288 0 3 699 10
46 9288 0 3 699 10
46.125 9288 0 3 699 10
46.25 9288 0 3 699 10
46.375 9288 0 3 699 10
46.5 9288 0 2 700 10
46.625 9288 0 2 700 10
46.75 9288 0 2 700 10
46.875 9288 0 2 700 10
47 9288 0 0 702 10
