t S E I R D
0 9998 0 2 0 0
0.125 9997 1 2 0 0
0.25 9997 1 2 0 0
0.375 9997 1 2 0 0
0.5 9997 1 2 0 0
0.625 9996 2 2 0 0
0.75 9996 2 2 0 0
0.875 9996 2 2 0 0
1 9996 2 2 0 0
1.125 9996 2 2 0 0
1.25 9996 2 2 0 0
1.375 9996 2 2 0 0
1.5 9996 2 2 0 0
1.625 9996 1 3 0 0
1.75 9995 2 3 0 0
1.875 9995 2 3 0 0
2 9995 2 3 0 0
2.125 9995 2 3 0 0
2.25 9995 2 3 0 0
2.375 9995 2 3 0 0
2.5 9995 2 3 0 0
2.625 9994 3 3 0 0
2.75 9994 2 4 0 0
2.875 9994 2 4 0 0
3 9994 2 4 0 0
3.125 9993 3 4 0 0
3.25 9993 3 4 0 0
3.375 9993 2 5 0 0
3.5 9993 1 6 0 0
3.625 9992 2 6 0 0
3.75 9992 2 6 0 0
3.875 9991 3 6 0 0
4 9991 2 7 0 0
4.125 9991 2 7 0 0
4.25 9990 3 7 0 0
4.375 9990 2 7 1 0
4.5 9989 3 7 1 0
4.625 9989 3 7 1 0
4.75 9989 3 7 1 0
4.875 9987 5 7 1 0
5 9985 7 7 1 0
5.125 9985 7 7 1 0
5.25 9985 7 7 1 0
5.375 9985 6 8 1 0
5.5 9984 6 9 1 0
5.625 9983 6 10 1 0
5.75 9983 6 10 1 0
5.875 9982 7 10 1 0
6 9980 9 9 2 0
6.125 9979 10 9 2 0
6.25 9978 10 10 2 0
6.375 9974 13 11 2 0
6.5 9974 11 13 2 0
6.625 9973 11 14 2 0
6.75 9971 12 15 2 0
6.875 9970 12 16 2 0
7 9969 13 16 2 0
7.125 9968 13 15 4 0
7.25 9964 17 15 4 0
7.375 9961 18 17 4 0
7.5 9958 20 17 5 0
7.625 9955 22 18 5 0
7.75 9953 24 17 6 0
7.875 9953 24 17 6 0
8 9951 24 18 7 0
8.125 9949 26 17 8 0
8.25 9946 28 18 8 0
8.375 9944 30 18 8 0
8.5 9943 26 23 8 0
8.625 9941 27 24 8 0
8.75 9934 28 30 8 0
8.875 9930 31 31 8 0
9 9926 32 34 8 0
9.125 9921 36 34 9 0
9.25 9918 38 33 11 0
9.375 9913 40 36 11 0
9.5 9911 39 38 12 0
9.625 9902 47 38 13 0
9.75 9891 53 42 14 0
9.875 9885 58 42 15 0
10 9875 64 44 16 1
10.125 9867 70 45 17 1
10.25 9860 74 48 17 1
10.375 9856 74 52 17 1
10.5 9846 82 52 19 1
10.625 9837 88 55 19 1
10.75 9820 100 60 19 1
10.875 9808 107 64 20 1
11 9791 116 71 21 1
11.125 9770 129 78 22 1
11.25 9749 139 85 26 1
11.375 9726 159 88 26 1
11.5 9699 175 97 28 1
11.625 9676 190 104 29 1
11.75 9657 198 114 30 1
11.875 9624 220 121 34 1
12 9595 237 130 37 1
12.125 9563 254 143 39 1
12.25 9532 262 162 43 1
12.375 9507 267 180 45 1
12.5 9471 281 197 50 1
12.625 9439 296 210 54 1
12.75 9392 322 225 60 1
12.875 9343 356 229 71 1
13 9303 370 251 75 1
13.125 9261 393 267 78 1
13.25 9195 434 286 84 1
13.375 9159 441 311 88 1
13.5 9124 443 339 93 1
13.625 9086 456 356 101 1
13.75 9038 474 378 109 1
13.875 8985 485 413 116 1
14 8925 514 435 125 1
14.125 8857 547 462 133 1
14.25 8795 578 482 144 1
14.375 8745 595 499 158 3
14.5 8684 613 533 167 3
14.625 8638 629 556 174 3
14.75 8594 625 594 184 3
14.875 8534 649 616 197 4
15 8472 677 633 214 4
15.125 8421 686 658 231 4
15.25 8354 711 680 250 5
15.375 8286 733 707 269 5
15.5 8218 752 739 286 5
15.625 8152 771 772 300 5
15.75 8090 787 804 313 6
15.875 8042 789 833 330 6
16 7983 801 868 342 6
16.125 7915 817 903 359 6
16.25 7846 835 940 373 6
16.375 7778 857 958 401 6
16.5 7716 867 990 421 6
16.625 7649 872 1037 434 8
16.75 7584 884 1064 460 8
16.875 7519 886 1098 489 8
17 7453 902 1121 516 8
17.125 7388 898 1163 543 8
17.25 7302 927 1190 572 9
17.375 7242 930 1220 597 11
17.5 7171 939 1259 620 11
17.625 7110 946 1288 645 11
17.75 7054 932 1335 668 11
17.875 6999 931 1367 692 11
18 6940 932 1394 722 12
18.125 6867 941 1424 755 13
18.25 6806 941 1455 785 13
18.375 6753 927 1492 814 14
18.5 6686 938 1511 851 14
18.625 6611 946 1552 875 16
18.75 6542 956 1587 899 16
18.875 6474 963 1611 936 16
19 6400 982 1634 968 16
19.125 6339 986 1651 1007 17
19.25 6283 971 1685 1043 18
19.375 6224 968 1711 1079 18
19.5 6171 959 1736 1116 18
19.625 6120 937 1783 1142 18
19.75 6078 919 1811 1174 18
19.875 6019 934 1820 1209 18
20 5956 941 1842 1241 20
20.125 5904 925 1863 1288 20
20.25 5855 919 1867 1337 22
20.375 5798 911 1895 1373 23
20.5 5742 917 1914 1404 23
20.625 5692 912 1936 1437 23
20.75 5640 904 1957 1474 25
20.875 5588 902 1968 1517 25
21 5535 905 1984 1551 25
21.125 5499 883 2000 1593 25
21.25 5459 858 2005 1652 26
21.375 5411 851 2015 1697 26
21.5 5372 839 2023 1740 26
21.625 5324 836 2048 1765 27
21.75 5276 805 2086 1805 28
21.875 5231 801 2093 1846 29
22 5181 811 2096 1883 29
22.125 5127 803 2120 1921 29
22.25 5079 796 2130 1965 30
22.375 5045 765 2155 2005 30
22.5 5001 758 2162 2049 30
22.625 4961 738 2175 2096 30
22.75 4924 730 2174 2141 31
22.875 4885 719 2179 2184 33
23 4845 721 2175 2226 33
23.125 4805 713 2179 2270 33
23.25 4761 717 2171 2317 34
23.375 4720 723 2153 2370 34
23.5 4689 708 2163 2405 35
23.625 4656 705 2152 2452 35
23.75 4624 695 2159 2487 35
23.875 4588 684 2171 2522 35
24 4549 690 2145 2579 37
24.125 4508 677 2153 2624 38
24.25 4479 659 2145 2679 38
24.375 4437 661 2144 2720 38
24.5 4409 661 2144 2748 38
24.625 4378 652 2150 2780 40
24.75 4349 641 2152 2817 41
24.875 4316 630 2148 2865 41
25 4285 617 2141 2916 41
25.125 4259 604 2135 2961 41
25.25 4232 596 2130 3001 41
25.375 4200 607 2108 3044 41
25.5 4162 608 2104 3084 42
25.625 4133 607 2086 3130 44
25.75 4109 580 2102 3165 44
25.875 4085 561 2099 3211 44
26 4058 549 2086 3260 47
26.125 4031 549 2068 3304 48
26.25 3996 535 2068 3353 48
26.375 3972 528 2058 3394 48
26.5 3940 525 2049 3438 48
26.625 3910 519 2043 3479 49
26.75 3893 499 2046 3513 49
26.875 3869 490 2041 3551 49
27 3845 492 2026 3587 50
27.125 3807 499 2012 3632 50
27.25 3781 497 1993 3679 50
27.375 3761 482 1991 3716 50
27.5 3738 474 1982 3756 50
27.625 3710 465 1977 3797 51
27.75 3690 453 1974 3832 51
27.875 3669 449 1966 3865 51
28 3650 444 1936 3917 53
28.125 3622 442 1925 3957 54
28.25 3605 438 1922 3981 54
28.375 3592 414 1918 4022 54
28.5 3577 400 1912 4057 54
28.625 3555 403 1898 4089 55
28.75 3529 404 1881 4131 55
28.875 3503 403 1863 4176 55
29 3484 392 1850 4219 55
29.125 3467 388 1828 4261 56
29.25 3448 375 1817 4304 56
29.375 3435 368 1806 4335 56
29.5 3415 371 1784 4374 56
29.625 3389 375 1775 4405 56
29.75 3372 360 1771 4441 56
29.875 3358 353 1745 4487 57
30 3338 356 1737 4511 58
30.125 3320 351 1720 4549 60
30.25 3299 351 1701 4589 60
30.375 3282 345 1685 4627 61
30.5 3265 336 1680 4658 61
30.625 3252 332 1663 4692 61
30.75 3240 322 1648 4729 61
30.875 3224 325 1638 4752 61
31 3207 315 1635 4781 62
31.125 3194 309 1614 4820 63
31.25 3178 308 1587 4863 64
31.375 3163 311 1566 4896 64
31.5 3144 305 1563 4923 65
31.625 3126 298 1545 4966 65
31.75 3110 300 1526 4999 65
31.875 3097 285 1529 5024 65
32 3089 270 1524 5051 66
32.125 3076 270 1500 5087 67
32.25 3065 268 1483 5116 68
32.375 3049 274 1470 5139 68
32.5 3033 272 1461 5166 68
32.625 3025 258 1454 5195 68
32.75 3015 251 1444 5222 68
32.875 3002 253 1416 5260 69
33 2992 243 1410 5285 70
33.125 2980 234 1399 5317 70
33.25 2973 227 1392 5338 70
33.375 2962 220 1380 5368 70
33.5 2955 216 1361 5398 70
33.625 2948 208 1349 5425 70
33.75 2938 208 1334 5449 71
33.875 2930 206 1319 5474 71
34 2917 206 1304 5502 71
34.125 2911 197 1291 5530 71
34.25 2902 195 1282 5550 71
34.375 2890 193 1259 5587 71
34.5 2884 181 1250 5614 71
34.625 2875 176 1239 5639 71
34.75 2866 172 1229 5660 73
34.875 2858 176 1206 5686 74
35 2849 177 1176 5724 74
35.125 2838 177 1163 5748 74
35.25 2828 177 1143 5778 74
35.375 2824 173 1127 5801 75
35.5 2816 174 1110 5825 75
35.625 2810 168 1100 5847 75
35.75 2803 162 1080 5879 76
35.875 2796 162 1058 5908 76
36 2790 154 1051 5929 76
36.125 2781 158 1032 5953 76
36.25 2774 153 1020 5977 76
36.375 2766 144 1005 6009 76
36.5 2759 139 997 6029 76
36.625 2755 131 979 6058 77
36.75 2749 130 961 6083 77
36.875 2745 126 947 6104 78
37 2741 122 932 6127 78
37.125 2733 122 924 6142 79
37.25 2725 125 918 6153 79
37.375 2720 121 900 6180 79
37.5 2714 124 885 6198 79
37.625 2704 123 875 6219 79
37.75 2700 120 870 6231 79
37.875 2696 120 854 6251 79
38 2692 120 844 6265 79
38.125 2687 112 840 6282 79
38.25 2681 116 828 6296 79
38.375 2674 115 821 6311 79
38.5 2667 121 802 6331 79
38.625 2661 118 798 6344 79
38.75 2658 113 795 6355 79
38.875 2655 104 791 6370 80
39 2653 97 781 6389 80
39.125 2646 97 769 6408 80
39.25 2635 100 765 6420 80
39.375 2633 95 759 6433 80
39.5 2632 90 750 6447 81
39.625 2627 90 743 6459 81
39.75 2623 88 731 6477 81
39.875 2617 91 723 6488 81
40 2612 92 709 6506 81
40.125 2604 91 705 6518 82
40.25 2602 83 704 6529 82
40.375 2597 82 695 6543 83
40.5 2596 75 689 6557 83
40.625 2591 78 675 6573 83
40.75 2590 76 659 6592 83
40.875 2584 79 654 6599 84
41 2580 77 641 6617 85
41.125 2574 77 633 6631 85
41.25 2572 70 629 6644 85
41.375 2569 69 624 6653 85
41.5 2565 67 615 6668 85
41.625 2563 68 606 6678 85
41.75 2562 64 598 6691 85
41.875 2560 63 585 6706 86
42 2553 68 568 6724 87
42.125 2550 65 557 6741 87
42.25 2546 66 542 6759 87
42.375 2546 63 533 6771 87
42.5 2544 64 522 6783 87
42.625 2541 62 510 6800 87
42.75 2539 61 502 6811 87
42.875 2537 56 502 6818 87
43 2536 51 498 6828 87
43.125 2534 50 494 6835 87
43.25 2531 48 488 6846 87
43.375 2530 45 484 6854 87
43.5 2526 45 479 6863 87
43.625 2525 44 472 6872 87
43.75 2522 44 466 6881 87
43.875 2522 38 464 6889 87
44 2521 33 462 6897 87
44.125 2519 35 452 6907 87
44.25 2516 38 439 6920 87
44.375 2513 40 428 6932 87
44.5 2511 39 424 6939 87
44.625 2510 36 415 6952 87
44.75 2508 33 415 6957 87
44.875 2506 35 410 6962 87
45 2505 33 404 6971 87
45.125 2504 33 393 6983 87
45.25 2504 28 391 6990 87
45.375 2502 29 380 7001 88
45.5 2500 30 376 7006 88
45.625 2499 26 373 7014 88
45.75 2498 26 363 7025 88
45.875 2497 27 357 7031 88
46 2497 24 353 7038 88
46.125 2497 20 354 7041 88
46.25 2496 19 350 7047 88
46.375 2493 20 349 7050 88
46.5 2492 20 342 7058 88
46.625 2491 19 336 7066 88
46.75 2490 18 331 7073 88
46.875 2488 19 324 7081 88
47 2486 18 323 7085 88
47.125 2484 19 319 7090 88
47.25 2484 19 311 7098 88
47.375 2481 21 308 7102 88
47.5 2480 20 308 7104 88
47.625 2478 22 301 7111 88
47.75 2478 21 301 7112 88
47.875 2476 22 298 7116 88
48 2475 21 294 7121 89
48.125 2474 20 290 7127 89
48.25 2473 20 285 7133 89
48.375 2472 20 277 7142 89
48.5 2472 19 272 7148 89
48.625 2471 20 268 7152 89
48.75 2469 21 267 7154 89
48.875 2468 20 263 7160 89
49 2468 19 260 7164 89
49.125 2468 18 256 7169 89
49.25 2468 16 255 7172 89
49.375 2467 15 253 7176 89
49.5 2465 16 244 7185 90
49.625 2464 16 238 7192 90
49.75 2463 17 232 7198 90
49.875 2463 14 228 7205 90
50 2462 14 219 7215 90
50.125 2462 13 214 7221 90
50.25 2462 13 209 7226 90
50.375 2457 18 205 7230 90
50.5 2456 17 203 7234 90
50.625 2455 17 196 7242 90
50.75 2455 15 195 7245 90
50.875 2455 15 188 7252 90
51 2452 17 183 7258 90
51.125 2452 16 176 7266 90
51.25 2452 16 172 7270 90
51.375 2452 14 169 7275 90
51.5 2451 15 167 7277 90
51.625 2451 15 163 7281 90
51.75 2451 15 160 7284 90
51.875 2450 15 158 7287 90
52 2449 15 156 7290 90
52.125 2449 14 156 7291 90
52.25 2449 13 154 7294 90
52.375 2447 13 153 7297 90
52.5 2447 12 153 7298 90
52.625 2445 14 151 7300 90
52.75 2444 15 150 7301 90
52.875 2444 14 149 7303 90
53 2442 15 146 7307 90
53.125 2440 16 146 7308 90
53.25 2439 17 144 7310 90
53.375 2439 17 139 7315 90
53.5 2438 17 139 7316 90
53.625 2437 17 136 7320 90
53.75 2437 16 135 7322 90
53.875 2436 16 134 7323 91
54 2435 17 130 7327 91
54.125 2435 17 125 7332 91
54.25 2435 15 127 7332 91
54.375 2435 15 122 7337 91
54.5 2435 14 122 7338 91
54.625 2435 14 119 7341 91
54.75 2434 15 117 7343 91
54.875 2434 15 117 7343 91
55 2434 14 117 7344 91
55.125 2434 14 112 7349 91
55.25 2434 14 110 7351 91
55.375 2434 13 108 7354 91
55.5 2434 11 109 7355 91
55.625 2433 12 106 7358 91
55.75 2433 10 104 7362 91
55.875 2433 10 101 7365 91
56 2433 10 99 7367 91
56.125 2432 10 96 7371 91
56.25 2432 10 92 7375 91
56.375 2432 10 90 7377 91
56.5 2432 10 90 7377 91
56.625 2432 10 89 7378 91
56.75 2431 9 91 7378 91
56.875 2431 7 87 7384 91
57 2431 7 85 7386 91
57.125 2431 6 83 7389 91
57.25 2430 6 80 7393 91
57.375 2430 5 80 7394 91
57.5 2430 5 76 7398 91
57.625 2430 5 75 7399 91
57.75 2429 6 75 7399 91
57.875 2429 5 74 7401 91
58 2429 4 73 7403 91
58.125 2429 4 72 7404 91
58.25 2429 4 72 7404 91
58.375 2429 3 71 7406 91
58.5 2429 3 71 7406 91
58.625 2428 4 70 7407 91
58.75 2428 3 68 7410 91
58.875 2428 3 67 7411 91
59 2428 3 67 7411 91
59.125 2428 3 65 7413 91
59.25 2428 3 64 7414 91
59.375 2428 3 63 7415 91
59.5 2428 3 62 7416 91
59.625 2428 3 62 7416 91
59.75 2428 3 62 7416 91
59.875 2427 4 61 7417 91
60 2427 4 60 7418 91
60.125 2426 5 57 7421 91
60.25 2426 4 58 7421 91
60.375 2426 4 58 7421 91
60.5 2426 4 55 7424 91
60.625 2426 4 52 7427 91
60.75 2426 4 51 7428 91
60.875 2426 4 51 7428 91
61 2426 4 50 7429 91
61.125 2426 4 50 7429 91
61.25 2426 4 50 7429 91
61.375 2426 3 51 7429 91
61.5 2425 4 49 7431 91
61.625 2424 4 50 7431 91
61.75 2424 3 50 7432 91
61.875 2424 3 49 7433 91
62 2424 3 49 7433 91
62.125 2424 3 47 7435 91
62.25 2424 2 48 7435 91
62.375 2424 2 48 7435 91
62.5 2424 2 48 7435 91
62.625 2424 2 47 7436 91
62.75 2424 1 48 7436 91
62.875 2424 1 46 7438 91
63 2424 1 46 7438 91
63.125 2424 1 46 7438 91
63.25 2424 1 46 7438 91
63.375 2424 1 46 7438 91
63.5 2424 1 46 7438 91
63.625 2424 1 45 7439 91
63.75 2424 1 44 7440 91
63.875 2424 1 43 7441 91
64 2424 1 43 7441 91
64.125 2424 1 43 7441 91
64.25 2424 1 42 7442 91
64.375 2423 2 42 7442 91
64.5 2423 2 42 7442 91
64.625 2423 2 42 7442 91
64.75 2422 3 41 7443 91
64.875 2422 2 42 7443 91
65 2422 2 41 7444 91
65.125 2420 4 40 7445 91
65.25 2420 4 39 7446 91
65.375 2418 6 39 7446 91
65.5 2418 5 39 7447 91
65.625 2418 5 39 7447 91
65.75 2418 5 37 7449 91
65.875 2418 5 35 7451 91
66 2418 5 35 7451 91
66.125 2417 6 35 7451 91
66.25 2417 6 35 7451 91
66.375 2416 7 34 7452 91
66.5 2416 7 34 7452 91
66.625 2416 7 33 7453 91
66.75 2416 7 32 7454 91
66.875 2416 7 32 7454 91
67 2416 7 31 7455 91
67.125 2416 7 29 7457 91
67.25 2416 5 28 7460 91
67.375 2416 4 28 7461 91
67.5 2416 4 28 7461 91
67.625 2416 4 28 7461 91
67.75 2416 3 28 7462 91
67.875 2416 3 27 7463 91
68 2416 3 27 7463 91
68.125 2416 3 27 7463 91
68.25 2416 3 27 7463 91
68.375 2416 3 26 7464 91
68.5 2416 3 25 7465 91
68.625 2416 3 25 7465 91
68.75 2416 3 25 7465 91
68.875 2416 2 26 7465 91
69 2416 1 27 7465 91
69.125 2416 1 27 7465 91
69.25 2416 1 27 7465 91
69.375 2416 1 27 7465 91
69.5 2416 0 28 7465 91
69.625 2416 0 27 7466 91
69.75 2416 0 26 7467 91
69.875 2416 0 26 7467 91
70 2416 0 26 7467 91
70.125 2416 0 26 7467 91
70.25 2416 0 24 7469 91
70.375 2415 1 24 7469 91
70.5 2415 1 24 7469 91
70.625 2415 1 24 7469 91
70.75 2415 1 24 7469 91
70.875 2415 1 23 7470 91
71 2415 1 23 7470 91
71.125 2415 0 24 7470 91
71.25 2415 0 21 7473 91
71.375 2414 1 19 7475 91
71.5 2414 1 19 7475 91
71.625 2414 1 19 7475 91
71.75 2413 2 18 7476 91
71.875 2413 2 17 7477 91
72 2413 2 17 7477 91
72.125 2413 2 17 7477 91
72.25 2413 2 17 7477 91
72.375 2413 2 17 7477 91
72.5 2413 2 17 7477 91
72.625 2413 2 17 7477 91
72.75 2413 2 17 7477 91
72.875 2413 2 17 7477 91
73 2413 2 17 7477 91
73.125 2413 2 17 7477 91
73.25 2413 2 17 7477 91
73.375 2413 1 18 7477 91
73.5 2413 1 18 7477 91
73.625 2413 1 18 7477 91
73.75 2413 1 18 7477 91
73.875 2413 1 18 7477 91
74 2413 1 18 7477 91
74.125 2413 1 18 7477 91
74.25 2413 1 18 7477 91
74.375 2413 0 19 7477 91
74.5 2413 0 19 7477 91
74.625 2413 0 19 7477 91
74.75 2413 0 19 7477 91
74.875 2413 0 19 7477 91
75 2413 0 18 7478 91
75.125 2413 0 18 7478 91
75.25 2413 0 18 7478 91
75.375 2413 0 18 7478 91
75.5 2413 0 17 7479 91
75.625 2413 0 17 7479 91
75.75 2413 0 17 7479 91
75.875 2413 0 17 7479 91
76 2413 0 16 7480 91
76.125 2413 0 15 7481 91
76.25 2413 0 14 7482 91
76.375 2413 0 13 7483 91
76.5 2413 0 12 7484 91
76.625 2413 0 12 7484 91
76.75 2413 0 12 7484 91
76.875 2413 0 10 7486 91
77 2413 0 10 7486 91
77.125 2413 0 10 7486 91
77.25 2413 0 10 7486 91
77.375 2413 0 10 7486 91
77.5 2413 0 10 7486 91
77.625 2413 0 10 7486 91
77.75 2413 0 9 7487 91
77.875 2413 0 9 7487 91
78 2413 0 9 7487 91
78.125 2413 0 9 7487 91
78.25 2413 0 9 7487 91
78.375 2413 0 9 7487 91
78.5 2413 0 9 7487 91
78.625 2413 0 9 7487 91
78.75 2413 0 9 7487 91
78.875 2413 0 9 7487 91
79 2413 0 8 7488 91
79.125 2413 0 8 7488 91
79.25 2413 0 8 7488 91
79.375 2413 0 8 7488 91
79.5 2413 0 7 7489 91
79.625 2413 0 7 7489 91
79.75 2413 0 7 7489 91
79.875 2413 0 7 7489 91
80 2413 0 7 7489 91
80.125 2413 0 7 7489 91
80.25 2413 0 7 7489 91
80.375 2413 0 7 7489 91
80.5 2413 0 7 7489 91
80.625 2413 0 7 7489 91
80.75 2413 0 6 7490 91
80.875 2413 0 5 7491 91
81 2413 0 5 7491 91
81.125 2413 0 5 7491 91
81.25 2413 0 5 7491 91
81.375 2413 0 5 7491 91
81.5 2413 0 5 7491 91
81.625 2413 0 5 7491 91
81.75 2413 0 5 7491 91
81.875 2413 0 5 7491 91
82 2413 0 5 7491 91
82.125 2413 0 5 7491 91
82.25 2413 0 5 7491 91
82.375 2413 0 4 7492 91
82.5 2413 0 4 7492 91
82.625 2413 0 4 7492 91
82.75 2413 0 4 7492 91
82.875 2413 0 4 7492 91
83 2413 0 4 7492 91
83.125 2413 0 4 7492 91
83.25 2413 0 4 7492 91
83.375 2413 0 4 7492 91
83.5 2413 0 3 7493 91
83.625 2413 0 3 7493 91
83.75 2413 0 3 7493 91
83.875 2413 0 3 7493 91
84 2413 0 3 7493 91
84.125 2413 0 3 7493 91
84.25 2413 0 3 7493 91
84.375 2413 0 3 7493 91
84.5 2413 0 3 7493 91
84.625 2413 0 3 7493 91
84.75 2413 0 3 7493 91
84.875 2413 0 3 7493 91
85 2413 0 3 7493 91
85.125 2413 0 3 7493 91
85.25 2413 0 3 7493 91
85.375 2413 0 3 7493 91
85.5 2413 0 3 7493 91
85.625 2413 0 3 7493 91
85.75 2413 0 3 7493 91
85.875 2413 0 3 7493 91
86 2413 0 3 7493 91
86.125 2413 0 3 7493 91
86.25 2413 0 3 7493 91
86.375 2413 0 3 7493 91
86.5 2413 0 3 7493 91
86.625 2413 0 3 7493 91
86.75 2413 0 3 7493 91
86.875 2413 0 3 7493 91
87 2413 0 3 7493 91
87.125 2413 0 3 7493 91
87.25 2413 0 3 7493 91
87.375 2413 0 3 7493 91
87.5 2413 0 3 7493 91
87.625 2413 0 3 7493 91
87.75 2413 0 3 7493 91
87.875 2413 0 3 7493 91
88 2413 0 3 7493 91
88.125 2413 0 3 7493 91
88.25 2413 0 3 7493 91
88.375 2413 0 3 7493 91
88.5 2413 0 3 7493 91
88.625 2413 0 3 7493 91
88.75 2413 0 3 7493 91
88.875 2413 0 3 7493 91
89 2413 0 3 7493 91
89.125 2413 0 2 7494 91
89.25 2413 0 2 7494 91
89.375 2413 0 2 7494 91
89.5 2413 0 1 7495 91
89.625 2413 0 1 7495 91
89.75 2413 0 1 7495 91
89.875 2413 0 1 7495 91
90 2413 0 0 7496 91
