t S E I R D
0 9998 0 2 0 0
0.125 9997 1 2 0 0
0.25 9996 2 2 0 0
0.375 9992 5 3 0 0
0.5 9990 7 3 0 0
0.625 9990 7 3 0 0
0.75 9986 11 3 0 0
0.875 9983 12 5 0 0
1 9982 13 5 0 0
1.125 9975 20 5 0 0
1.25 9974 19 7 0 0
1.375 9972 20 8 0 0
1.5 9969 22 7 2 0
1.625 9968 23 7 2 0
1.75 9967 21 10 2 0
1.875 9962 25 11 2 0
2 9954 30 14 2 0
2.125 9944 40 13 3 0
2.25 9939 41 17 3 0
2.375 9933 45 19 3 0
2.5 9925 52 20 3 0
2.625 9917 59 21 3 0
2.75 9909 63 25 3 0
2.875 9898 71 28 3 0
3 9891 76 30 3 0
3.125 9880 81 35 4 0
3.25 9866 93 35 6 0
3.375 9847 106 39 8 0
3.5 9834 114 44 8 0
3.625 9817 128 46 9 0
3.75 9799 139 53 9 0
3.875 9788 140 61 11 0
4 9771 142 76 11 0
4.125 9754 148 86 12 0
4.25 9729 159 100 12 0
4.375 9713 166 108 13 0
4.5 9692 180 113 15 0
4.625 9651 212 119 18 0
4.75 9616 235 124 25 0
4.875 9579 259 135 27 0
5 9537 279 155 29 0
5.125 9498 298 173 31 0
5.25 9459 324 183 34 0
5.375 9426 331 208 35 0
5.5 9389 356 216 39 0
5.625 9354 372 228 45 1
5.75 9325 379 243 52 1
5.875 9302 377 261 59 1
6 9273 381 282 63 1
6.125 9242 392 294 71 1
6.25 9213 399 308 79 1
6.375 9184 397 333 84 2
6.5 9148 405 357 88 2
6.625 9103 425 372 98 2
6.75 9075 432 384 107 2
6.875 9037 442 406 113 2
7 9014 427 438 119 2
7.125 8971 439 462 126 2
7.25 8947 439 478 134 2
7.375 8918 442 488 150 2
7.5 8890 439 507 161 3
7.625 8859 443 524 171 3
7.75 8841 432 539 185 3
7.875 8820 433 543 201 3
8 8792 438 555 212 3
8.125 8766 442 568 221 3
8.25 8742 445 576 233 4
8.375 8721 440 587 248 4
8.5 8701 433 603 259 4
8.625 8678 427 618 273 4
8.75 8653 423 634 285 5
8.875 8641 405 652 297 5
9 8626 387 675 307 5
9.125 8607 390 681 317 5
9.25 8585 394 687 329 5
9.375 8567 393 698 337 5
9.5 8559 378 705 353 5
9.625 8541 374 713 367 5
9.75 8526 367 724 378 5
9.875 8510 364 729 392 5
10 8495 360 736 404 5
10.125 8484 352 746 413 5
10.25 8469 348 745 433 5
10.375 8454 340 752 449 5
10.5 8434 337 759 465 5
10.625 8421 328 763 483 5
10.75 8407 326 766 496 5
10.875 8389 326 767 513 5
11 8374 324 768 529 5
11.125 8364 317 766 548 5
11.25 8346 321 760 568 5
11.375 8336 308 763 588 5
11.5 8326 295 772 602 5
11.625 8313 281 787 614 5
11.75 8303 272 790 630 5
11.875 8295 263 795 641 6
12 8288 251 803 650 8
12.125 8273 244 808 667 8
12.25 8261 233 812 686 8
12.375 8251 229 806 706 8
12.5 8236 231 803 722 8
12.625 8230 220 800 742 8
12.75 8225 217 794 755 9
12.875 8214 212 786 779 9
13 8204 206 787 794 9
13.125 8197 196 782 816 9
13.25 8189 189 782 831 9
13.375 8181 182 784 844 9
13.5 8178 174 779 860 9
13.625 8171 168 776 876 9
13.75 8164 166 768 893 9
13.875 8160 153 770 908 9
14 8153 153 756 929 9
14.125 8149 144 751 947 9
14.25 8144 137 742 968 9
14.375 8139 133 745 974 9
14.5 8136 125 744 986 9
14.625 8130 126 737 998 9
14.75 8126 119 737 1009 9
14.875 8124 112 733 1022 9
15 8120 108 726 1036 10
15.125 8111 112 712 1055 10
15.25 8104 112 703 1071 10
15.375 8101 105 702 1082 10
15.5 8097 102 696 1095 10
15.625 8091 101 686 1110 12
15.75 8086 98 679 1125 12
15.875 8081 95 674 1138 12
16 8078 91 671 1148 12
16.125 8076 88 661 1162 13
16.25 8075 83 656 1173 13
16.375 8074 76 646 1191 13
16.5 8071 75 635 1206 13
16.625 8066 76 630 1215 13
16.75 8063 75 612 1237 13
16.875 8061 72 603 1250 14
17 8056 74 585 1271 14
17.125 8056 69 578 1283 14
17.25 8055 64 579 1288 14
17.375 8055 61 567 1303 14
17.5 8055 58 563 1310 14
17.625 8053 57 549 1327 14
17.75 8049 57 536 1344 14
17.875 8047 53 528 1358 14
18 8046 50 521 1369 14
18.125 8045 45 513 1383 14
18.25 8043 45 504 1394 14
18.375 8043 45 492 1406 14
18.5 8043 44 482 1417 14
18.625 8042 41 475 1428 14
18.75 8042 38 468 1438 14
18.875 8040 37 465 1444 14
19 8038 35 459 1454 14
19.125 8038 33 452 1463 14
19.25 8037 32 442 1475 14
19.375 8037 31 431 1487 14
19.5 8036 29 426 1495 14
19.625 8035 29 418 1504 14
19.75 8033 29 414 1510 14
19.875 8030 31 405 1520 14
20 8030 31 398 1527 14
20.125 8028 32 393 1533 14
20.25 8027 32 382 1545 14
20.375 8025 34 373 1554 14
20.5 8025 30 369 1562 14
20.625 8021 34 360 1571 14
20.75 8021 33 354 1578 14
20.875 8020 32 352 1582 14
21 8019 31 350 1586 14
21.125 8019 29 346 1592 14
21.25 8019 26 339 1602 14
21.375 8018 26 330 1612 14
21.5 8017 24 330 1615 14
21.625 8017 21 327 1621 14
21.75 8017 19 323 1627 14
21.875 8016 19 320 1631 14
22 8016 17 317 1636 14
22.125 8016 14 311 1645 14
22.25 8014 16 308 1648 14
22.375 8014 16 296 1660 14
22.5 8013 15 289 1669 14
22.625 8012 15 284 1675 14
22.75 8012 15 276 1683 14
22.875 8012 13 271 1690 14
23 8010 14 264 1698 14
23.125 8009 14 260 1703 14
23.25 8009 11 257 1709 14
23.375 8009 11 251 1715 14
23.5 8009 11 246 1720 14
23.625 8008 12 237 1729 14
23.75 8008 12 232 1734 14
23.875 8008 12 228 1738 14
24 8008 11 226 1741 14
24.125 8008 11 221 1746 14
24.25 8008 9 218 1751 14
24.375 8008 8 214 1756 14
24.5 8008 6 212 1760 14
24.625 8008 6 210 1761 15
24.75 8008 5 207 1764 16
24.875 8007 5 202 1770 16
25 8007 5 196 1776 16
25.125 8007 4 193 1779 17
25.25 8007 4 187 1784 18
25.375 8007 3 182 1790 18
25.5 8006 3 181 1792 18
25.625 8006 3 178 1795 18
25.75 8006 3 176 1797 18
25.875 8006 2 174 1800 18
26 8006 2 173 1801 18
26.125 8006 2 172 1802 18
26.25 8006 2 171 1803 18
26.375 8006 2 165 1809 18
26.5 8006 1 162 1813 18
26.625 8006 1 159 1816 18
26.75 8004 3 157 1818 18
26.875 8004 3 155 1820 18
27 8003 4 153 1822 18
27.125 8003 4 150 1825 18
27.25 8003 4 147 1828 18
27.375 8003 3 146 1830 18
27.5 8003 3 142 1834 18
27.625 8002 4 139 1837 18
27.75 8002 3 140 1837 18
27.875 8002 2 138 1840 18
28 8002 2 135 1843 18
28.125 8002 2 131 1847 18
28.25 8002 2 130 1848 18
28.375 8001 3 127 1851 18
28.5 8001 3 122 1856 18
28.625 8001 3 120 1858 18
28.75 8001 3 118 1860 18
28.875 8001 3 118 1860 18
29 8000 4 112 1866 18
29.125 8000 4 111 1867 18
29.25 8000 4 107 1871 18
29.375 7999 5 107 1871 18
29.5 7999 5 105 1873 18
29.625 7998 6 103 1875 18
29.75 7998 6 102 1876 18
29.875 7998 6 97 1881 18
30 7998 6 94 1884 18
30.125 7998 5 93 1886 18
30.25 7998 5 92 1887 18
30.375 7998 5 91 1888 18
30.5 7998 5 90 1889 18
30.625 7998 4 88 1892 18
30.75 7998 3 85 1896 18
30.875 7998 3 85 1896 18
31 7998 3 84 1897 18
31.125 7998 2 83 1899 18
31.25 7998 2 81 1901 18
31.375 7997 3 79 1903 18
31.5 7997 3 79 1903 18
31.625 7997 2 79 1904 18
31.75 7997 1 79 1905 18
31.875 7997 1 78 1906 18
32 7997 1 77 1907 18
32.125 7997 0 73 1912 18
32.25 7997 0 72 1913 18
32.375 7997 0 70 1915 18
32.5 7996 1 69 1916 18
32.625 7996 1 69 1916 18
32.75 7996 1 68 1917 18
32.875 7996 1 68 1917 18
33 7996 1 66 1919 18
33.125 7996 1 65 1920 18
33.25 7996 1 65 1920 18
33.375 7996 1 64 1921 18
33.5 7996 1 63 1922 18
33.625 7996 1 62 1923 18
33.75 7996 1 59 1926 18
33.875 7996 1 59 1926 18
34 7996 1 56 1929 18
34.125 7996 1 55 1930 18
34.25 7996 1 53 1932 18
34.375 7996 1 51 1934 18
34.5 7996 1 51 1934 18
34.625 7996 1 48 1937 18
34.75 7996 1 47 1938 18
34.875 7996 1 47 1938 18
35 7996 1 47 1938 18
35.125 7996 1 46 1939 18
35.25 7996 1 45 1940 18
35.375 7996 1 45 1940 18
35.5 7996 1 44 1941 18
35.625 7996 1 44 1941 18
35.75 7996 1 44 1941 18
35.875 7996 1 43 1942 18
36 7996 1 43 1942 18
36.125 7996 1 43 1942 18
36.25 7996 1 43 1942 18
36.375 7996 1 42 1943 18
36.5 7996 1 40 1945 18
36.625 7996 1 39 1946 18
36.75 7996 1 39 1946 18
36.875 7996 1 38 1947 18
37 7996 1 38 1947 18
37.125 7996 1 38 1947 18
37.25 7996 1 35 1950 18
37.375 7996 1 35 1950 18
37.5 7996 1 35 1950 18
37.625 7996 1 35 1950 18
37.75 7996 1 34 1951 18
37.875 7996 1 34 1951 18
38 7996 1 33 1952 18
38.125 7996 1 33 1952 18
38.25 7996 1 33 1952 18
38.375 7996 1 33 1952 18
38.5 7996 1 33 1952 18
38.625 7996 1 32 1953 18
38.75 7996 1 31 1954 18
38.875 7996 1 31 1954 18
39 7996 1 30 1955 18
39.125 7996 1 28 1957 18
39.25 7996 0 29 1957 18
39.375 7996 0 29 1957 18
39.5 7996 0 27 1959 18
39.625 7996 0 26 1960 18
39.75 7996 0 26 1960 18
39.875 7996 0 26 1960 18
40 7996 0 26 1960 18
40.125 7996 0 26 1960 18
40.25 7996 0 26 1960 18
40.375 7996 0 25 1961 18
40.5 7996 0 24 1962 18
40.625 7996 0 23 1963 18
40.75 7996 0 23 1963 18
40.875 7996 0 21 1965 18
41 7996 0 21 1965 18
41.125 7996 0 21 1965 18
41.25 7996 0 19 1967 18
41.375 7996 0 18 1968 18
41.5 7996 0 17 1969 18
41.625 7996 0 17 1969 18
41.75 7996 0 17 1969 18
41.875 7996 0 17 1969 18
42 7996 0 15 1971 18
42.125 7996 0 15 1971 18
42.25 7996 0 15 1971 18
42.375 7996 0 15 1971 18
42.5 7996 0 13 1973 18
42.625 7996 0 13 1973 18
42.75 7996 0 13 1973 18
42.875 7996 0 13 1973 18
43 7996 0 13 1973 18
43.125 7996 0 11 1975 18
43.25 7996 0 11 1975 18
43.375 7996 0 10 1976 18
43.5 7996 0 9 1977 18
43.625 7996 0 9 1977 18
43.75 7996 0 8 1978 18
43.875 7996 0 8 1978 18
44 7996 0 8 1978 18
44.125 7996 0 8 1978 18
44.25 7996 0 8 1978 18
44.375 7996 0 8 1978 18
44.5 7996 0 8 1978 18
44.625 7996 0 8 1978 18
44.75 7995 1 8 1978 18
44.875 7995 1 8 1978 18
45 7995 1 8 1978 18
45.125 7995 1 8 1978 18
45.25 7995 1 8 1978 18
45.375 7995 1 8 1978 18
45.5 7995 0 9 1978 18
45.625 7995 0 8 1979 18
45.75 7995 0 8 1979 18
45.875 7995 0 8 1979 18
46 7995 0 8 1979 18
46.125 7995 0 8 1979 18
46.25 7995 0 8 1979 18
46.375 7995 0 8 1979 18
46.5 7995 0 8 1979 18
46.625 7995 0 8 1979 18
46.75 7995 0 8 1979 18
46.875 7995 0 8 1979 18
47 7995 0 8 1979 18
47.125 7995 0 7 1980 18
47.25 7995 0 7 1980 18
47.375 7995 0 7 1980 18
47.5 7995 0 7 1980 18
47.625 7995 0 7 1980 18
47.75 7995 0 7 1980 18
47.875 7995 0 6 1981 18
48 7995 0 6 1981 18
48.125 7995 0 6 1981 18
48.25 7995 0 6 1981 18
48.375 7995 0 5 1982 18
48.5 7995 0 4 1983 18
48.625 7995 0 4 1983 18
48.75 7995 0 3 1984 18
48.875 7995 0 3 1984 18
49 7995 0 3 1984 18
49.125 7995 0 2 1985 18
49.25 7995 0 2 1985 18
49.375 7995 0 2 1985 18
49.5 7995 0 2 1985 18
49.625 7995 0 2 1985 18
49.75 7995 0 2 1985 18
49.875 7995 0 2 1985 18
50 7995 0 2 1985 18
50.125 7995 0 2 1985 18
50.25 7995 0 2 1985 18
50.375 7995 0 2 1985 18
50.5 7995 0 2 1985 18
50.625 7995 0 2 1985 18
50.75 7995 0 2 1985 18
50.875 7995 0 2 1985 18
51 7995 0 2 1985 18
51.125 7995 0 2 1985 18
51.25 7995 0 2 1985 18
51.375 7995 0 2 1985 18
51.5 7995 0 2 1985 18
51.625 7995 0 2 1985 18
51.75 7995 0 2 1985 18
51.875 7995 0 2 1985 18
52 7995 0 2 1985 18
52.125 7995 0 2 1985 18
52.25 7995 0 2 1985 18
52.375 7995 0 2 1985 18
52.5 7995 0 2 1985 18
52.625 7995 0 2 1985 18
52.75 7995 0 2 1985 18
52.875 7995 0 2 1985 18
53 7995 0 2 1985 18
53.125 7995 0 2 1985 18
53.25 7995 0 2 1985 18
53.375 7995 0 2 1985 18
53.5 7995 0 2 1985 18
53.625 7995 0 2 1985 18
53.75 7995 0 2 1985 18
53.875 7995 0 2 1985 18
54 7995 0 2 1985 18
54.125 7995 0 2 1985 18
54.25 7995 0 2 1985 18
54.375 7995 0 2 1985 18
54.5 7995 0 2 1985 18
54.625 7995 0 1 1986 18
54.75 7995 0 1 1986 18
54.875 7995 0 1 1986 18
55 7995 0 1 1986 18
55.125 7995 0 1 1986 18
55.25 7995 0 1 1986 18
55.375 7995 0 1 1986 18
55.5 7995 0 1 1986 18
55.625 7995 0 1 1986 18
55.75 7995 0 1 1986 18
55.875 7995 0 1 1986 18
56 7995 0 1 1986 18
56.125 7995 0 1 1986 18
56.25 7995 0 1 1986 18
56.375 7995 0 1 1986 18
56.5 7995 0 0 1987 18
