t S E I R D
0 9999 0 1 0 0
0.125 9999 0 1 0 0
0.25 9999 0 1 0 0
0.375 9999 0 1 0 0
0.5 9999 0 1 0 0
0.625 9999 0 1 0 0
0.75 9999 0 1 0 0
0.875 9999 0 1 0 0
1 9999 0 1 0 0
1.125 9999 0 1 0 0
1.25 9999 0 1 0 0
1.375 9998 1 1 0 0
1.5 9998 1 1 0 0
1.625 9998 1 1 0 0
1.75 9998 0 2 0 0
1.875 9998 0 2 0 0
2 9998 0 2 0 0
2.125 9997 1 2 0 0
2.25 9997 1 2 0 0
2.375 9997 1 2 0 0
2.5 9997 1 2 0 0
2.625 9997 1 2 0 0
2.75 9997 1 2 0 0
2.875 9997 1 2 0 0
3 9997 1 2 0 0
3.125 9997 1 2 0 0
3.25 9997 1 2 0 0
3.375 9997 1 2 0 0
3.5 9997 1 2 0 0
3.625 9997 1 2 0 0
3.75 9997 1 2 0 0
3.875 9997 1 2 0 0
4 9997 0 3 0 0
4.125 9996 1 3 0 0
4.25 9996 1 3 0 0
4.375 9995 2 3 0 0
4.5 9994 3 3 0 0
4.625 9993 4 3 0 0
4.75 9993 4 3 0 0
4.875 9993 4 3 0 0
5 9993 4 3 0 0
5.125 9990 7 3 0 0
5.25 9988 8 4 0 0
5.375 9985 11 4 0 0
5.5 9984 10 6 0 0
5.625 9981 10 9 0 0
5.75 9981 10 9 0 0
5.875 9981 9 10 0 0
6 9978 12 8 1 1
6.125 9978 12 8 1 1
6.25 9978 10 9 2 1
6.375 9978 10 9 2 1
6.5 9978 10 8 3 1
6.625 9978 9 9 3 1
6.75 9978 9 9 3 1
6.875 9978 9 9 3 1
7 9978 8 10 3 1
7.125 9978 7 11 3 1
7.25 9978 7 11 3 1
7.375 9978 7 11 3 1
7.5 9978 7 11 3 1
7.625 9978 6 12 3 1
7.75 9978 5 13 3 1
7.875 9978 5 13 3 1
8 9978 4 14 3 1
8.125 9978 4 14 3 1
8.25 9978 4 14 3 1
8.375 9977 5 14 3 1
8.5 9977 5 14 3 1
8.625 9977 4 15 3 1
8.75 9977 3 16 3 1
8.875 9977 2 17 3 1
9 9977 2 17 3 1
9.125 9977 2 17 3 1
9.25 9977 2 17 3 1
9.375 9977 2 17 3 1
9.5 9976 2 17 4 1
9.625 9976 2 15 6 1
9.75 9976 2 15 6 1
9.875 9976 2 15 6 1
10 9976 2 15 6 1
10.125 9976 2 15 6 1
10.25 9976 2 14 7 1
10.375 9976 2 13 8 1
10.5 9976 2 13 8 1
10.625 9976 2 13 8 1
10.75 9976 2 13 8 1
10.875 9976 2 13 8 1
11 9976 1 14 8 1
11.125 9976 1 14 8 1
11.25 9976 1 14 8 1
11.375 9976 1 13 9 1
11.5 9976 1 12 10 1
11.625 9976 1 12 10 1
11.75 9976 1 12 10 1
11.875 9976 1 12 10 1
12 9976 1 12 10 1
12.125 9976 1 12 10 1
12.25 9976 1 12 10 1
12.375 9976 1 11 11 1
12.5 9976 0 11 12 1
12.625 9976 0 11 12 1
12.75 9976 0 11 12 1
12.875 9976 0 11 12 1
13 9976 0 10 13 1
13.125 9975 1 10 13 1
13.25 9975 1 10 13 1
13.375 9975 1 10 13 1
13.5 9975 1 10 13 1
13.625 9975 1 10 13 1
13.75 9975 1 10 13 1
13.875 9975 1 10 13 1
14 9975 1 10 13 1
14.125 9975 1 10 13 1
14.25 9975 1 10 13 1
14.375 9975 0 10 14 1
14.5 9975 0 10 14 1
14.625 9975 0 10 14 1
14.75 9975 0 10 14 1
14.875 9975 0 10 14 1
15 9975 0 10 14 1
15.125 9975 0 10 14 1
15.25 9975 0 10 14 1
15.375 9975 0 9 15 1
15.5 9975 0 9 15 1
15.625 9975 0 9 15 1
15.75 9975 0 9 15 1
15.875 9974 1 8 16 1
16 9974 1 8 16 1
16.125 9974 1 8 16 1
16.25 9974 1 8 16 1
16.375 9974 1 8 16 1
16.5 9974 1 7 17 1
16.625 9974 1 7 17 1
16.75 9974 1 7 17 1
16.875 9974 0 8 17 1
17 9974 0 8 17 1
17.125 9974 0 8 17 1
17.25 9974 0 8 17 1
17.375 9974 0 7 17 2
17.5 9974 0 7 17 2
17.625 9974 0 7 17 2
17.75 9974 0 7 17 2
17.875 9974 0 6 18 2
18 9974 0 6 18 2
18.125 9974 0 6 18 2
18.25 9973 1 6 18 2
18.375 9973 1 6 18 2
18.5 9973 1 6 18 2
18.625 9973 1 6 18 2
18.75 9973 1 6 18 2
18.875 9973 1 6 18 2
19 9973 1 6 18 2
19.125 9973 1 6 18 2
19.25 9973 1 6 18 2
19.375 9973 1 5 19 2
19.5 9973 1 5 19 2
19.625 9973 1 5 19 2
19.75 9973 1 5 19 2
19.875 9973 1 4 20 2
20 9973 1 4 20 2
20.125 9973 1 4 20 2
20.25 9973 1 4 20 2
20.375 9973 1 4 20 2
20.5 9973 1 4 20 2
20.625 9973 1 4 20 2
20.75 9973 1 4 20 2
20.875 9973 1 4 20 2
21 9973 1 4 20 2
21.125 9973 1 4 20 2
21.25 9972 2 3 21 2
21.375 9972 2 3 21 2
21.5 9972 2 3 21 2
21.625 9972 2 3 21 2
21.75 9972 2 3 21 2
21.875 9972 2 3 21 2
22 9972 2 3 21 2
22.125 9972 2 3 21 2
22.25 9972 2 3 21 2
22.375 9972 2 3 21 2
22.5 9972 2 3 21 2
22.625 9972 2 2 22 2
22.75 9972 1 3 22 2
22.875 9972 1 3 22 2
23 9972 1 3 22 2
23.125 9971 2 3 22 2
23.25 9971 2 3 22 2
23.375 9971 2 3 22 2
23.5 9971 2 3 22 2
23.625 9971 2 3 22 2
23.75 9971 2 3 22 2
23.875 9971 2 3 22 2
24 9971 2 3 22 2
24.125 9971 1 4 22 2
24.25 9971 1 3 23 2
24.375 9971 1 3 23 2
24.5 9971 1 3 23 2
24.625 9971 1 3 23 2
24.75 9971 1 3 23 2
24.875 9971 1 3 23 2
25 9971 1 3 23 2
25.125 9971 1 3 23 2
25.25 9971 1 3 23 2
25.375 9971 1 3 23 2
25.5 9971 1 3 23 2
25.625 9971 1 3 23 2
25.75 9971 1 3 23 2
25.875 9971 1 3 23 2
26 9971 1 3 23 2
26.125 9971 1 3 23 2
26.25 9971 1 3 23 2
26.375 9971 1 3 23 2
26.5 9971 1 3 23 2
26.625 9971 1 3 23 2
26.75 9971 1 3 23 2
26.875 9971 1 3 23 2
27 9971 1 3 23 2
27.125 9971 1 3 23 2
27.25 9971 1 3 23 2
27.375 9971 1 3 23 2
27.5 9971 1 3 23 2
27.625 9971 1 3 23 2
27.75 9971 1 3 23 2
27.875 9971 1 3 23 2
28 9971 0 4 23 2
28.125 9971 0 4 23 2
28.25 9971 0 4 23 2
28.375 9971 0 4 23 2
28.5 9971 0 4 23 2
28.625 9971 0 4 23 2
28.75 9971 0 4 23 2
28.875 9971 0 4 23 2
29 9971 0 4 23 2
29.125 9971 0 4 23 2
29.25 9971 0 4 23 2
29.375 9971 0 4 23 2
29.5 9971 0 4 23 2
29.625 9971 0 4 23 2
29.75 9971 0 4 23 2
29.875 9971 0 4 23 2
30 9971 0 4 23 2
30.125 9971 0 3 24 2
30.25 9971 0 2 25 2
30.375 9971 0 2 25 2
30.5 9971 0 2 25 2
30.625 9971 0 2 25 2
30.75 9971 0 2 25 2
30.875 9971 0 2 25 2
31 9971 0 2 25 2
31.125 9971 0 2 25 2
31.25 9971 0 2 25 2
31.375 9971 0 2 25 2
31.5 9971 0 2 25 2
31.625 9971 0 1 26 2
31.75 9971 0 1 26 2
31.875 9971 0 1 26 2
32 9971 0 1 26 2
32.125 9971 0 1 26 2
32.25 9971 0 1 26 2
32.375 9971 0 1 26 2
32.5 9971 0 1 26 2
32.625 9971 0 1 26 2
32.75 9971 0 1 26 2
32.875 9971 0 1 26 2
33 9971 0 1 26 2
33.125 9971 0 1 26 2
33.25 9971 0 1 26 2
33.375 9971 0 1 26 2
33.5 9971 0 1 26 2
33.625 9971 0 1 26 2
33.75 9971 0 1 26 2
33.875 9971 0 1 26 2
34 9971 0 1 26 2
34.125 9971 0 1 26 2
34.25 9971 0 1 26 2
34.375 9971 0 1 26 2
34.5 9971 0 1 26 2
34.625 9971 0 1 26 2
34.75 9971 0 1 26 2
34.875 9971 0 1 26 2
35 9971 0 1 26 2
35.125 9971 0 1 26 2
35.25 9971 0 1 26 2
35.375 9971 0 1 26 2
35.5 9971 0 1 26 2
35.625 9971 0 1 26 2
35.75 9971 0 1 26 2
35.875 9971 0 0 27 2
