t S E I R D
0 9998 0 2 0 0
0.125 9997 1 2 0 0
0.25 9997 1 2 0 0
0.375 9996 2 2 0 0
0.5 9996 2 2 0 0
0.625 9995 3 2 0 0
0.75 9995 3 2 0 0
0.875 9995 2 3 0 0
1 9994 3 3 0 0
1.125 9994 2 4 0 0
1.25 9994 2 4 0 0
1.375 9993 2 5 0 0
1.5 9990 5 5 0 0
1.625 9988 7 4 1 0
1.75 9988 6 5 1 0
1.875 9988 5 6 1 0
2 9986 5 8 1 0
2.125 9981 8 10 1 0
2.25 9974 15 9 2 0
2.375 9971 17 10 2 0
2.5 9965 23 10 2 0
2.625 9961 27 9 3 0
2.75 9960 27 10 3 0
2.875 9956 31 10 3 0
3 9955 30 12 3 0
3.125 9953 31 13 3 0
3.25 9949 32 16 3 0
3.375 9945 36 16 3 0
3.5 9941 34 21 4 0
3.625 9932 40 24 4 0
3.75 9929 39 27 5 0
3.875 9924 43 28 5 0
4 9919 45 31 5 0
4.125 9910 49 35 6 0
4.25 9900 53 41 6 0
4.375 9885 66 42 7 0
4.5 9867 80 46 7 0
4.625 9849 90 54 7 0
4.75 9838 96 59 7 0
4.875 9818 109 63 10 0
5 9807 109 74 10 0
5.125 9796 115 77 12 0
5.25 9782 124 80 14 0
5.375 9758 142 83 17 0
5.5 9742 149 90 19 0
5.625 9711 170 96 22 1
5.75 9676 199 99 25 1
5.875 9640 224 108 27 1
6 9603 251 115 30 1
6.125 9580 260 128 31 1
6.25 9540 283 144 32 1
6.375 9511 300 154 34 1
6.5 9485 312 166 36 1
6.625 9444 331 184 40 1
6.75 9416 343 198 42 1
6.875 9379 352 224 44 1
7 9343 360 247 49 1
7.125 9299 386 261 53 1
7.25 9270 392 280 57 1
7.375 9248 388 299 64 1
7.5 9207 406 316 70 1
7.625 9176 403 342 78 1
7.75 9128 426 357 88 1
7.875 9087 444 373 95 1
8 9051 452 398 98 1
8.125 9020 451 420 106 3
8.25 8992 455 435 115 3
8.375 8968 445 459 125 3
8.5 8939 450 474 134 3
8.625 8920 442 487 148 3
8.75 8892 426 515 164 3
8.875 8868 428 529 172 3
9 8844 422 548 183 3
9.125 8817 418 566 196 3
9.25 8790 421 581 205 3
9.375 8758 431 595 213 3
9.5 8734 431 613 219 3
9.625 8710 425 629 233 3
9.75 8679 432 640 246 3
9.875 8655 429 654 259 3
10 8630 426 666 275 3
10.125 8607 421 683 285 4
10.25 8584 422 696 294 4
10.375 8560 414 711 310 5
10.5 8542 403 721 329 5
10.625 8516 401 732 346 5
10.75 8499 397 739 360 5
10.875 8486 375 763 371 5
11 8471 375 752 397 5
11.125 8458 371 758 408 5
11.25 8441 362 768 424 5
11.375 8419 357 779 440 5
11.5 8403 350 780 462 5
11.625 8389 341 787 478 5
11.75 8378 327 791 499 5
11.875 8356 335 786 518 5
12 8350 332 784 529 5
12.125 8336 327 790 542 5
12.25 8330 317 796 552 5
12.375 8322 306 800 567 5
12.5 8314 300 797 584 5
12.625 8303 281 809 602 5
12.75 8297 276 803 619 5
12.875 8287 267 802 639 5
13 8273 270 791 661 5
13.125 8264 265 789 677 5
13.25 8255 263 786 691 5
13.375 8247 257 783 708 5
13.5 8240 244 782 729 5
13.625 8231 243 778 743 5
13.75 8220 236 775 764 5
13.875 8212 227 771 785 5
14 8203 221 767 804 5
14.125 8194 218 759 824 5
14.25 8191 206 758 840 5
14.375 8182 201 756 856 5
14.5 8175 200 747 872 6
14.625 8170 194 739 891 6
14.75 8164 190 739 901 6
14.875 8156 181 743 914 6
15 8149 179 740 926 6
15.125 8140 179 736 939 6
15.25 8135 170 735 954 6
15.375 8127 165 738 964 6
15.5 8124 158 734 978 6
15.625 8123 146 729 996 6
15.75 8115 150 717 1012 6
15.875 8111 142 717 1024 6
16 8108 139 713 1034 6
16.125 8106 127 717 1044 6
16.25 8101 120 712 1061 6
16.375 8101 114 709 1070 6
16.5 8097 114 699 1083 7
16.625 8091 112 694 1096 7
16.75 8085 109 688 1111 7
16.875 8078 111 681 1123 7
17 8075 106 683 1129 7
17.125 8074 97 676 1146 7
17.25 8072 86 675 1159 8
17.375 8067 83 676 1166 8
17.5 8062 85 653 1192 8
17.625 8061 79 641 1211 8
17.75 8057 80 629 1226 8
17.875 8056 76 623 1237 8
18 8053 74 614 1251 8
18.125 8049 71 610 1260 10
18.25 8043 75 595 1277 10
18.375 8041 77 585 1287 10
18.5 8037 74 577 1302 10
18.625 8031 76 571 1312 10
18.75 8030 74 562 1324 10
18.875 8028 72 552 1338 10
19 8026 71 547 1345 11
19.125 8024 69 540 1356 11
19.25 8023 65 537 1364 11
19.375 8023 62 531 1373 11
19.5 8022 59 521 1386 12
19.625 8019 58 508 1403 12
19.75 8017 56 505 1410 12
19.875 8013 58 490 1426 13
20 8012 56 482 1437 13
20.125 8008 56 472 1451 13
20.25 8007 56 458 1466 13
20.375 8005 56 446 1480 13
20.5 8005 51 443 1488 13
20.625 8003 49 434 1501 13
20.75 8003 46 433 1505 13
20.875 8001 44 431 1511 13
21 8001 39 419 1527 14
21.125 8001 37 415 1533 14
21.25 8001 34 414 1536 15
21.375 8000 35 407 1543 15
21.5 7999 33 405 1548 15
21.625 7996 34 398 1557 15
21.75 7996 32 393 1564 15
21.875 7994 34 380 1577 15
22 7993 34 376 1582 15
22.125 7993 32 370 1590 15
22.25 7993 29 363 1600 15
22.375 7992 29 358 1606 15
22.5 7991 30 350 1614 15
22.625 7991 28 339 1627 15
22.75 7990 26 338 1631 15
22.875 7989 26 334 1636 15
23 7989 23 329 1644 15
23.125 7989 23 319 1654 15
23.25 7989 23 310 1662 16
23.375 7989 22 306 1667 16
23.5 7988 23 301 1672 16
23.625 7987 24 291 1682 16
23.75 7987 23 288 1686 16
23.875 7987 21 284 1691 17
24 7987 19 284 1693 17
24.125 7987 18 276 1702 17
24.25 7984 19 272 1708 17
24.375 7983 18 267 1715 17
24.5 7982 19 262 1719 18
24.625 7982 19 259 1722 18
24.75 7981 19 257 1725 18
24.875 7981 19 252 1730 18
25 7980 19 245 1738 18
25.125 7979 19 241 1743 18
25.25 7979 17 237 1749 18
25.375 7979 16 230 1757 18
25.5 7979 15 223 1765 18
25.625 7979 15 222 1766 18
25.75 7978 16 217 1771 18
25.875 7978 16 214 1774 18
26 7978 16 211 1777 18
26.125 7978 14 211 1779 18
26.25 7978 14 206 1784 18
26.375 7978 13 202 1789 18
26.5 7978 10 204 1790 18
26.625 7977 11 199 1795 18
26.75 7977 11 197 1797 18
26.875 7977 10 195 1800 18
27 7977 10 190 1805 18
27.125 7977 10 189 1806 18
27.25 7977 10 185 1810 18
27.375 7977 9 179 1817 18
27.5 7976 9 176 1821 18
27.625 7976 8 172 1826 18
27.75 7976 7 168 1831 18
27.875 7976 6 168 1832 18
28 7976 5 167 1834 18
28.125 7976 4 163 1839 18
28.25 7976 4 157 1845 18
28.375 7976 4 157 1845 18
28.5 7976 4 155 1847 18
28.625 7976 3 153 1849 19
28.75 7976 3 151 1851 19
28.875 7976 3 148 1854 19
29 7975 4 145 1856 20
29.125 7975 4 140 1861 20
29.25 7974 5 137 1864 20
29.375 7974 5 132 1869 20
29.5 7974 5 129 1872 20
29.625 7974 5 127 1874 20
29.75 7974 5 122 1879 20
29.875 7973 6 121 1880 20
30 7973 6 119 1882 20
30.125 7972 7 118 1883 20
30.25 7972 7 116 1885 20
30.375 7972 7 113 1888 20
30.5 7972 5 113 1890 20
30.625 7971 6 111 1892 20
30.75 7970 7 108 1895 20
30.875 7970 7 108 1895 20
31 7970 7 106 1897 20
31.125 7970 7 104 1899 20
31.25 7970 6 101 1903 20
31.375 7970 6 97 1907 20
31.5 7970 6 97 1907 20
31.625 7970 6 96 1908 20
31.75 7970 4 96 1910 20
31.875 7970 2 98 1910 20
32 7969 3 97 1911 20
32.125 7969 3 95 1913 20
32.25 7969 3 92 1916 20
32.375 7969 3 91 1917 20
32.5 7969 3 90 1918 20
32.625 7969 3 88 1920 20
32.75 7968 4 86 1922 20
32.875 7968 4 83 1925 20
33 7968 4 81 1927 20
33.125 7968 3 80 1929 20
33.25 7968 3 78 1931 20
33.375 7968 3 77 1932 20
33.5 7968 3 75 1934 20
33.625 7968 3 73 1936 20
33.75 7968 3 73 1936 20
33.875 7968 3 71 1938 20
34 7968 3 70 1939 20
34.125 7968 3 68 1941 20
34.25 7968 3 65 1944 20
34.375 7968 3 63 1946 20
34.5 7968 3 62 1947 20
34.625 7968 3 61 1948 20
34.75 7968 3 59 1950 20
34.875 7968 3 58 1951 20
35 7968 3 56 1953 20
35.125 7968 3 56 1953 20
35.25 7968 3 54 1955 20
35.375 7968 3 52 1957 20
35.5 7968 3 52 1957 20
35.625 7967 4 51 1958 20
35.75 7967 4 48 1961 20
35.875 7967 4 48 1961 20
36 7967 3 47 1963 20
36.125 7967 2 48 1963 20
36.25 7967 2 47 1964 20
36.375 7967 2 47 1964 20
36.5 7967 1 46 1966 20
36.625 7967 1 45 1967 20
36.75 7967 1 44 1968 20
36.875 7967 1 44 1968 20
37 7967 1 44 1968 20
37.125 7967 1 43 1969 20
37.25 7967 1 43 1969 20
37.375 7967 1 43 1969 20
37.5 7967 1 43 1969 20
37.625 7967 1 43 1969 20
37.75 7967 1 43 1969 20
37.875 7967 1 42 1970 20
38 7967 1 40 1972 20
38.125 7967 1 40 1972 20
38.25 7967 1 38 1974 20
38.375 7967 1 37 1975 20
38.5 7967 1 36 1976 20
38.625 7967 1 36 1976 20
38.75 7966 2 35 1977 20
38.875 7966 2 35 1977 20
39 7966 2 34 1978 20
39.125 7966 2 32 1980 20
39.25 7966 2 30 1982 20
39.375 7966 2 30 1982 20
39.5 7966 2 30 1982 20
39.625 7966 2 30 1982 20
39.75 7966 2 30 1982 20
39.875 7966 2 30 1982 20
40 7966 2 29 1983 20
40.125 7966 2 29 1983 20
40.25 7966 2 29 1983 20
40.375 7966 2 29 1983 20
40.5 7966 2 29 1983 20
40.625 7966 2 29 1983 20
40.75 7966 0 31 1983 20
40.875 7966 0 31 1983 20
41 7966 0 30 1984 20
41.125 7966 0 30 1984 20
41.25 7966 0 27 1987 20
41.375 7966 0 27 1987 20
41.5 7966 0 26 1988 20
41.625 7966 0 25 1989 20
41.75 7966 0 24 1990 20
41.875 7966 0 24 1990 20
42 7966 0 24 1990 20
42.125 7966 0 23 1991 20
42.25 7966 0 23 1991 20
42.375 7966 0 23 1991 20
42.5 7966 0 23 1991 20
42.625 7965 1 23 1991 20
42.75 7965 1 23 1991 20
42.875 7965 1 23 1991 20
43 7965 1 22 1992 20
43.125 7965 1 21 1993 20
43.25 7965 1 21 1993 20
43.375 7965 1 20 1994 20
43.5 7965 1 20 1994 20
43.625 7965 0 21 1994 20
43.75 7965 0 21 1994 20
43.875 7965 0 21 1994 20
44 7965 0 21 1994 20
44.125 7965 0 21 1994 20
44.25 7965 0 21 1994 20
44.375 7965 0 21 1994 20
44.5 7965 0 21 1994 20
44.625 7965 0 21 1994 20
44.75 7965 0 20 1995 20
44.875 7965 0 20 1995 20
45 7965 0 20 1995 20
45.125 7965 0 19 1996 20
45.25 7965 0 19 1996 20
45.375 7965 0 19 1996 20
45.5 7965 0 19 1996 20
45.625 7965 0 18 1997 20
45.75 7965 0 17 1998 20
45.875 7965 0 17 1998 20
46 7965 0 17 1998 20
46.125 7965 0 17 1998 20
46.25 7965 0 16 1999 20
46.375 7965 0 16 1999 20
46.5 7965 0 15 2000 20
46.625 7965 0 15 2000 20
46.75 7965 0 15 2000 20
46.875 7965 0 15 2000 20
47 7965 0 15 2000 20
47.125 7965 0 13 2002 20
47.25 7965 0 13 2002 20
47.375 7965 0 13 2002 20
47.5 7965 0 12 2003 20
47.625 7965 0 12 2003 20
47.75 7965 0 11 2004 20
47.875 7965 0 11 2004 20
48 7965 0 11 2004 20
48.125 7965 0 9 2006 20
48.25 7965 0 9 2006 20
48.375 7965 0 9 2006 20
48.5 7965 0 9 2006 20
48.625 7965 0 9 2006 20
48.75 7965 0 9 2006 20
48.875 7965 0 9 2006 20
49 7965 0 9 2006 20
49.125 7965 0 8 2007 20
49.25 7965 0 8 2007 20
49.375 7965 0 8 2007 20
49.5 7965 0 7 2008 20
49.625 7965 0 7 2008 20
49.75 7965 0 7 2008 20
49.875 7965 0 7 2008 20
50 7965 0 6 2009 20
50.125 7965 0 5 2010 20
50.25 7965 0 5 2010 20
50.375 7965 0 5 2010 20
50.5 7965 0 5 2010 20
50.625 7965 0 5 2010 20
50.75 7965 0 5 2010 20
50.875 7965 0 5 2010 20
51 7965 0 5 2010 20
51.125 7965 0 5 2010 20
51.25 7965 0 5 2010 20
51.375 7965 0 5 2010 20
51.5 7965 0 4 2011 20
51.625 7965 0 4 2011 20
51.75 7965 0 4 2011 20
51.875 7965 0 4 2011 20
52 7965 0 4 2011 20
52.125 7965 0 4 2011 20
52.25 7965 0 4 2011 20
52.375 7965 0 4 2011 20
52.5 7965 0 4 2011 20
52.625 7965 0 4 2011 20
52.75 7965 0 3 2012 20
52.875 7965 0 3 2012 20
53 7965 0 3 2012 20
53.125 7965 0 3 2012 20
53.25 7965 0 3 2012 20
53.375 7965 0 3 2012 20
53.5 7965 0 3 2012 20
53.625 7965 0 3 2012 20
53.75 7965 0 3 2012 20
53.875 7965 0 3 2012 20
54 7965 0 3 2012 20
54.125 7965 0 3 2012 20
54.25 7965 0 3 2012 20
54.375 7965 0 3 2012 20
54.5 7965 0 3 2012 20
54.625 7965 0 3 2012 20
54.75 7965 0 3 2012 20
54.875 7965 0 3 2012 20
55 7965 0 3 2012 20
55.125 7965 0 3 2012 20
55.25 7965 0 3 2012 20
55.375 7965 0 3 2012 20
55.5 7965 0 3 2012 20
55.625 7965 0 3 2012 20
55.75 7965 0 3 2012 20
55.875 7965 0 2 2013 20
56 7965 0 2 2013 20
56.125 7965 0 2 2013 20
56.25 7965 0 2 2013 20
56.375 7965 0 2 2013 20
56.5 7965 0 2 2013 20
56.625 7965 0 2 2013 20
56.75 7965 0 2 2013 20
56.875 7965 0 2 2013 20
57 7965 0 1 2014 20
57.125 7965 0 1 2014 20
57.25 7965 0 1 2014 20
57.375 7965 0 1 2014 20
57.5 7965 0 1 2014 20
57.625 7965 0 1 2014 20
57.75 7965 0 1 2014 20
57.875 7965 0 1 2014 20
58 7965 0 1 2014 20
58.125 7965 0 1 2014 20
58.25 7965 0 1 2014 20
58.375 7965 0 1 2014 20
58.5 7965 0 1 2014 20
58.625 7965 0 1 2014 20
58.75 7965 0 1 2014 20
58.875 7965 0 1 2014 20
59 7965 0 1 2014 20
59.125 7965 0 1 2014 20
59.25 7965 0 1 2014 20
59.375 7965 0 1 2014 20
59.5 7965 0 1 2014 20
59.625 7965 0 1 2014 20
59.75 7965 0 1 2014 20
59.875 7965 0 1 2014 20
60 7965 0 1 2014 20
60.125 7965 0 0 2015 20
