t S E I R D
0 9999 0 1 0 0
0.125 9999 0 1 0 0
0.25 9999 0 1 0 0
0.375 9999 0 1 0 0
0.5 9999 0 1 0 0
0.625 9998 1 1 0 0
0.75 9998 1 1 0 0
0.875 9998 1 1 0 0
1 9998 1 1 0 0
1.125 9998 0 2 0 0
1.25 9998 0 2 0 0
1.375 9998 0 2 0 0
1.5 9998 0 2 0 0
1.625 9998 0 2 0 0
1.75 9997 1 2 0 0
1.875 9997 1 2 0 0
2 9997 1 2 0 0
2.125 9997 0 3 0 0
2.25 9997 0 3 0 0
2.375 9997 0 3 0 0
2.5 9997 0 3 0 0
2.625 9997 0 3 0 0
2.75 9997 0 3 0 0
2.875 9997 0 3 0 0
3 9997 0 3 0 0
3.125 9997 0 3 0 0
3.25 9997 0 3 0 0
3.375 9997 0 3 0 0
3.5 9997 0 3 0 0
3.625 9997 0 3 0 0
3.75 9996 1 3 0 0
3.875 9996 1 3 0 0
4 9996 1 3 0 0
4.125 9996 0 4 0 0
4.25 9996 0 4 0 0
4.375 9996 0 4 0 0
4.5 9995 1 4 0 0
4.625 9993 3 3 1 0
4.75 9993 3 3 1 0
4.875 9993 3 3 1 0
5 9993 3 3 1 0
5.125 9991 5 3 1 0
5.25 9991 4 4 1 0
5.375 9991 4 4 1 0
5.5 9991 4 4 1 0
5.625 9991 3 5 1 0
5.75 9991 3 4 2 0
5.875 9991 3 4 2 0
6 9991 3 4 2 0
6.125 9991 3 4 2 0
6.25 9991 3 4 2 0
6.375 9991 3 4 2 0
6.5 9991 3 4 2 0
6.625 9990 4 4 2 0
6.75 9990 4 3 3 0
6.875 9990 4 3 3 0
7 9990 4 3 3 0
7.125 9990 4 3 3 0
7.25 9989 5 3 3 0
7.375 9989 4 4 3 0
7.5 9989 3 5 3 0
7.625 9989 3 5 3 0
7.75 9989 2 6 3 0
7.875 9989 2 6 3 0
8 9989 2 6 3 0
8.125 9988 3 6 3 0
8.25 9987 4 6 3 0
8.375 9987 4 6 3 0
8.5 9986 5 6 3 0
8.625 9986 5 5 4 0
8.75 9986 5 4 5 0
8.875 9986 5 4 5 0
9 9986 5 4 5 0
9.125 9986 4 5 5 0
9.25 9986 4 5 5 0
9.375 9986 3 6 5 0
9.5 9986 3 5 6 0
9.625 9985 4 5 6 0
9.75 9985 4 4 7 0
9.875 9982 7 4 7 0
10 9982 7 4 7 0
10.125 9981 8 3 8 0
10.25 9980 8 4 8 0
10.375 9979 9 4 8 0
10.5 9977 10 5 8 0
10.625 9974 12 6 8 0
10.75 9973 12 7 8 0
10.875 9971 14 7 8 0
11 9969 16 7 8 0
11.125 9967 17 8 8 0
11.25 9966 16 10 8 0
11.375 9966 16 10 8 0
11.5 9964 17 11 8 0
11.625 9962 18 12 8 0
11.75 9961 17 14 8 0
11.875 9956 21 15 8 0
12 9954 22 15 9 0
12.125 9953 22 15 10 0
12.25 9950 25 15 10 0
12.375 9947 26 15 12 0
12.5 9947 25 16 12 0
12.625 9946 25 16 13 0
12.75 9943 25 18 14 0
12.875 9941 26 18 15 0
13 9937 27 19 17 0
13.125 9934 29 19 18 0
13.25 9932 29 21 18 0
13.375 9926 33 23 18 0
13.5 9926 32 24 18 0
13.625 9926 31 23 20 0
13.75 9924 32 23 21 0
13.875 9923 33 21 23 0
14 9921 32 24 23 0
14.125 9921 30 26 23 0
14.25 9920 30 27 23 0
14.375 9917 30 30 23 0
14.5 9914 32 30 24 0
14.625 9914 31 31 24 0
14.75 9913 30 33 24 0
14.875 9910 29 37 24 0
15 9899 39 37 25 0
15.125 9887 50 38 25 0
15.25 9865 70 40 25 0
15.375 9842 90 43 25 0
15.5 9826 100 49 25 0
15.625 9794 124 57 25 0
15.75 9766 143 64 27 0
15.875 9742 160 70 28 0
16 9717 178 77 28 0
16.125 9675 204 88 33 0
16.25 9651 213 103 33 0
16.375 9618 230 119 33 0
16.5 9588 247 130 35 0
16.625 9559 259 145 37 0
16.75 9531 267 161 41 0
16.875 9501 281 173 45 0
17 9471 290 192 47 0
17.125 9446 297 208 49 0
17.25 9405 325 218 52 0
17.375 9371 338 231 60 0
17.5 9336 352 250 62 0
17.625 9288 380 261 71 0
17.75 9250 399 274 77 0
17.875 9200 419 303 78 0
18 9149 446 321 83 1
18.125 9105 465 342 87 1
18.25 9070 468 365 96 1
18.375 9038 477 373 111 1
18.5 9001 482 401 115 1
18.625 8967 486 419 127 1
18.75 8940 490 434 134 2
18.875 8906 486 461 144 3
19 8876 473 490 158 3
19.125 8838 481 509 168 4
19.25 8818 471 529 178 4
19.375 8787 477 537 195 4
19.5 8757 479 551 209 4
19.625 8731 473 573 219 4
19.75 8716 469 585 226 4
19.875 8703 457 600 236 4
20 8685 449 617 245 4
20.125 8668 435 638 255 4
20.25 8657 420 652 266 5
20.375 8646 401 668 280 5
20.5 8631 396 668 300 5
20.625 8618 385 680 312 5
20.75 8606 374 689 326 5
20.875 8597 364 694 340 5
21 8586 352 696 361 5
21.125 8579 339 703 374 5
21.25 8571 319 712 393 5
21.375 8562 313 715 405 5
21.5 8553 301 730 411 5
21.625 8543 291 740 421 5
21.75 8531 287 743 434 5
21.875 8522 281 744 448 5
22 8511 276 740 468 5
22.125 8505 271 742 477 5
22.25 8496 266 741 492 5
22.375 8489 254 747 505 5
22.5 8482 244 750 518 6
22.625 8474 236 756 528 6
22.75 8464 229 761 540 6
22.875 8458 220 761 555 6
23 8443 221 763 567 6
23.125 8436 220 755 583 6
23.25 8429 213 745 607 6
23.375 8424 207 739 623 7
23.5 8418 198 744 633 7
23.625 8415 188 741 649 7
23.75 8413 176 738 666 7
23.875 8408 173 728 683 8
24 8403 170 714 704 9
24.125 8399 158 709 725 9
24.25 8392 157 705 737 9
24.375 8390 150 705 746 9
24.5 8385 147 696 763 9
24.625 8380 144 690 777 9
24.75 8379 133 689 790 9
24.875 8375 128 683 805 9
25 8371 122 677 821 9
25.125 8368 116 674 833 9
25.25 8365 115 661 850 9
25.375 8364 108 656 863 9
25.5 8363 100 643 884 10
25.625 8361 99 632 898 10
25.75 8358 96 618 918 10
25.875 8357 88 612 933 10
26 8355 86 605 944 10
26.125 8353 81 598 958 10
26.25 8352 75 587 976 10
26.375 8349 75 580 986 10
26.5 8347 71 571 1001 10
26.625 8344 69 553 1024 10
26.75 8343 63 542 1042 10
26.875 8342 58 538 1052 10
27 8341 57 528 1064 10
27.125 8341 53 522 1074 10
27.25 8340 52 508 1090 10
27.375 8339 49 502 1100 10
27.5 8338 49 492 1111 10
27.625 8337 46 486 1121 10
27.75 8334 45 479 1132 10
27.875 8332 43 473 1142 10
28 8330 40 464 1156 10
28.125 8328 41 455 1166 10
28.25 8328 40 446 1175 11
28.375 8327 39 437 1186 11
28.5 8324 41 431 1192 12
28.625 8322 42 421 1203 12
28.75 8321 36 426 1205 12
28.875 8321 33 421 1212 13
29 8320 31 415 1221 13
29.125 8315 35 403 1234 13
29.25 8315 32 400 1240 13
29.375 8315 29 398 1245 13
29.5 8315 26 390 1256 13
29.625 8313 25 387 1262 13
29.75 8311 25 380 1271 13
29.875 8309 26 375 1276 14
30 8308 24 374 1280 14
30.125 8308 22 372 1284 14
30.25 8308 21 367 1290 14
30.375 8306 22 358 1300 14
30.5 8304 21 352 1309 14
30.625 8304 21 342 1318 15
30.75 8304 19 337 1325 15
30.875 8304 18 329 1334 15
31 8304 18 322 1341 15
31.125 8304 17 316 1348 15
31.25 8304 16 313 1352 15
31.375 8303 16 305 1361 15
31.5 8302 17 294 1371 16
31.625 8301 17 290 1375 17
31.75 8301 16 285 1381 17
31.875 8299 17 280 1387 17
32 8299 17 275 1392 17
32.125 8298 18 271 1396 17
32.25 8297 18 265 1403 17
32.375 8297 16 258 1412 17
32.5 8297 16 252 1418 17
32.625 8297 15 250 1421 17
32.75 8297 15 245 1426 17
32.875 8297 15 239 1432 17
33 8297 14 235 1437 17
33.125 8296 14 232 1441 17
33.25 8296 11 231 1445 17
33.375 8295 11 229 1448 17
33.5 8293 13 226 1451 17
33.625 8293 12 220 1458 17
33.75 8293 11 212 1467 17
33.875 8293 9 209 1472 17
34 8293 9 203 1478 17
34.125 8293 9 200 1481 17
34.25 8293 9 195 1486 17
34.375 8293 8 191 1491 17
34.5 8293 8 187 1495 17
34.625 8293 8 184 1498 17
34.75 8293 8 178 1503 18
34.875 8293 8 174 1507 18
35 8293 8 168 1513 18
35.125 8293 7 164 1518 18
35.25 8293 7 160 1522 18
35.375 8293 7 159 1523 18
35.5 8293 6 157 1526 18
35.625 8293 6 155 1527 19
35.75 8293 6 153 1528 20
35.875 8293 6 147 1534 20
36 8293 6 146 1535 20
36.125 8292 7 144 1537 20
36.25 8292 7 140 1541 20
36.375 8292 7 135 1546 20
36.5 8292 7 131 1550 20
36.625 8292 4 134 1550 20
36.75 8292 4 133 1551 20
36.875 8292 4 128 1556 20
37 8292 4 123 1561 20
37.125 8292 3 122 1563 20
37.25 8292 3 120 1565 20
37.375 8292 3 117 1568 20
37.5 8292 3 112 1573 20
37.625 8292 3 109 1576 20
37.75 8292 3 109 1576 20
37.875 8292 3 106 1579 20
38 8292 3 105 1580 20
38.125 8292 2 105 1581 20
38.25 8292 1 105 1582 20
38.375 8292 1 100 1587 20
38.5 8292 1 97 1590 20
38.625 8292 1 96 1591 20
38.75 8292 1 93 1594 20
38.875 8292 1 92 1595 20
39 8292 1 90 1597 20
39.125 8292 1 87 1600 20
39.25 8292 1 82 1605 20
39.375 8292 1 78 1609 20
39.5 8292 1 76 1611 20
39.625 8292 1 75 1612 20
39.75 8292 0 75 1613 20
39.875 8292 0 75 1613 20
40 8292 0 74 1614 20
40.125 8292 0 71 1617 20
40.25 8292 0 69 1619 20
40.375 8292 0 66 1622 20
40.5 8292 0 65 1623 20
40.625 8292 0 64 1624 20
40.75 8292 0 61 1627 20
40.875 8292 0 58 1630 20
41 8292 0 57 1631 20
41.125 8292 0 57 1631 20
41.25 8292 0 57 1631 20
41.375 8292 0 57 1631 20
41.5 8292 0 55 1633 20
41.625 8292 0 54 1634 20
41.75 8292 0 50 1638 20
41.875 8292 0 50 1638 20
42 8292 0 49 1639 20
42.125 8292 0 47 1641 20
42.25 8292 0 47 1641 20
42.375 8292 0 44 1644 20
42.5 8292 0 44 1644 20
42.625 8292 0 42 1646 20
42.75 8292 0 41 1647 20
42.875 8292 0 41 1647 20
43 8292 0 41 1647 20
43.125 8292 0 40 1648 20
43.25 8292 0 39 1649 20
43.375 8292 0 38 1650 20
43.5 8292 0 38 1650 20
43.625 8292 0 38 1650 20
43.75 8292 0 38 1650 20
43.875 8292 0 38 1650 20
44 8292 0 37 1651 20
44.125 8292 0 36 1652 20
44.25 8292 0 36 1652 20
44.375 8292 0 36 1652 20
44.5 8292 0 35 1653 20
44.625 8292 0 34 1654 20
44.75 8292 0 34 1654 20
44.875 8292 0 32 1656 20
45 8292 0 31 1657 20
45.125 8292 0 31 1657 20
45.25 8292 0 31 1657 20
45.375 8292 0 31 1657 20
45.5 8292 0 31 1657 20
45.625 8292 0 31 1657 20
45.75 8292 0 31 1657 20
45.875 8292 0 31 1657 20
46 8292 0 30 1658 20
46.125 8292 0 30 1658 20
46.25 8292 0 29 1659 20
46.375 8292 0 29 1659 20
46.5 8292 0 29 1659 20
46.625 8292 0 28 1660 20
46.75 8292 0 28 1660 20
46.875 8292 0 26 1662 20
47 8292 0 26 1662 20
47.125 8292 0 25 1663 20
47.25 8292 0 25 1663 20
47.375 8292 0 25 1663 20
47.5 8292 0 24 1664 20
47.625 8292 0 24 1664 20
47.75 8292 0 24 1664 20
47.875 8292 0 23 1665 20
48 8292 0 21 1667 20
48.125 8292 0 21 1667 20
48.25 8292 0 21 1667 20
48.375 8292 0 21 1667 20
48.5 8292 0 20 1667 21
48.625 8292 0 20 1667 21
48.75 8292 0 20 1667 21
48.875 8292 0 20 1667 21
49 8292 0 20 1667 21
49.125 8292 0 20 1667 21
49.25 8292 0 20 1667 21
49.375 8292 0 20 1667 21
49.5 8292 0 19 1668 21
49.625 8292 0 19 1668 21
49.75 8292 0 19 1668 21
49.875 8292 0 19 1668 21
50 8292 0 19 1668 21
50.125 8292 0 19 1668 21
50.25 8292 0 19 1668 21
50.375 8292 0 19 1668 21
50.5 8292 0 19 1668 21
50.625 8292 0 19 1668 21
50.75 8292 0 19 1668 21
50.875 8292 0 18 1669 21
51 8292 0 17 1670 21
51.125 8292 0 17 1670 21
51.25 8292 0 17 1670 21
51.375 8292 0 16 1671 21
51.5 8292 0 16 1671 21
51.625 8292 0 16 1671 21
51.75 8292 0 16 1671 21
51.875 8292 0 15 1672 21
52 8292 0 15 1672 21
52.125 8292 0 15 1672 21
52.25 8292 0 15 1672 21
52.375 8292 0 15 1672 21
52.5 8292 0 15 1672 21
52.625 8292 0 15 1672 21
52.75 8292 0 15 1672 21
52.875 8292 0 15 1672 21
53 8292 0 15 1672 21
53.125 8292 0 15 1672 21
53.25 8292 0 15 1672 21
53.375 8292 0 15 1672 21
53.5 8292 0 15 1672 21
53.625 8292 0 15 1672 21
53.75 8292 0 15 1672 21
53.875 8292 0 15 1672 21
54 8292 0 15 1672 21
54.125 8292 0 15 1672 21
54.25 8292 0 14 1673 21
54.375 8292 0 14 1673 21
54.5 8292 0 14 1673 21
54.625 8292 0 13 1674 21
54.75 8292 0 13 1674 21
54.875 8292 0 13 1674 21
55 8292 0 12 1675 21
55.125 8292 0 12 1675 21
55.25 8292 0 12 1675 21
55.375 8292 0 12 1675 21
55.5 8292 0 11 1676 21
55.625 8292 0 11 1676 21
55.75 8292 0 11 1676 21
55.875 8292 0 11 1676 21
56 8292 0 11 1676 21
56.125 8292 0 11 1676 21
56.25 8292 0 10 1677 21
56.375 8292 0 9 1678 21
56.5 8292 0 9 1678 21
56.625 8292 0 9 1678 21
56.75 8292 0 9 1678 21
56.875 8292 0 9 1678 21
57 8292 0 9 1678 21
57.125 8292 0 9 1678 21
57.25 8292 0 9 1678 21
57.375 8291 1 9 1678 21
57.5 8291 1 9 1678 21
57.625 8291 0 9 1679 21
57.75 8291 0 9 1679 21
57.875 8291 0 9 1679 21
58 8291 0 8 1680 21
58.125 8291 0 8 1680 21
58.25 8291 0 7 1681 21
58.375 8291 0 7 1681 21
58.5 8291 0 7 1681 21
58.625 8291 0 7 1681 21
58.75 8291 0 7 1681 21
58.875 8291 0 7 1681 21
59 8291 0 7 1681 21
59.125 8291 0 7 1681 21
59.25 8291 0 7 1681 21
59.375 8291 0 7 1681 21
59.5 8291 0 7 1681 21
59.625 8291 0 7 1681 21
59.75 8291 0 6 1682 21
59.875 8291 0 6 1682 21
60 8291 0 6 1682 21
60.125 8291 0 6 1682 21
60.25 8291 0 6 1682 21
60.375 8291 0 6 1682 21
60.5 8291 0 5 1683 21
60.625 8291 0 5 1683 21
60.75 8291 0 5 1683 21
60.875 8291 0 5 1683 21
61 8291 0 4 1684 21
61.125 8291 0 4 1684 21
61.25 8291 0 3 1685 21
61.375 8291 0 3 1685 21
61.5 8291 0 3 1685 21
61.625 8291 0 2 1686 21
61.75 8291 0 2 1686 21
61.875 8291 0 2 1686 21
62 8291 0 2 1686 21
62.125 8291 0 2 1686 21
62.25 8291 0 2 1686 21
62.375 8291 0 2 1686 21
62.5 8291 0 2 1686 21
62.625 8291 0 2 1686 21
62.75 8291 0 2 1686 21
62.875 8291 0 2 1686 21
63 8291 0 2 1686 21
63.125 8291 0 2 1686 21
63.25 8291 0 2 1686 21
63.375 8291 0 2 1686 21
63.5 8291 0 2 1686 21
63.625 8291 0 2 1686 21
63.75 8291 0 2 1686 21
63.875 8291 0 2 1686 21
64 8291 0 2 1686 21
64.125 8291 0 2 1686 21
64.25 8291 0 2 1686 21
64.375 8291 0 2 1686 21
64.5 8291 0 2 1686 21
64.625 8291 0 2 1686 21
64.75 8291 0 2 1686 21
64.875 8291 0 2 1686 21
65 8291 0 2 1686 21
65.125 8291 0 2 1686 21
65.25 8291 0 2 1686 21
65.375 8291 0 2 1686 21
65.5 8291 0 2 1686 21
65.625 8291 0 2 1686 21
65.75 8291 0 2 1686 21
65.875 8291 0 2 1686 21
66 8291 0 2 1686 21
66.125 8291 0 2 1686 21
66.25 8291 0 2 1686 21
66.375 8291 0 2 1686 21
66.5 8291 0 2 1686 21
66.625 8291 0 2 1686 21
66.75 8291 0 2 1686 21
66.875 8291 0 2 1686 21
67 8291 0 2 1686 21
67.125 8291 0 2 1686 21
67.25 8291 0 2 1686 21
67.375 8291 0 2 1686 21
67.5 8291 0 2 1686 21
67.625 8291 0 2 1686 21
67.75 8291 0 2 1686 21
67.875 8291 0 2 1686 21
68 8291 0 2 1686 21
68.125 8291 0 2 1686 21
68.25 8291 0 2 1686 21
68.375 8291 0 2 1686 21
68.5 8291 0 2 1686 21
68.625 8291 0 2 1686 21
68.75 8291 0 2 1686 21
68.875 8291 0 2 1686 21
69 8291 0 2 1686 21
69.125 8291 0 2 1686 21
69.25 8291 0 2 1686 21
69.375 8291 0 2 1686 21
69.5 8291 0 2 1686 21
69.625 8291 0 2 1686 21
69.75 8291 0 2 1686 21
69.875 8291 0 2 1686 21
70 8291 0 2 1686 21
70.125 8291 0 2 1686 21
70.25 8291 0 2 1686 21
70.375 8291 0 2 1686 21
70.5 8291 0 2 1686 21
70.625 8291 0 2 1686 21
70.75 8291 0 2 1686 21
70.875 8291 0 2 1686 21
71 8291 0 2 1686 21
71.125 8291 0 2 1686 21
71.25 8291 0 2 1686 21
71.375 8291 0 2 1686 21
71.5 8291 0 2 1686 21
71.625 8291 0 2 1686 21
71.75 8291 0 2 1686 21
71.875 8291 0 2 1686 21
72 8291 0 2 1686 21
72.125 8291 0 2 1686 21
72.25 8291 0 2 1686 21
72.375 8291 0 2 1686 21
72.5 8291 0 2 1686 21
72.625 8291 0 2 1686 21
72.75 8291 0 2 1686 21
72.875 8291 0 2 1686 21
73 8291 0 2 1686 21
73.125 8291 0 2 1686 21
73.25 8291 0 2 1686 21
73.375 8291 0 2 1686 21
73.5 8291 0 2 1686 21
73.625 8291 0 2 1686 21
73.75 8291 0 2 1686 21
73.875 8291 0 2 1686 21
74 8291 0 2 1686 21
74.125 8291 0 1 1687 21
74.25 8291 0 1 1687 21
74.375 8291 0 1 1687 21
74.5 8291 0 1 1687 21
74.625 8291 0 1 1687 21
74.75 8291 0 1 1687 21
74.875 8291 0 1 1687 21
75 8291 0 1 1687 21
75.125 8291 0 1 1687 21
75.25 8291 0 1 1687 21
75.375 8291 0 1 1687 21
75.5 8291 0 1 1687 21
75.625 8291 0 1 1687 21
75.75 8291 0 1 1687 21
75.875 8291 0 1 1687 21
76 8291 0 1 1687 21
76.125 8291 0 1 1687 21
76.25 8291 0 1 1687 21
76.375 8291 0 1 1687 21
76.5 8291 0 1 1687 21
76.625 8291 0 1 1687 21
76.75 8291 0 1 1687 21
76.875 8291 0 1 1687 21
77 8291 0 1 1687 21
77.125 8291 0 1 1687 21
77.25 8291 0 1 1687 21
77.375 8291 0 1 1687 21
77.5 8291 0 1 1687 21
77.625 8291 0 1 1687 21
77.75 8291 0 1 1687 21
77.875 8291 0 1 1687 21
78 8291 0 1 1687 21
78.125 8291 0 1 1687 21
78.25 8291 0 1 1687 21
78.375 8291 0 1 1687 21
78.5 8291 0 1 1687 21
78.625 8291 0 1 1687 21
78.75 8291 0 1 1687 21
78.875 8291 0 1 1687 21
79 8291 0 1 1687 21
79.125 8291 0 1 1687 21
79.25 8291 0 1 1687 21
79.375 8291 0 1 1687 21
79.5 8291 0 1 1687 21
79.625 8291 0 1 1687 21
79.75 8291 0 1 1687 21
79.875 8291 0 1 1687 21
80 8291 0 1 1687 21
80.125 8291 0 1 1687 21
80.25 8291 0 1 1687 21
80.375 8291 0 1 1687 21
80.5 8291 0 1 1687 21
80.625 8291 0 1 1687 21
80.75 8291 0 0 1688 21
