t S E I R D
0 9998 0 2 0 0
0.125 9997 1 2 0 0
0.25 9997 0 3 0 0
0.375 9996 1 3 0 0
0.5 9995 2 3 0 0
0.625 9994 3 3 0 0
0.75 9994 3 3 0 0
0.875 9994 2 4 0 0
1 9993 3 4 0 0
1.125 9992 3 5 0 0
1.25 9991 4 5 0 0
1.375 9990 4 6 0 0
1.5 9981 11 8 0 0
1.625 9973 17 10 0 0
1.75 9964 24 12 0 0
1.875 9951 36 13 0 0
2 9935 48 17 0 0
2.125 9924 59 16 1 0
2.25 9911 69 19 1 0
2.375 9897 77 25 1 0
2.5 9879 92 28 1 0
2.625 9861 102 36 1 0
2.75 9843 111 45 1 0
2.875 9823 124 51 2 0
3 9800 139 57 4 0
3.125 9786 146 62 6 0
3.25 9779 150 61 10 0
3.375 9771 149 70 10 0
3.5 9762 148 78 12 0
3.625 9741 160 86 13 0
3.75 9723 168 95 14 0
3.875 9701 182 103 14 0
4 9676 196 111 17 0
4.125 9656 197 126 21 0
4.25 9638 204 136 22 0
4.375 9609 216 151 24 0
4.5 9579 229 162 30 0
4.625 9556 240 168 36 0
4.75 9522 264 176 38 0
4.875 9500 273 184 43 0
5 9463 291 199 47 0
5.125 9418 314 218 50 0
5.25 9371 342 230 56 1
5.375 9366 326 247 60 1
5.5 9357 318 258 66 1
5.625 9348 301 279 71 1
5.75 9343 286 293 77 1
5.875 9335 279 306 79 1
6 9321 278 315 85 1
6.125 9315 261 329 94 1
6.25 9304 257 338 100 1
6.375 9292 253 347 107 1
6.5 9282 242 358 117 1
6.625 9272 236 365 126 1
6.75 9271 223 367 137 2
6.875 9266 213 374 145 2
7 9260 207 377 154 2
7.125 9256 194 388 160 2
7.25 9246 197 387 168 2
7.375 9244 187 391 175 3
7.5 9242 178 397 180 3
7.625 9236 179 394 187 4
7.75 9231 175 391 198 5
7.875 9226 166 399 204 5
8 9223 158 400 214 5
8.125 9222 149 398 226 5
8.25 9221 136 404 234 5
8.375 9220 130 404 241 5
8.5 9217 122 402 254 5
8.625 9216 114 405 260 5
8.75 9213 112 403 267 5
8.875 9212 110 399 274 5
9 9209 106 399 281 5
9.125 9206 103 397 289 5
9.25 9203 102 395 295 5
9.375 9201 92 400 302 5
9.5 9200 88 402 305 5
9.625 9199 88 398 310 5
9.75 9194 85 396 320 5
9.875 9193 82 385 335 5
10 9190 74 388 343 5
10.125 9189 68 385 353 5
10.25 9189 63 386 357 5
10.375 9187 62 382 364 5
10.5 9186 53 379 377 5
10.625 9186 49 378 382 5
10.75 9185 48 378 384 5
10.875 9183 47 372 393 5
11 9180 46 372 397 5
11.125 9179 44 368 404 5
11.25 9177 42 370 406 5
11.375 9177 38 365 415 5
11.5 9176 36 361 422 5
11.625 9175 34 358 428 5
11.75 9171 33 355 436 5
11.875 9170 33 351 441 5
12 9166 35 344 450 5
12.125 9165 35 341 453 6
12.25 9164 34 334 462 6
12.375 9162 33 334 465 6
12.5 9159 33 332 470 6
12.625 9156 33 328 476 7
12.75 9153 35 323 482 7
12.875 9153 34 313 493 7
13 9151 33 310 499 7
13.125 9149 32 307 505 7
13.25 9148 30 302 513 7
13.375 9146 29 297 521 7
13.5 9144 29 292 528 7
13.625 9144 28 285 536 7
13.75 9143 28 282 540 7
13.875 9142 27 279 545 7
14 9142 27 275 549 7
14.125 9140 27 268 558 7
14.25 9139 27 262 565 7
14.375 9139 24 255 575 7
14.5 9138 25 252 578 7
14.625 9138 23 249 583 7
14.75 9138 21 246 588 7
14.875 9137 22 239 595 7
15 9134 24 234 601 7
15.125 9132 24 227 610 7
15.25 9131 24 227 611 7
15.375 9130 23 227 613 7
15.5 9129 24 223 617 7
15.625 9129 22 222 620 7
15.75 9129 22 216 626 7
15.875 9127 22 214 630 7
16 9126 22 213 632 7
16.125 9125 20 211 636 8
16.25 9124 19 209 640 8
16.375 9123 20 204 645 8
16.5 9122 20 199 650 9
16.625 9121 20 198 652 9
16.75 9118 23 192 658 9
16.875 9117 22 188 664 9
17 9117 19 188 667 9
17.125 9115 21 184 671 9
17.25 9115 19 181 676 9
17.375 9114 19 180 678 9
17.5 9113 19 175 684 9
17.625 9112 19 172 688 9
17.75 9111 17 171 692 9
17.875 9110 18 167 696 9
18 9109 18 165 699 9
18.125 9108 18 162 703 9
18.25 9107 18 162 704 9
18.375 9107 18 161 705 9
18.5 9106 15 162 708 9
18.625 9105 14 163 709 9
18.75 9105 12 158 716 9
18.875 9105 12 156 718 9
19 9103 11 155 722 9
19.125 9103 9 151 728 9
19.25 9102 10 144 734 10
19.375 9102 8 142 738 10
19.5 9101 9 139 741 10
19.625 9101 8 139 742 10
19.75 9100 8 134 748 10
19.875 9100 8 128 754 10
20 9100 7 123 760 10
20.125 9100 7 121 762 10
20.25 9100 7 118 765 10
20.375 9100 7 114 769 10
20.5 9100 7 108 774 11
20.625 9100 7 105 777 11
20.75 9100 6 104 779 11
20.875 9100 6 102 781 11
21 9100 6 102 781 11
21.125 9100 6 99 784 11
21.25 9100 6 96 787 11
21.375 9100 5 97 787 11
21.5 9100 4 96 789 11
21.625 9100 4 95 790 11
21.75 9100 4 94 791 11
21.875 9100 4 93 792 11
22 9100 3 91 795 11
22.125 9100 3 90 796 11
22.25 9100 3 87 799 11
22.375 9100 3 85 801 11
22.5 9100 3 83 803 11
22.625 9100 3 81 805 11
22.75 9100 3 80 806 11
22.875 9100 2 78 809 11
23 9100 1 77 811 11
23.125 9100 0 75 814 11
23.25 9100 0 74 815 11
23.375 9100 0 74 815 11
23.5 9099 1 72 817 11
23.625 9098 2 71 818 11
23.75 9098 2 71 818 11
23.875 9098 2 67 822 11
24 9098 2 67 822 11
24.125 9098 2 64 825 11
24.25 9098 2 62 827 11
24.375 9098 2 60 829 11
24.5 9098 2 58 831 11
24.625 9098 2 58 831 11
24.75 9098 2 56 833 11
24.875 9098 2 56 833 11
25 9098 2 54 835 11
25.125 9098 1 53 837 11
25.25 9098 1 53 837 11
25.375 9098 1 51 838 12
25.5 9098 1 50 839 12
25.625 9098 1 48 841 12
25.75 9098 1 48 841 12
25.875 9098 1 47 842 12
26 9098 1 45 844 12
26.125 9098 1 42 847 12
26.25 9097 2 39 850 12
26.375 9097 2 39 850 12
26.5 9097 2 39 850 12
26.625 9097 2 39 850 12
26.75 9097 2 37 851 13
26.875 9097 2 35 853 13
27 9097 2 34 854 13
27.125 9097 1 35 854 13
27.25 9097 0 35 855 13
27.375 9097 0 34 856 13
27.5 9097 0 32 858 13
27.625 9097 0 30 860 13
27.75 9097 0 30 860 13
27.875 9097 0 30 860 13
28 9097 0 30 860 13
28.125 9097 0 29 861 13
28.25 9097 0 29 861 13
28.375 9097 0 29 861 13
28.5 9097 0 27 863 13
28.625 9097 0 26 864 13
28.75 9097 0 25 865 13
28.875 9097 0 25 865 13
29 9097 0 25 865 13
29.125 9097 0 25 865 13
29.25 9097 0 25 865 13
29.375 9097 0 24 866 13
29.5 9097 0 24 866 13
29.625 9097 0 21 869 13
29.75 9097 0 21 869 13
29.875 9097 0 20 870 13
30 9097 0 20 870 13
30.125 9097 0 20 870 13
30.25 9097 0 19 871 13
30.375 9097 0 18 872 13
30.5 9097 0 17 873 13
30.625 9097 0 16 874 13
30.75 9097 0 16 874 13
30.875 9097 0 15 875 13
31 9097 0 14 876 13
31.125 9097 0 12 878 13
31.25 9097 0 12 878 13
31.375 9097 0 12 878 13
31.5 9097 0 12 878 13
31.625 9097 0 12 878 13
31.75 9097 0 12 878 13
31.875 9097 0 12 878 13
32 9097 0 12 878 13
32.125 9097 0 12 878 13
32.25 9097 0 11 879 13
32.375 9097 0 10 880 13
32.5 9097 0 10 880 13
32.625 9097 0 10 880 13
32.75 9097 0 10 880 13
32.875 9097 0 10 880 13
33 9097 0 10 880 13
33.125 9097 0 10 880 13
33.25 9097 0 10 880 13
33.375 9097 0 9 881 13
33.5 9097 0 9 881 13
33.625 9097 0 9 881 13
33.75 9097 0 9 881 13
33.875 9097 0 9 881 13
34 9097 0 9 881 13
34.125 9097 0 8 882 13
34.25 9097 0 7 883 13
34.375 9097 0 7 883 13
34.5 9097 0 7 883 13
34.625 9097 0 7 883 13
34.75 9097 0 7 883 13
34.875 9097 0 6 884 13
35 9097 0 6 884 13
35.125 9097 0 6 884 13
35.25 9097 0 4 886 13
35.375 9097 0 4 886 13
35.5 9097 0 4 886 13
35.625 9097 0 4 886 13
35.75 9097 0 4 886 13
35.875 9097 0 4 886 13
36 9097 0 4 886 13
36.125 9097 0 4 886 13
36.25 9097 0 4 886 13
36.375 9097 0 4 886 13
36.5 9097 0 4 886 13
36.625 9097 0 4 886 13
36.75 9097 0 4 886 13
36.875 9097 0 4 886 13
37 9097 0 4 886 13
37.125 9097 0 4 886 13
37.25 9097 0 4 886 13
37.375 9097 0 4 886 13
37.5 9097 0 4 886 13
37.625 9097 0 2 888 13
37.75 9097 0 2 888 13
37.875 9097 0 2 888 13
38 9097 0 2 888 13
38.125 9097 0 2 888 13
38.25 9097 0 2 888 13
38.375 9097 0 2 888 13
38.5 9097 0 2 888 13
38.625 9097 0 2 888 13
38.75 9097 0 2 888 13
38.875 9097 0 2 888 13
39 9097 0 2 888 13
39.125 9097 0 2 888 13
39.25 9097 0 2 888 13
39.375 9097 0 2 888 13
39.5 9097 0 2 888 13
39.625 9097 0 2 888 13
39.75 9097 0 2 888 13
39.875 9097 0 2 888 13
40 9097 0 2 888 13
40.125 9097 0 2 888 13
40.25 9097 0 2 888 13
40.375 9097 0 2 888 13
40.5 9097 0 2 888 13
40.625 9097 0 2 888 13
40.75 9097 0 2 888 13
40.875 9097 0 2 888 13
41 9097 0 1 889 13
41.125 9097 0 1 889 13
41.25 9097 0 1 889 13
41.375 9097 0 1 889 13
41.5 9097 0 1 889 13
41.625 9097 0 1 889 13
41.75 9097 0 1 889 13
41.875 9097 0 1 889 13
42 9097 0 1 889 13
42.125 9097 0 0 890 13
