t S E I R D
0 9999 0 1 0 0
0.125 9999 0 1 0 0
0.25 9999 0 1 0 0
0.375 9999 0 1 0 0
0.5 9999 0 1 0 0
0.625 9998 1 1 0 0
0.75 9998 1 1 0 0
0.875 9998 1 1 0 0
1 9998 1 1 0 0
1.125 9998 1 1 0 0
1.25 9998 1 1 0 0
1.375 9997 2 1 0 0
1.5 9996 3 1 0 0
1.625 9996 3 1 0 0
1.75 9996 3 1 0 0
1.875 9996 3 1 0 0
2 9996 3 1 0 0
2.125 9996 3 1 0 0
2.25 9996 3 1 0 0
2.375 9996 3 1 0 0
2.5 9996 2 2 0 0
2.625 9992 5 3 0 0
2.75 9985 11 4 0 0
2.875 9979 17 4 0 0
3 9974 22 4 0 0
3.125 9973 21 6 0 0
3.25 9969 24 7 0 0
3.375 9963 27 7 3 0
3.5 9961 28 8 3 0
3.625 9958 31 7 4 0
3.75 9956 31 8 5 0
3.875 9954 31 10 5 0
4 9950 29 16 5 0
4.125 9944 34 17 5 0
4.25 9944 32 18 6 0
4.375 9938 36 20 6 0
4.5 9934 37 23 6 0
4.625 9928 43 22 7 0
4.75 9920 47 25 8 0
4.875 9908 57 27 8 0
5 9891 65 36 8 0
5.125 9878 72 42 8 0
5.25 9873 69 49 9 0
5.375 9861 78 51 10 0
5.5 9853 85 50 12 0
5.625 9844 89 54 13 0
5.75 9834 90 61 15 0
5.875 9820 95 68 17 0
6 9807 103 71 19 0
6.125 9793 107 81 19 0
6.25 9771 123 85 21 0
6.375 9756 133 87 24 0
6.5 9733 141 101 25 0
6.625 9690 176 107 27 0
6.75 9674 183 116 27 0
6.875 9650 197 126 27 0
7 9631 203 137 29 0
7.125 9611 211 147 31 0
7.25 9582 226 160 32 0
7.375 9557 244 162 37 0
7.5 9534 244 181 41 0
7.625 9512 248 195 45 0
7.75 9484 262 203 51 0
7.875 9463 269 211 57 0
8 9423 302 215 60 0
8.125 9387 324 225 64 0
8.25 9356 329 247 68 0
8.375 9319 347 262 72 0
8.5 9291 345 290 74 0
8.625 9250 368 297 85 0
8.75 9217 373 315 94 1
8.875 9212 358 332 97 1
9 9209 338 348 104 1
9.125 9199 322 370 107 2
9.25 9196 305 385 112 2
9.375 9194 279 403 122 2
9.5 9190 261 418 129 2
9.625 9184 254 421 139 2
9.75 9183 231 437 147 2
9.875 9178 225 444 151 2
10 9174 214 452 158 2
10.125 9173 205 456 164 2
10.25 9171 193 457 177 2
10.375 9169 179 464 186 2
10.5 9167 169 468 194 2
10.625 9164 159 472 203 2
10.75 9164 147 475 212 2
10.875 9161 143 476 218 2
11 9158 135 478 227 2
11.125 9151 134 474 239 2
11.25 9149 124 472 252 3
11.375 9148 118 466 265 3
11.5 9146 112 461 278 3
11.625 9143 112 454 288 3
11.75 9141 108 445 303 3
11.875 9137 105 437 318 3
12 9135 101 439 322 3
12.125 9135 96 438 328 3
12.25 9133 94 430 340 3
12.375 9132 88 425 352 3
12.5 9132 84 423 357 4
12.625 9132 81 419 364 4
12.75 9129 79 412 376 4
12.875 9128 76 404 388 4
13 9128 69 401 398 4
13.125 9128 66 394 408 4
13.25 9126 61 397 412 4
13.375 9124 61 387 423 5
13.5 9120 62 381 432 5
13.625 9118 61 373 443 5
13.75 9117 60 355 463 5
13.875 9116 58 353 468 5
14 9115 55 347 478 5
14.125 9113 54 338 490 5
14.25 9112 53 333 497 5
14.375 9112 50 328 505 5
14.5 9111 48 324 512 5
14.625 9109 48 318 520 5
14.75 9108 49 312 525 6
14.875 9106 47 309 532 6
15 9105 45 309 535 6
15.125 9104 40 311 539 6
15.25 9104 39 308 543 6
15.375 9104 37 301 552 6
15.5 9103 37 299 555 6
15.625 9101 36 295 561 7
15.75 9101 33 295 564 7
15.875 9101 31 294 567 7
16 9101 29 290 573 7
16.125 9100 28 282 583 7
16.25 9099 26 277 591 7
16.375 9099 23 273 598 7
16.5 9099 19 262 612 8
16.625 9098 20 257 617 8
16.75 9098 19 253 622 8
16.875 9097 19 252 624 8
17 9095 19 249 629 8
17.125 9094 19 244 635 8
17.25 9094 18 241 639 8
17.375 9093 19 238 642 8
17.5 9093 18 236 644 9
17.625 9093 18 230 650 9
17.75 9093 16 226 656 9
17.875 9093 14 222 662 9
18 9092 14 219 666 9
18.125 9090 16 216 669 9
18.25 9089 16 214 672 9
18.375 9089 16 210 676 9
18.5 9089 14 205 683 9
18.625 9089 11 204 687 9
18.75 9089 10 202 690 9
18.875 9089 10 201 691 9
19 9089 10 194 698 9
19.125 9089 10 186 706 9
19.25 9089 9 187 706 9
19.375 9087 11 184 709 9
19.5 9086 10 181 714 9
19.625 9085 9 180 717 9
19.75 9084 10 176 721 9
19.875 9084 10 172 725 9
20 9084 8 169 730 9
20.125 9083 9 166 733 9
20.25 9083 9 164 735 9
20.375 9082 10 161 738 9
20.5 9082 10 157 742 9
20.625 9082 10 153 746 9
20.75 9082 9 152 748 9
20.875 9082 8 148 753 9
21 9082 8 146 755 9
21.125 9082 7 144 758 9
21.25 9082 7 143 759 9
21.375 9082 7 142 760 9
21.5 9082 6 142 761 9
21.625 9082 5 141 763 9
21.75 9082 5 139 765 9
21.875 9081 6 136 768 9
22 9081 5 133 772 9
22.125 9081 5 133 772 9
22.25 9080 4 131 776 9
22.375 9080 4 130 777 9
22.5 9079 5 127 780 9
22.625 9079 5 124 783 9
22.75 9079 5 122 785 9
22.875 9079 5 119 788 9
23 9079 4 119 789 9
23.125 9079 4 117 791 9
23.25 9079 4 114 794 9
23.375 9079 4 110 798 9
23.5 9078 4 110 799 9
23.625 9078 4 108 801 9
23.75 9078 4 107 802 9
23.875 9077 5 105 803 10
24 9076 6 103 805 10
24.125 9076 6 100 808 10
24.25 9076 6 95 813 10
24.375 9076 6 94 814 10
24.5 9076 6 92 816 10
24.625 9076 6 89 819 10
24.75 9076 6 86 822 10
24.875 9076 6 85 823 10
25 9076 6 81 827 10
25.125 9076 5 78 831 10
25.25 9076 4 77 833 10
25.375 9076 4 75 835 10
25.5 9076 3 72 839 10
25.625 9075 4 71 840 10
25.75 9075 4 70 841 10
25.875 9075 4 69 842 10
26 9075 4 68 843 10
26.125 9075 3 67 845 10
26.25 9075 3 66 846 10
26.375 9075 3 63 849 10
26.5 9075 2 64 849 10
26.625 9075 1 65 849 10
26.75 9075 1 63 851 10
26.875 9074 2 62 852 10
27 9074 2 58 856 10
27.125 9074 2 58 856 10
27.25 9073 3 58 856 10
27.375 9073 1 58 858 10
27.5 9073 1 57 859 10
27.625 9073 1 56 860 10
27.75 9073 1 54 862 10
27.875 9073 1 51 865 10
28 9073 0 50 867 10
28.125 9073 0 48 869 10
28.25 9073 0 47 870 10
28.375 9072 1 47 870 10
28.5 9072 1 47 870 10
28.625 9072 0 48 870 10
28.75 9072 0 48 870 10
28.875 9072 0 47 871 10
29 9072 0 47 871 10
29.125 9072 0 47 871 10
29.25 9072 0 47 871 10
29.375 9072 0 46 872 10
29.5 9072 0 45 873 10
29.625 9072 0 45 873 10
29.75 9071 1 45 873 10
29.875 9071 1 45 873 10
30 9071 0 44 875 10
30.125 9071 0 42 877 10
30.25 9071 0 42 877 10
30.375 9070 1 40 879 10
30.5 9070 1 38 881 10
30.625 9070 1 37 882 10
30.75 9070 1 35 884 10
30.875 9070 1 34 885 10
31 9070 1 33 886 10
31.125 9070 1 30 889 10
31.25 9070 1 30 889 10
31.375 9070 1 30 889 10
31.5 9070 1 30 889 10
31.625 9070 1 29 890 10
31.75 9070 1 28 891 10
31.875 9070 1 27 892 10
32 9070 1 27 892 10
32.125 9070 0 28 892 10
32.25 9070 0 28 892 10
32.375 9070 0 26 894 10
32.5 9070 0 26 894 10
32.625 9070 0 26 894 10
32.75 9070 0 26 894 10
32.875 9070 0 24 896 10
33 9070 0 24 896 10
33.125 9070 0 22 898 10
33.25 9070 0 22 898 10
33.375 9070 0 22 898 10
33.5 9070 0 22 898 10
33.625 9069 1 22 898 10
33.75 9068 2 22 898 10
33.875 9068 2 22 898 10
34 9068 2 22 898 10
34.125 9068 2 22 898 10
34.25 9068 2 21 899 10
34.375 9068 2 20 900 10
34.5 9068 1 21 900 10
34.625 9068 1 21 900 10
34.75 9068 1 20 901 10
34.875 9068 0 21 901 10
35 9068 0 21 901 10
35.125 9068 0 21 901 10
35.25 9068 0 20 902 10
35.375 9068 0 20 902 10
35.5 9068 0 20 902 10
35.625 9068 0 19 903 10
35.75 9068 0 19 903 10
35.875 9068 0 19 903 10
36 9068 0 19 903 10
36.125 9067 1 19 903 10
36.25 9067 1 18 904 10
36.375 9067 1 18 904 10
36.5 9067 1 18 904 10
36.625 9067 1 18 904 10
36.75 9067 1 18 904 10
36.875 9067 1 18 904 10
37 9067 1 18 904 10
37.125 9067 1 18 904 10
37.25 9067 1 17 905 10
37.375 9067 1 16 906 10
37.5 9067 1 15 907 10
37.625 9067 1 15 907 10
37.75 9067 1 15 907 10
37.875 9067 0 16 907 10
38 9067 0 15 908 10
38.125 9067 0 15 908 10
38.25 9067 0 15 908 10
38.375 9067 0 14 909 10
38.5 9067 0 14 909 10
38.625 9067 0 14 909 10
38.75 9067 0 14 909 10
38.875 9067 0 14 909 10
39 9067 0 14 909 10
39.125 9067 0 14 909 10
39.25 9067 0 14 909 10
39.375 9067 0 14 909 10
39.5 9067 0 13 910 10
39.625 9067 0 12 911 10
39.75 9067 0 12 911 10
39.875 9067 0 12 911 10
40 9067 0 12 911 10
40.125 9067 0 12 911 10
40.25 9067 0 12 911 10
40.375 9067 0 12 911 10
40.5 9067 0 11 912 10
40.625 9067 0 11 912 10
40.75 9067 0 10 913 10
40.875 9067 0 10 913 10
41 9067 0 10 913 10
41.125 9066 1 9 914 10
41.25 9066 1 8 915 10
41.375 9066 1 7 916 10
41.5 9066 0 8 916 10
41.625 9066 0 8 916 10
41.75 9066 0 7 917 10
41.875 9066 0 7 917 10
42 9066 0 7 917 10
42.125 9066 0 7 917 10
42.25 9066 0 7 917 10
42.375 9066 0 7 917 10
42.5 9066 0 7 917 10
42.625 9066 0 6 918 10
42.75 9066 0 6 918 10
42.875 9066 0 6 918 10
43 9065 1 5 919 10
43.125 9065 1 5 919 10
43.25 9065 1 5 919 10
43.375 9065 1 5 919 10
43.5 9065 1 5 919 10
43.625 9065 1 5 919 10
43.75 9065 1 5 919 10
43.875 9065 1 5 919 10
44 9065 1 5 919 10
44.125 9064 1 6 919 10
44.25 9064 1 6 919 10
44.375 9064 1 6 919 10
44.5 9064 1 6 919 10
44.625 9064 1 6 919 10
44.75 9064 1 6 919 10
44.875 9064 1 6 919 10
45 9064 1 6 919 10
45.125 9064 1 6 919 10
45.25 9064 1 6 919 10
45.375 9064 1 6 919 10
45.5 9064 1 5 920 10
45.625 9064 1 5 920 10
45.75 9064 1 5 920 10
45.875 9063 2 5 920 10
46 9062 3 4 921 10
46.125 9062 3 4 921 10
46.25 9062 3 4 921 10
46.375 9062 3 4 921 10
46.5 9062 3 4 921 10
46.625 9062 3 4 921 10
46.75 9062 3 4 921 10
46.875 9062 2 5 921 10
47 9062 2 5 921 10
47.125 9062 2 5 921 10
47.25 9062 2 5 921 10
47.375 9061 2 6 921 10
47.5 9061 2 5 922 10
47.625 9061 2 5 922 10
47.75 9061 2 5 922 10
47.875 9061 2 5 922 10
48 9061 2 5 922 10
48.125 9061 2 5 922 10
48.25 9061 2 5 922 10
48.375 9061 2 4 923 10
48.5 9061 2 4 923 10
48.625 9061 2 4 923 10
48.75 9061 2 4 923 10
48.875 9061 2 4 923 10
49 9061 2 4 923 10
49.125 9061 2 4 923 10
49.25 9061 2 4 923 10
49.375 9061 2 4 923 10
49.5 9061 2 4 923 10
49.625 9061 2 4 923 10
49.75 9061 2 4 923 10
49.875 9061 2 4 923 10
50 9061 2 4 923 10
50.125 9061 2 4 923 10
50.25 9061 2 4 923 10
50.375 9061 2 4 923 10
50.5 9061 2 3 924 10
50.625 9061 2 3 924 10
50.75 9061 2 3 924 10
50.875 9061 2 2 925 10
51 9061 2 1 926 10
51.125 9061 2 1 926 10
51.25 9061 2 1 926 10
51.375 9061 2 1 926 10
51.5 9061 2 1 926 10
51.625 9061 2 1 926 10
51.75 9061 2 1 926 10
51.875 9061 1 2 926 10
52 9061 0 3 926 10
52.125 9061 0 2 927 10
52.25 9061 0 2 927 10
52.375 9061 0 2 927 10
52.5 9061 0 2 927 10
52.625 9061 0 2 927 10
52.75 9061 0 2 927 10
52.875 9061 0 2 927 10
53 9061 0 2 927 10
53.125 9061 0 2 927 10
53.25 9061 0 2 927 10
53.375 9061 0 2 927 10
53.5 9061 0 2 927 10
53.625 9061 0 2 927 10
53.75 9061 0 2 927 10
53.875 9061 0 2 927 10
54 9061 0 2 927 10
54.125 9061 0 2 927 10
54.25 9061 0 2 927 10
54.375 9061 0 2 927 10
54.5 9061 0 2 927 10
54.625 9061 0 2 927 10
54.75 9061 0 2 927 10
54.875 9061 0 2 927 10
55 9061 0 2 927 10
55.125 9061 0 2 927 10
55.25 9061 0 2 927 10
55.375 9061 0 2 927 10
55.5 9061 0 2 927 10
55.625 9061 0 2 927 10
55.75 9061 0 2 927 10
55.875 9061 0 2 927 10
56 9061 0 2 927 10
56.125 9061 0 2 927 10
56.25 9061 0 2 927 10
56.375 9061 0 2 927 10
56.5 9061 0 2 927 10
56.625 9061 0 2 927 10
56.75 9061 0 2 927 10
56.875 9061 0 2 927 10
57 9061 0 2 927 10
57.125 9061 0 2 927 10
57.25 9061 0 2 927 10
57.375 9061 0 2 927 10
57.5 9061 0 2 927 10
57.625 9061 0 2 927 10
57.75 9061 0 2 927 10
57.875 9061 0 2 927 10
58 9061 0 2 927 10
58.125 9061 0 2 927 10
58.25 9061 0 2 927 10
58.375 9061 0 2 927 10
58.5 9061 0 2 927 10
58.625 9061 0 2 927 10
58.75 9061 0 2 927 10
58.875 9061 0 2 927 10
59 9061 0 2 927 10
59.125 9061 0 2 927 10
59.25 9061 0 2 927 10
59.375 9061 0 2 927 10
59.5 9061 0 2 927 10
59.625 9061 0 1 928 10
59.75 9061 0 1 928 10
59.875 9061 0 1 928 10
60 9061 0 1 928 10
60.125 9061 0 1 928 10
60.25 9061 0 1 928 10
60.375 9061 0 1 928 10
60.5 9061 0 1 928 10
60.625 9061 0 1 928 10
60.75 9061 0 1 928 10
60.875 9061 0 1 928 10
61 9061 0 1 928 10
61.125 9061 0 1 928 10
61.25 9061 0 1 928 10
61.375 9061 0 1 928 10
61.5 9061 0 1 928 10
61.625 9061 0 1 928 10
61.75 9061 0 1 928 10
61.875 9061 0 1 928 10
62 9061 0 1 928 10
62.125 9061 0 1 928 10
62.25 9061 0 1 928 10
62.375 9061 0 1 928 10
62.5 9061 0 1 928 10
62.625 9061 0 1 928 10
62.75 9061 0 1 928 10
62.875 9061 0 1 928 10
63 9061 0 1 928 10
63.125 9061 0 1 928 10
63.25 9061 0 1 928 10
63.375 9061 0 1 928 10
63.5 9061 0 1 928 10
63.625 9061 0 1 928 10
63.75 9061 0 1 928 10
63.875 9061 0 1 928 10
64 9061 0 1 928 10
64.125 9061 0 1 928 10
64.25 9061 0 1 928 10
64.375 9061 0 1 928 10
64.5 9061 0 1 928 10
64.625 9061 0 1 928 10
64.75 9061 0 1 928 10
64.875 9061 0 1 928 10
65 9061 0 1 928 10
65.125 9061 0 1 928 10
65.25 9061 0 1 928 10
65.375 9061 0 1 928 10
65.5 9061 0 1 928 10
65.625 9061 0 1 928 10
65.75 9061 0 1 928 10
65.875 9061 0 1 928 10
66 9061 0 1 928 10
66.125 9061 0 1 928 10
66.25 9061 0 1 928 10
66.375 9061 0 1 928 10
66.5 9061 0 1 928 10
66.625 9061 0 1 928 10
66.75 9061 0 1 928 10
66.875 9061 0 1 928 10
67 9061 0 1 928 10
67.125 9061 0 1 928 10
67.25 9061 0 1 928 10
67.375 9061 0 1 928 10
67.5 9061 0 1 928 10
67.625 9061 0 1 928 10
67.75 9061 0 1 928 10
67.875 9061 0 1 928 10
68 9061 0 1 928 10
68.125 9061 0 1 928 10
68.25 9061 0 1 928 10
68.375 9061 0 1 928 10
68.5 9061 0 1 928 10
68.625 9061 0 1 928 10
68.75 9061 0 1 928 10
68.875 9061 0 1 928 10
69 9061 0 1 928 10
69.125 9061 0 1 928 10
69.25 9061 0 1 928 10
69.375 9061 0 1 928 10
69.5 9061 0 1 928 10
69.625 9061 0 1 928 10
69.75 9061 0 1 928 10
69.875 9061 0 1 928 10
70 9061 0 1 928 10
70.125 9061 0 1 928 10
70.25 9061 0 1 928 10
70.375 9061 0 1 928 10
70.5 9061 0 1 928 10
70.625 9061 0 1 928 10
70.75 9061 0 1 928 10
70.875 9061 0 1 928 10
71 9061 0 1 928 10
71.125 9061 0 1 928 10
71.25 9061 0 1 928 10
71.375 9061 0 1 928 10
71.5 9061 0 1 928 10
71.625 9061 0 0 929 10
