t S E I R D
0 9998 0 2 0 0
0.125 9998 0 2 0 0
0.25 9998 0 2 0 0
0.375 9998 0 2 0 0
0.5 9997 1 2 0 0
0.625 9997 1 2 0 0
0.75 9996 1 3 0 0
0.875 9996 1 3 0 0
1 9995 2 3 0 0
1.125 9995 2 3 0 0
1.25 9995 2 3 0 0
1.375 9995 1 4 0 0
1.5 9994 2 4 0 0
1.625 9994 2 4 0 0
1.75 9994 2 4 0 0
1.875 9994 2 4 0 0
2 9994 2 4 0 0
2.125 9994 1 5 0 0
2.25 9991 4 5 0 0
2.375 9989 6 5 0 0
2.5 9988 5 6 1 0
2.625 9987 3 9 1 0
2.75 9987 3 9 1 0
2.875 9986 4 9 1 0
3 9984 6 9 1 0
3.125 9984 5 10 1 0
3.25 9983 6 10 1 0
3.375 9983 6 10 1 0
3.5 9981 7 11 1 0
3.625 9976 12 11 1 0
3.75 9974 14 11 1 0
3.875 9968 19 12 1 0
4 9963 24 12 1 0
4.125 9962 25 11 2 0
4.25 9960 27 11 2 0
4.375 9955 31 12 2 0
4.5 9953 31 13 3 0
4.625 9950 32 15 3 0
4.75 9949 32 16 3 0
4.875 9949 32 16 3 0
5 9945 33 19 3 0
5.125 9937 41 18 4 0
5.25 9934 41 21 4 0
5.375 9932 41 23 4 0
5.5 9925 46 24 5 0
5.625 9924 43 27 6 0
5.75 9916 48 30 6 0
5.875 9905 58 29 8 0
6 9893 64 34 9 0
6.125 9887 66 36 11 0
6.25 9877 73 39 11 0
6.375 9870 79 39 12 0
6.5 9865 76 47 12 0
6.625 9855 82 50 13 0
6.75 9847 79 60 14 0
6.875 9832 92 62 14 0
7 9812 107 67 14 0
7.125 9800 111 75 14 0
7.25 9784 119 81 16 0
7.375 9765 125 93 17 0
7.5 9750 135 93 22 0
7.625 9722 154 102 22 0
7.75 9694 171 111 24 0
7.875 9674 177 120 29 0
8 9651 191 127 31 0
8.125 9615 212 137 36 0
8.25 9580 232 149 39 0
8.375 9528 271 159 42 0
8.5 9492 289 173 46 0
8.625 9446 321 180 53 0
8.75 9393 350 196 61 0
8.875 9354 362 218 65 1
9 9316 383 232 68 1
9.125 9279 401 240 79 1
9.25 9233 430 252 84 1
9.375 9180 455 279 85 1
9.5 9127 462 319 91 1
9.625 9065 491 347 96 1
9.75 9002 525 370 102 1
9.875 8943 553 392 110 2
10 8895 573 412 118 2
10.125 8853 575 445 125 2
10.25 8794 598 472 134 2
10.375 8749 608 494 147 2
10.5 8701 611 531 155 2
10.625 8644 621 571 162 2
10.75 8584 640 600 174 2
10.875 8542 644 626 186 2
11 8498 657 651 192 2
11.125 8454 661 674 209 2
11.25 8420 657 696 225 2
11.375 8377 655 724 241 3
11.5 8339 652 749 257 3
11.625 8301 647 783 266 3
11.75 8255 657 795 289 4
11.875 8219 640 837 300 4
12 8173 647 860 316 4
12.125 8134 638 889 335 4
12.25 8095 627 921 353 4
12.375 8058 633 933 371 5
12.5 8038 618 948 391 5
12.625 8004 611 968 412 5
12.75 7971 610 990 423 6
12.875 7953 590 1007 444 6
13 7936 573 1020 465 6
13.125 7917 554 1033 490 6
13.25 7892 537 1057 508 6
13.375 7875 519 1081 519 6
13.5 7853 509 1097 535 6
13.625 7831 501 1109 553 6
13.75 7821 475 1130 568 6
13.875 7805 468 1123 598 6
14 7787 454 1144 609 6
14.125 7771 437 1152 634 6
14.25 7755 425 1153 661 6
14.375 7740 410 1165 679 6
14.5 7727 400 1162 705 6
14.625 7705 393 1168 728 6
14.75 7691 386 1162 755 6
14.875 7677 376 1159 782 6
15 7665 361 1155 813 6
15.125 7653 347 1159 835 6
15.25 7631 346 1157 860 6
15.375 7617 347 1148 882 6
15.5 7602 344 1141 907 6
15.625 7588 339 1141 926 6
15.75 7576 327 1138 953 6
15.875 7567 320 1132 974 7
16 7559 308 1124 1002 7
16.125 7551 295 1117 1030 7
16.25 7544 274 1113 1061 8
16.375 7539 262 1109 1081 9
16.5 7534 247 1100 1109 10
16.625 7524 243 1080 1143 10
16.75 7510 241 1079 1159 11
16.875 7503 235 1062 1189 11
17 7494 229 1057 1208 12
17.125 7487 221 1049 1231 12
17.25 7477 216 1040 1255 12
17.375 7470 211 1025 1282 12
17.5 7459 213 1009 1307 12
17.625 7450 210 1007 1321 12
17.75 7444 208 993 1343 12
17.875 7439 204 978 1367 12
18 7434 196 972 1386 12
18.125 7430 186 968 1404 12
18.25 7425 182 959 1422 12
18.375 7420 177 953 1438 12
18.5 7417 165 943 1463 12
18.625 7412 158 943 1475 12
18.75 7410 149 936 1492 13
18.875 7403 147 918 1519 13
19 7399 146 906 1536 13
19.125 7395 140 903 1548 14
19.25 7390 137 897 1562 14
19.375 7386 133 889 1578 14
19.5 7384 124 886 1592 14
19.625 7380 117 877 1612 14
19.75 7378 112 865 1631 14
19.875 7375 110 854 1647 14
20 7374 101 851 1660 14
20.125 7371 95 845 1675 14
20.25 7369 90 834 1693 14
20.375 7365 90 820 1711 14
20.5 7358 95 806 1727 14
20.625 7357 93 802 1733 15
20.75 7353 89 788 1755 15
20.875 7349 86 778 1772 15
21 7345 82 779 1779 15
21.125 7343 80 765 1796 16
21.25 7341 78 749 1816 16
21.375 7340 75 736 1832 17
21.5 7340 70 717 1856 17
21.625 7338 68 709 1868 17
21.75 7336 64 702 1881 17
21.875 7335 57 692 1899 17
22 7334 55 672 1922 17
22.125 7333 55 661 1934 17
22.25 7332 52 657 1942 17
22.375 7332 49 647 1954 18
22.5 7330 47 640 1965 18
22.625 7328 46 628 1980 18
22.75 7328 46 618 1990 18
22.875 7327 42 609 2004 18
23 7327 40 602 2013 18
23.125 7326 38 596 2022 18
23.25 7324 37 591 2030 18
23.375 7323 35 583 2041 18
23.5 7319 38 567 2058 18
23.625 7318 39 555 2070 18
23.75 7317 39 548 2078 18
23.875 7317 37 539 2089 18
24 7315 37 530 2100 18
24.125 7314 33 523 2112 18
24.25 7314 29 522 2117 18
24.375 7314 28 509 2131 18
24.5 7314 27 502 2139 18
24.625 7314 26 494 2148 18
24.75 7311 28 484 2159 18
24.875 7311 24 479 2168 18
25 7311 24 473 2174 18
25.125 7310 25 469 2178 18
25.25 7308 25 455 2194 18
25.375 7306 25 449 2202 18
25.5 7306 22 444 2210 18
25.625 7305 20 438 2219 18
25.75 7305 19 429 2228 19
25.875 7305 18 423 2235 19
26 7305 16 416 2244 19
26.125 7305 15 410 2251 19
26.25 7305 15 401 2260 19
26.375 7303 17 398 2263 19
26.5 7302 17 393 2269 19
26.625 7299 19 389 2274 19
26.75 7299 19 383 2280 19
26.875 7298 20 377 2286 19
27 7297 18 371 2295 19
27.125 7297 18 364 2302 19
27.25 7294 19 357 2311 19
27.375 7294 18 355 2314 19
27.5 7294 15 353 2319 19
27.625 7293 14 347 2327 19
27.75 7292 14 342 2333 19
27.875 7291 15 332 2343 19
28 7290 16 326 2349 19
28.125 7289 16 317 2359 19
28.25 7287 18 313 2363 19
28.375 7287 17 307 2370 19
28.5 7287 16 302 2376 19
28.625 7287 14 300 2380 19
28.75 7287 14 294 2386 19
28.875 7287 10 291 2393 19
29 7287 9 287 2398 19
29.125 7287 9 280 2405 19
29.25 7286 8 276 2411 19
29.375 7286 7 273 2415 19
29.5 7286 6 271 2418 19
29.625 7285 6 268 2422 19
29.75 7285 6 262 2428 19
29.875 7285 6 257 2433 19
30 7285 6 252 2438 19
30.125 7285 6 249 2441 19
30.25 7285 6 246 2444 19
30.375 7284 6 244 2446 20
30.5 7284 5 242 2449 20
30.625 7284 5 238 2452 21
30.75 7284 5 235 2455 21
30.875 7284 5 230 2460 21
31 7283 6 226 2464 21
31.125 7283 6 223 2467 21
31.25 7282 6 216 2475 21
31.375 7282 6 212 2479 21
31.5 7282 6 206 2485 21
31.625 7282 6 203 2488 21
31.75 7282 6 200 2491 21
31.875 7282 6 197 2494 21
32 7281 7 192 2499 21
32.125 7281 6 190 2502 21
32.25 7281 6 184 2508 21
32.375 7281 5 180 2513 21
32.5 7280 6 177 2516 21
32.625 7280 6 173 2520 21
32.75 7280 6 168 2525 21
32.875 7280 6 167 2526 21
33 7280 6 165 2528 21
33.125 7280 5 163 2530 22
33.25 7280 5 159 2534 22
33.375 7280 5 155 2538 22
33.5 7280 5 153 2540 22
33.625 7280 5 149 2544 22
33.75 7280 5 147 2546 22
33.875 7280 5 144 2549 22
34 7280 5 137 2556 22
34.125 7280 4 137 2557 22
34.25 7280 4 134 2560 22
34.375 7280 4 132 2562 22
34.5 7280 4 128 2566 22
34.625 7279 5 126 2568 22
34.75 7278 6 122 2572 22
34.875 7278 4 120 2576 22
35 7278 4 118 2578 22
35.125 7278 2 118 2580 22
35.25 7278 2 116 2582 22
35.375 7278 2 114 2584 22
35.5 7278 2 111 2587 22
35.625 7278 2 108 2590 22
35.75 7278 2 102 2596 22
35.875 7278 2 100 2598 22
36 7277 3 98 2600 22
36.125 7277 3 96 2602 22
36.25 7276 4 95 2602 23
36.375 7275 5 94 2603 23
36.5 7275 5 91 2606 23
36.625 7275 5 91 2606 23
36.75 7275 5 90 2607 23
36.875 7275 5 88 2609 23
37 7274 6 87 2610 23
37.125 7274 6 86 2611 23
37.25 7273 7 85 2612 23
37.375 7273 6 86 2612 23
37.5 7273 5 85 2614 23
37.625 7273 5 83 2616 23
37.75 7273 5 81 2618 23
37.875 7273 5 81 2618 23
38 7273 5 81 2618 23
38.125 7273 5 80 2619 23
38.25 7273 5 79 2620 23
38.375 7272 5 78 2622 23
38.5 7271 5 79 2622 23
38.625 7271 3 80 2623 23
38.75 7271 1 82 2623 23
38.875 7271 1 81 2624 23
39 7271 1 80 2625 23
39.125 7271 1 78 2627 23
39.25 7270 2 77 2628 23
39.375 7270 2 75 2630 23
39.5 7270 2 73 2632 23
39.625 7270 2 73 2632 23
39.75 7270 1 73 2633 23
39.875 7270 1 72 2634 23
40 7270 1 70 2636 23
40.125 7270 1 67 2639 23
40.25 7270 0 65 2642 23
40.375 7270 0 64 2643 23
40.5 7270 0 63 2644 23
40.625 7270 0 63 2644 23
40.75 7270 0 62 2645 23
40.875 7270 0 62 2645 23
41 7270 0 62 2645 23
41.125 7270 0 61 2646 23
41.25 7270 0 59 2648 23
41.375 7270 0 57 2650 23
41.5 7270 0 55 2652 23
41.625 7270 0 55 2652 23
41.75 7270 0 54 2653 23
41.875 7270 0 53 2654 23
42 7270 0 52 2655 23
42.125 7270 0 51 2656 23
42.25 7270 0 49 2658 23
42.375 7270 0 47 2660 23
42.5 7270 0 45 2662 23
42.625 7270 0 45 2662 23
42.75 7270 0 44 2663 23
42.875 7270 0 43 2664 23
43 7270 0 43 2664 23
43.125 7270 0 43 2664 23
43.25 7270 0 43 2664 23
43.375 7270 0 42 2665 23
43.5 7270 0 42 2665 23
43.625 7270 0 41 2666 23
43.75 7270 0 41 2666 23
43.875 7270 0 41 2666 23
44 7270 0 41 2666 23
44.125 7270 0 40 2667 23
44.25 7270 0 39 2668 23
44.375 7270 0 38 2669 23
44.5 7270 0 37 2670 23
44.625 7270 0 37 2670 23
44.75 7270 0 35 2672 23
44.875 7270 0 34 2673 23
45 7270 0 34 2673 23
45.125 7270 0 34 2673 23
45.25 7270 0 34 2673 23
45.375 7270 0 34 2673 23
45.5 7270 0 30 2677 23
45.625 7270 0 29 2678 23
45.75 7270 0 28 2679 23
45.875 7270 0 28 2679 23
46 7270 0 27 2680 23
46.125 7270 0 26 2681 23
46.25 7270 0 26 2681 23
46.375 7270 0 25 2682 23
46.5 7270 0 22 2685 23
46.625 7270 0 21 2686 23
46.75 7270 0 21 2686 23
46.875 7270 0 20 2687 23
47 7270 0 20 2687 23
47.125 7270 0 19 2688 23
47.25 7270 0 18 2689 23
47.375 7270 0 18 2689 23
47.5 7270 0 18 2689 23
47.625 7270 0 17 2690 23
47.75 7270 0 17 2690 23
47.875 7270 0 17 2690 23
48 7270 0 17 2690 23
48.125 7270 0 17 2690 23
48.25 7270 0 17 2690 23
48.375 7270 0 17 2690 23
48.5 7270 0 17 2690 23
48.625 7270 0 17 2690 23
48.75 7270 0 16 2691 23
48.875 7270 0 16 2691 23
49 7270 0 16 2691 23
49.125 7270 0 16 2691 23
49.25 7270 0 16 2691 23
49.375 7270 0 15 2692 23
49.5 7270 0 14 2693 23
49.625 7270 0 14 2693 23
49.75 7270 0 13 2694 23
49.875 7270 0 13 2694 23
50 7270 0 12 2695 23
50.125 7270 0 12 2695 23
50.25 7270 0 12 2695 23
50.375 7270 0 12 2695 23
50.5 7270 0 12 2695 23
50.625 7270 0 12 2695 23
50.75 7270 0 12 2695 23
50.875 7270 0 12 2695 23
51 7270 0 12 2695 23
51.125 7270 0 12 2695 23
51.25 7270 0 12 2695 23
51.375 7270 0 12 2695 23
51.5 7270 0 12 2695 23
51.625 7270 0 12 2695 23
51.75 7270 0 12 2695 23
51.875 7270 0 11 2696 23
52 7270 0 11 2696 23
52.125 7270 0 11 2696 23
52.25 7270 0 11 2696 23
52.375 7270 0 11 2696 23
52.5 7270 0 11 2696 23
52.625 7270 0 11 2696 23
52.75 7270 0 10 2697 23
52.875 7270 0 10 2697 23
53 7270 0 9 2698 23
53.125 7270 0 9 2698 23
53.25 7270 0 9 2698 23
53.375 7270 0 9 2698 23
53.5 7270 0 9 2698 23
53.625 7270 0 9 2698 23
53.75 7270 0 9 2698 23
53.875 7270 0 8 2699 23
54 7270 0 8 2699 23
54.125 7270 0 7 2700 23
54.25 7270 0 7 2700 23
54.375 7270 0 7 2700 23
54.5 7270 0 6 2701 23
54.625 7270 0 6 2701 23
54.75 7270 0 6 2701 23
54.875 7270 0 6 2701 23
55 7270 0 6 2701 23
55.125 7270 0 6 2701 23
55.25 7270 0 6 2701 23
55.375 7270 0 6 2701 23
55.5 7270 0 6 2701 23
55.625 7270 0 6 2701 23
55.75 7270 0 6 2701 23
55.875 7270 0 5 2702 23
56 7270 0 5 2702 23
56.125 7270 0 5 2702 23
56.25 7270 0 5 2702 23
56.375 7270 0 4 2703 23
56.5 7270 0 4 2703 23
56.625 7270 0 4 2703 23
56.75 7270 0 4 2703 23
56.875 7270 0 4 2703 23
57 7270 0 4 2703 23
57.125 7270 0 4 2703 23
57.25 7270 0 4 2703 23
57.375 7270 0 4 2703 23
57.5 7270 0 4 2703 23
57.625 7270 0 4 2703 23
57.75 7270 0 4 2703 23
57.875 7270 0 4 2703 23
58 7270 0 4 2703 23
58.125 7270 0 4 2703 23
58.25 7270 0 4 2703 23
58.375 7270 0 4 2703 23
58.5 7270 0 4 2703 23
58.625 7270 0 4 2703 23
58.75 7270 0 4 2703 23
58.875 7270 0 4 2703 23
59 7270 0 4 2703 23
59.125 7270 0 4 2703 23
59.25 7270 0 4 2703 23
59.375 7270 0 4 2703 23
59.5 7270 0 4 2703 23
59.625 7270 0 4 2703 23
59.75 7270 0 3 2704 23
59.875 7270 0 2 2705 23
60 7270 0 2 2705 23
60.125 7270 0 2 2705 23
60.25 7270 0 2 2705 23
60.375 7270 0 2 2705 23
60.5 7270 0 2 2705 23
60.625 7270 0 2 2705 23
60.75 7270 0 2 2705 23
60.875 7270 0 2 2705 23
61 7270 0 2 2705 23
61.125 7270 0 2 2705 23
61.25 7270 0 2 2705 23
61.375 7270 0 2 2705 23
61.5 7270 0 2 2705 23
61.625 7270 0 2 2705 23
61.75 7270 0 2 2705 23
61.875 7270 0 2 2705 23
62 7270 0 2 2705 23
62.125 7270 0 2 2705 23
62.25 7270 0 2 2705 23
62.375 7270 0 2 2705 23
62.5 7270 0 2 2705 23
62.625 7270 0 2 2705 23
62.75 7270 0 2 2705 23
62.875 7270 0 2 2705 23
63 7270 0 2 2705 23
63.125 7270 0 2 2705 23
63.25 7270 0 2 2705 23
63.375 7270 0 2 2705 23
63.5 7270 0 2 2705 23
63.625 7270 0 2 2705 23
63.75 7270 0 2 2705 23
63.875 7270 0 2 2705 23
64 7270 0 2 2705 23
64.125 7270 0 2 2705 23
64.25 7270 0 2 2705 23
64.375 7270 0 2 2705 23
64.5 7270 0 2 2705 23
64.625 7270 0 2 2705 23
64.75 7270 0 2 2705 23
64.875 7270 0 2 2705 23
65 7270 0 2 2705 23
65.125 7270 0 2 2705 23
65.25 7270 0 2 2705 23
65.375 7270 0 2 2705 23
65.5 7270 0 2 2705 23
65.625 7270 0 2 2705 23
65.75 7270 0 2 2705 23
65.875 7270 0 2 2705 23
66 7270 0 2 2705 23
66.125 7270 0 2 2705 23
66.25 7270 0 2 2705 23
66.375 7270 0 2 2705 23
66.5 7270 0 2 2705 23
66.625 7270 0 2 2705 23
66.75 7270 0 2 2705 23
66.875 7270 0 2 2705 23
67 7270 0 2 2705 23
67.125 7270 0 1 2706 23
67.25 7270 0 1 2706 23
67.375 7270 0 1 2706 23
67.5 7270 0 1 2706 23
67.625 7270 0 0 2707 23
