t S E I R D
0 9999 0 1 0 0
0.125 9998 1 1 0 0
0.25 9998 1 1 0 0
0.375 9998 0 2 0 0
0.5 9998 0 2 0 0
0.625 9998 0 2 0 0
0.75 9998 0 2 0 0
0.875 9998 0 2 0 0
1 9998 0 2 0 0
1.125 9998 0 2 0 0
1.25 9998 0 2 0 0
1.375 9998 0 2 0 0
1.5 9998 0 2 0 0
1.625 9998 0 2 0 0
1.75 9997 1 2 0 0
1.875 9997 1 2 0 0
2 9997 1 2 0 0
2.125 9997 1 2 0 0
2.25 9997 1 2 0 0
2.375 9996 2 2 0 0
2.5 9996 2 2 0 0
2.625 9996 2 2 0 0
2.75 9996 1 3 0 0
2.875 9996 1 3 0 0
3 9996 1 3 0 0
3.125 9996 1 3 0 0
3.25 9996 1 3 0 0
3.375 9996 1 3 0 0
3.5 9994 3 2 1 0
3.625 9994 3 2 1 0
3.75 9994 2 3 1 0
3.875 9994 2 3 1 0
4 9994 2 3 1 0
4.125 9994 2 3 1 0
4.25 9994 2 3 1 0
4.375 9994 2 3 1 0
4.5 9994 2 3 1 0
4.625 9994 2 3 1 0
4.75 9994 2 3 1 0
4.875 9993 3 3 1 0
5 9993 3 3 1 0
5.125 9993 3 2 2 0
5.25 9993 3 2 2 0
5.375 9993 3 2 2 0
5.5 9993 2 3 2 0
5.625 9992 2 4 2 0
5.75 9989 5 3 3 0
5.875 9989 4 4 3 0
6 9988 4 5 3 0
6.125 9988 4 5 3 0
6.25 9987 4 6 3 0
6.375 9985 6 6 3 0
6.5 9984 7 6 3 0
6.625 9983 8 6 3 0
6.75 9983 7 6 4 0
6.875 9983 6 7 4 0
7 9982 7 7 4 0
7.125 9980 8 8 4 0
7.25 9979 9 8 4 0
7.375 9979 8 9 4 0
7.5 9977 9 10 4 0
7.625 9976 8 12 4 0
7.75 9974 10 12 4 0
7.875 9974 9 13 4 0
8 9974 9 13 4 0
8.125 9973 9 13 5 0
8.25 9973 8 14 5 0
8.375 9973 8 14 5 0
8.5 9969 12 14 5 0
8.625 9969 12 14 5 0
8.75 9968 13 13 6 0
8.875 9968 12 14 6 0
9 9967 13 13 7 0
9.125 9966 13 13 8 0
9.25 9966 13 13 8 0
9.375 9965 14 13 8 0
9.5 9965 14 13 8 0
9.625 9965 13 14 8 0
9.75 9964 13 15 8 0
9.875 9962 13 17 8 0
10 9962 11 19 8 0
10.125 9961 12 19 8 0
10.25 9959 14 18 9 0
10.375 9958 15 18 9 0
10.5 9957 15 19 9 0
10.625 9957 14 20 9 0
10.75 9955 16 20 9 0
10.875 9955 16 19 10 0
11 9955 16 18 11 0
11.125 9954 16 19 11 0
11.25 9952 17 20 11 0
11.375 9949 19 21 11 0
11.5 9947 18 24 11 0
11.625 9945 20 22 13 0
11.75 9940 24 23 13 0
11.875 9939 23 25 13 0
12 9936 24 27 13 0
12.125 9936 23 28 13 0
12.25 9934 25 28 13 0
12.375 9934 23 30 13 0
12.5 9931 26 29 14 0
12.625 9925 32 27 16 0
12.75 9920 31 33 16 0
12.875 9912 37 35 16 0
13 9908 33 41 18 0
13.125 9888 52 41 19 0
13.25 9878 59 44 19 0
13.375 9865 67 48 20 0
13.5 9847 79 52 22 0
13.625 9823 97 57 23 0
13.75 9805 112 58 25 0
13.875 9786 121 67 26 0
14 9775 128 69 28 0
14.125 9758 132 81 29 0
14.25 9740 139 90 31 0
14.375 9719 149 100 32 0
14.5 9706 152 108 34 0
14.625 9687 162 113 38 0
14.75 9664 174 120 42 0
14.875 9641 179 136 44 0
15 9620 193 140 47 0
15.125 9597 207 148 48 0
15.25 9577 211 161 50 1
15.375 9552 225 166 56 1
15.5 9540 224 178 57 1
15.625 9517 224 195 62 2
15.75 9502 219 211 66 2
15.875 9486 223 219 70 2
16 9469 220 234 75 2
16.125 9453 219 247 79 2
16.25 9438 227 250 83 2
16.375 9417 232 261 88 2
16.5 9399 241 261 97 2
16.625 9381 252 265 100 2
16.75 9375 241 279 103 2
16.875 9362 245 284 107 2
17 9349 240 296 113 2
17.125 9331 244 303 120 2
17.25 9320 241 311 126 2
17.375 9309 239 319 131 2
17.5 9296 233 333 136 2
17.625 9283 237 337 141 2
17.75 9271 241 342 144 2
17.875 9253 249 346 150 2
18 9237 246 359 156 2
18.125 9227 242 368 161 2
18.25 9215 239 379 165 2
18.375 9205 234 385 174 2
18.5 9195 229 392 182 2
18.625 9189 217 400 192 2
18.75 9177 211 415 195 2
18.875 9165 210 424 199 2
19 9155 207 427 209 2
19.125 9145 200 436 217 2
19.25 9133 196 440 229 2
19.375 9124 191 443 239 3
19.5 9112 193 444 248 3
19.625 9104 189 450 254 3
19.75 9090 194 453 260 3
19.875 9083 179 464 271 3
20 9077 173 467 280 3
20.125 9067 169 474 287 3
20.25 9061 161 479 296 3
20.375 9055 157 481 304 3
20.5 9049 154 487 307 3
20.625 9041 154 483 319 3
20.75 9036 149 484 328 3
20.875 9030 140 488 338 4
21 9022 134 487 353 4
21.125 9014 137 479 366 4
21.25 9005 140 473 378 4
21.375 8995 140 472 389 4
21.5 8990 135 469 402 4
21.625 8983 134 470 409 4
21.75 8981 125 471 419 4
21.875 8975 120 474 427 4
22 8962 129 473 432 4
22.125 8958 125 470 443 4
22.25 8953 121 473 448 5
22.375 8947 119 469 460 5
22.5 8942 117 457 479 5
22.625 8934 114 461 486 5
22.75 8932 108 462 493 5
22.875 8929 106 460 500 5
23 8924 102 460 509 5
23.125 8918 98 462 517 5
23.25 8915 93 461 526 5
23.375 8913 88 463 531 5
23.5 8912 83 460 540 5
23.625 8908 83 457 547 5
23.75 8904 80 454 557 5
23.875 8901 76 454 564 5
24 8899 72 447 577 5
24.125 8895 72 440 588 5
24.25 8895 69 437 593 6
24.375 8891 69 433 601 6
24.5 8889 68 422 615 6
24.625 8884 65 420 625 6
24.75 8883 60 419 632 6
24.875 8880 59 415 640 6
25 8877 59 412 646 6
25.125 8876 56 408 654 6
25.25 8874 54 404 662 6
25.375 8869 56 402 667 6
25.5 8865 58 395 676 6
25.625 8865 55 394 680 6
25.75 8863 55 389 687 6
25.875 8860 56 379 699 6
26 8859 53 374 708 6
26.125 8857 53 366 718 6
26.25 8853 53 362 726 6
26.375 8851 54 356 733 6
26.5 8850 50 358 736 6
26.625 8848 51 351 744 6
26.75 8846 51 348 749 6
26.875 8843 50 345 756 6
27 8839 51 344 760 6
27.125 8837 48 344 765 6
27.25 8835 46 343 770 6
27.375 8835 44 338 777 6
27.5 8833 44 337 780 6
27.625 8832 43 335 784 6
27.75 8830 43 332 789 6
27.875 8828 44 322 800 6
28 8828 43 319 804 6
28.125 8828 40 318 808 6
28.25 8828 39 311 816 6
28.375 8826 38 306 824 6
28.5 8824 39 302 829 6
28.625 8824 36 299 835 6
28.75 8821 35 294 843 7
28.875 8819 36 288 850 7
29 8818 33 282 860 7
29.125 8817 32 274 870 7
29.25 8814 32 269 878 7
29.375 8814 30 268 881 7
29.5 8811 32 267 883 7
29.625 8809 31 266 887 7
29.75 8808 29 266 890 7
29.875 8808 28 264 893 7
30 8807 28 262 896 7
30.125 8807 26 261 899 7
30.25 8807 23 259 904 7
30.375 8807 23 252 911 7
30.5 8807 23 244 919 7
30.625 8807 21 243 922 7
30.75 8806 21 242 924 7
30.875 8805 21 241 926 7
31 8805 21 233 934 7
31.125 8804 21 232 936 7
31.25 8804 20 229 940 7
31.375 8804 18 226 945 7
31.5 8803 19 224 947 7
31.625 8803 19 220 951 7
31.75 8803 17 217 956 7
31.875 8803 16 215 959 7
32 8803 16 209 965 7
32.125 8803 16 208 966 7
32.25 8802 17 202 972 7
32.375 8801 16 200 976 7
32.5 8801 14 199 979 7
32.625 8800 14 195 984 7
32.75 8800 12 191 990 7
32.875 8800 10 190 993 7
33 8800 9 189 995 7
33.125 8800 7 189 997 7
33.25 8800 7 185 1001 7
33.375 8800 7 180 1006 7
33.5 8800 7 177 1009 7
33.625 8800 7 174 1012 7
33.75 8800 7 169 1017 7
33.875 8800 7 166 1020 7
34 8800 7 162 1024 7
34.125 8798 9 159 1027 7
34.25 8798 8 158 1029 7
34.375 8798 6 159 1030 7
34.5 8798 6 153 1036 7
34.625 8798 5 149 1041 7
34.75 8797 6 144 1046 7
34.875 8797 6 142 1048 7
35 8797 6 140 1050 7
35.125 8797 6 136 1054 7
35.25 8797 5 134 1057 7
35.375 8797 4 133 1059 7
35.5 8797 4 131 1061 7
35.625 8797 4 126 1066 7
35.75 8797 4 123 1069 7
35.875 8796 5 117 1075 7
36 8796 5 112 1080 7
36.125 8795 6 111 1081 7
36.25 8795 4 113 1081 7
36.375 8795 4 113 1081 7
36.5 8795 4 112 1082 7
36.625 8795 4 109 1085 7
36.75 8795 4 109 1085 7
36.875 8794 4 109 1086 7
37 8793 4 109 1087 7
37.125 8793 4 107 1089 7
37.25 8793 4 106 1090 7
37.375 8793 4 103 1093 7
37.5 8793 4 100 1096 7
37.625 8793 4 98 1098 7
37.75 8792 4 92 1105 7
37.875 8792 4 90 1107 7
38 8792 4 89 1108 7
38.125 8791 5 86 1111 7
38.25 8791 5 85 1112 7
38.375 8791 5 80 1117 7
38.5 8790 6 80 1117 7
38.625 8790 5 78 1120 7
38.75 8790 5 78 1120 7
38.875 8790 5 77 1121 7
39 8790 5 74 1124 7
39.125 8790 4 74 1125 7
39.25 8790 4 73 1126 7
39.375 8790 4 72 1127 7
39.5 8790 3 71 1129 7
39.625 8790 3 71 1129 7
39.75 8790 3 65 1135 7
39.875 8790 3 62 1138 7
40 8790 3 62 1138 7
40.125 8790 2 61 1140 7
40.25 8789 3 61 1140 7
40.375 8789 3 60 1141 7
40.5 8789 3 59 1142 7
40.625 8789 3 59 1142 7
40.75 8789 3 58 1143 7
40.875 8789 3 57 1144 7
41 8789 3 55 1146 7
41.125 8789 3 52 1149 7
41.25 8789 3 50 1151 7
41.375 8789 3 47 1154 7
41.5 8789 3 45 1156 7
41.625 8789 3 45 1156 7
41.75 8789 2 43 1159 7
41.875 8789 1 43 1160 7
42 8789 1 43 1160 7
42.125 8789 1 42 1161 7
42.25 8789 1 40 1163 7
42.375 8789 1 39 1164 7
42.5 8789 1 38 1165 7
42.625 8789 1 37 1166 7
42.75 8789 1 36 1167 7
42.875 8789 0 37 1167 7
43 8789 0 37 1167 7
43.125 8789 0 37 1167 7
43.25 8789 0 36 1168 7
43.375 8789 0 35 1169 7
43.5 8788 1 35 1169 7
43.625 8788 1 35 1169 7
43.75 8788 1 35 1169 7
43.875 8788 1 34 1170 7
44 8788 1 32 1172 7
44.125 8788 1 32 1172 7
44.25 8788 1 31 1173 7
44.375 8788 1 31 1173 7
44.5 8788 1 30 1174 7
44.625 8788 1 28 1176 7
44.75 8788 1 27 1177 7
44.875 8788 1 26 1178 7
45 8788 1 26 1178 7
45.125 8788 1 26 1178 7
45.25 8788 1 26 1178 7
45.375 8788 1 26 1178 7
45.5 8788 1 26 1178 7
45.625 8788 1 26 1178 7
45.75 8788 1 26 1178 7
45.875 8788 1 26 1178 7
46 8788 1 26 1178 7
46.125 8788 1 26 1178 7
46.25 8788 1 25 1179 7
46.375 8788 1 25 1179 7
46.5 8788 1 25 1179 7
46.625 8788 1 25 1179 7
46.75 8788 1 24 1180 7
46.875 8788 1 24 1180 7
47 8788 1 24 1180 7
47.125 8788 1 23 1181 7
47.25 8788 1 22 1182 7
47.375 8788 1 21 1183 7
47.5 8788 1 20 1184 7
47.625 8788 1 20 1184 7
47.75 8788 1 20 1184 7
47.875 8788 1 20 1184 7
48 8788 1 20 1184 7
48.125 8788 1 20 1184 7
48.25 8788 1 20 1184 7
48.375 8788 1 20 1184 7
48.5 8788 1 20 1184 7
48.625 8788 0 20 1185 7
48.75 8788 0 20 1185 7
48.875 8788 0 19 1186 7
49 8788 0 19 1186 7
49.125 8788 0 19 1186 7
49.25 8788 0 18 1187 7
49.375 8788 0 18 1187 7
49.5 8788 0 18 1187 7
49.625 8788 0 18 1187 7
49.75 8788 0 18 1187 7
49.875 8788 0 17 1188 7
50 8788 0 17 1188 7
50.125 8788 0 17 1188 7
50.25 8788 0 17 1188 7
50.375 8788 0 17 1188 7
50.5 8788 0 17 1188 7
50.625 8788 0 16 1189 7
50.75 8788 0 16 1189 7
50.875 8788 0 16 1189 7
51 8788 0 16 1189 7
51.125 8788 0 16 1189 7
51.25 8788 0 16 1189 7
51.375 8788 0 15 1190 7
51.5 8788 0 15 1190 7
51.625 8788 0 15 1190 7
51.75 8787 1 15 1190 7
51.875 8787 1 15 1190 7
52 8787 1 15 1190 7
52.125 8787 1 15 1190 7
52.25 8787 1 13 1192 7
52.375 8787 1 13 1192 7
52.5 8787 0 14 1192 7
52.625 8787 0 14 1192 7
52.75 8787 0 14 1192 7
52.875 8787 0 14 1192 7
53 8787 0 14 1192 7
53.125 8787 0 13 1193 7
53.25 8787 0 13 1193 7
53.375 8787 0 12 1194 7
53.5 8787 0 12 1194 7
53.625 8787 0 12 1194 7
53.75 8787 0 11 1195 7
53.875 8787 0 11 1195 7
54 8787 0 11 1195 7
54.125 8787 0 11 1195 7
54.25 8787 0 11 1195 7
54.375 8787 0 10 1196 7
54.5 8787 0 10 1196 7
54.625 8787 0 10 1196 7
54.75 8787 0 9 1197 7
54.875 8787 0 9 1197 7
55 8787 0 9 1197 7
55.125 8787 0 9 1197 7
55.25 8787 0 9 1197 7
55.375 8787 0 9 1197 7
55.5 8787 0 9 1197 7
55.625 8787 0 9 1197 7
55.75 8787 0 8 1198 7
55.875 8787 0 8 1198 7
56 8787 0 8 1198 7
56.125 8787 0 8 1198 7
56.25 8787 0 8 1198 7
56.375 8787 0 8 1198 7
56.5 8787 0 7 1199 7
56.625 8787 0 7 1199 7
56.75 8787 0 7 1199 7
56.875 8787 0 7 1199 7
57 8787 0 7 1199 7
57.125 8787 0 7 1199 7
57.25 8787 0 7 1199 7
57.375 8787 0 7 1199 7
57.5 8787 0 7 1199 7
57.625 8787 0 7 1199 7
57.75 8787 0 7 1199 7
57.875 8787 0 7 1199 7
58 8787 0 6 1200 7
58.125 8787 0 5 1201 7
58.25 8787 0 5 1201 7
58.375 8787 0 4 1202 7
58.5 8787 0 4 1202 7
58.625 8787 0 4 1202 7
58.75 8787 0 4 1202 7
58.875 8787 0 4 1202 7
59 8787 0 4 1202 7
59.125 8787 0 4 1202 7
59.25 8787 0 4 1202 7
59.375 8787 0 4 1202 7
59.5 8787 0 4 1202 7
59.625 8787 0 4 1202 7
59.75 8787 0 4 1202 7
59.875 8787 0 4 1202 7
60 8787 0 4 1202 7
60.125 8787 0 4 1202 7
60.25 8787 0 4 1202 7
60.375 8787 0 4 1202 7
60.5 8787 0 4 1202 7
60.625 8787 0 4 1202 7
60.75 8787 0 4 1202 7
60.875 8787 0 4 1202 7
61 8787 0 4 1202 7
61.125 8787 0 4 1202 7
61.25 8787 0 4 1202 7
61.375 8787 0 4 1202 7
61.5 8787 0 3 1203 7
61.625 8787 0 3 1203 7
61.75 8787 0 3 1203 7
61.875 8787 0 3 1203 7
62 8787 0 3 1203 7
62.125 8787 0 3 1203 7
62.25 8787 0 3 1203 7
62.375 8787 0 3 1203 7
62.5 8787 0 3 1203 7
62.625 8787 0 3 1203 7
62.75 8787 0 2 1204 7
62.875 8787 0 2 1204 7
63 8787 0 2 1204 7
63.125 8787 0 2 1204 7
63.25 8787 0 2 1204 7
63.375 8787 0 2 1204 7
63.5 8787 0 2 1204 7
63.625 8787 0 2 1204 7
63.75 8787 0 2 1204 7
63.875 8787 0 2 1204 7
64 8787 0 2 1204 7
64.125 8787 0 2 1204 7
64.25 8787 0 2 1204 7
64.375 8787 0 2 1204 7
64.5 8787 0 2 1204 7
64.625 8787 0 2 1204 7
64.75 8787 0 2 1204 7
64.875 8787 0 2 1204 7
65 8787 0 2 1204 7
65.125 8787 0 2 1204 7
65.25 8787 0 2 1204 7
65.375 8787 0 2 1204 7
65.5 8787 0 2 1204 7
65.625 8787 0 2 1204 7
65.75 8787 0 2 1204 7
65.875 8787 0 2 1204 7
66 8787 0 2 1204 7
66.125 8787 0 2 1204 7
66.25 8787 0 1 1205 7
66.375 8787 0 1 1205 7
66.5 8787 0 1 1205 7
66.625 8787 0 1 1205 7
66.75 8787 0 1 1205 7
66.875 8787 0 1 1205 7
67 8787 0 1 1205 7
67.125 8787 0 1 1205 7
67.25 8787 0 1 1205 7
67.375 8787 0 1 1205 7
67.5 8787 0 1 1205 7
67.625 8787 0 1 1205 7
67.75 8787 0 1 1205 7
67.875 8787 0 1 1205 7
68 8787 0 1 1205 7
68.125 8787 0 1 1205 7
68.25 8787 0 1 1205 7
68.375 8787 0 1 1205 7
68.5 8787 0 1 1205 7
68.625 8787 0 1 1205 7
68.75 8787 0 1 1205 7
68.875 8787 0 1 1205 7
69 8787 0 1 1205 7
69.125 8787 0 1 1205 7
69.25 8787 0 1 1205 7
69.375 8787 0 1 1205 7
69.5 8787 0 1 1205 7
69.625 8787 0 1 1205 7
69.75 8787 0 0 1206 7
