t S E I R D
0 9998 0 2 0 0
0.125 9998 0 2 0 0
0.25 9997 1 2 0 0
0.375 9997 1 2 0 0
0.5 9997 1 2 0 0
0.625 9997 1 2 0 0
0.75 9997 1 2 0 0
0.875 9995 3 2 0 0
1 9995 3 2 0 0
1.125 9995 3 2 0 0
1.25 9994 4 2 0 0
1.375 9994 4 2 0 0
1.5 9994 4 2 0 0
1.625 9994 4 2 0 0
1.75 9993 5 1 1 0
1.875 9993 4 2 1 0
2 9993 4 2 1 0
2.125 9993 4 2 1 0
2.25 9993 3 2 2 0
2.375 9993 3 1 3 0
2.5 9993 3 1 3 0
2.625 9992 4 1 3 0
2.75 9991 5 1 3 0
2.875 9991 5 1 3 0
3 9990 4 3 3 0
3.125 9989 4 4 3 0
3.25 9989 4 4 3 0
3.375 9988 5 3 4 0
3.5 9988 5 3 4 0
3.625 9988 5 3 4 0
3.75 9988 5 3 4 0
3.875 9988 5 3 4 0
4 9988 3 5 4 0
4.125 9987 4 4 5 0
4.25 9986 5 4 5 0
4.375 9985 6 4 5 0
4.5 9985 6 4 5 0
4.625 9985 6 4 5 0
4.75 9984 7 4 5 0
4.875 9983 8 4 5 0
5 9982 9 4 5 0
5.125 9981 9 5 5 0
5.25 9981 7 6 6 0
5.375 9980 8 6 6 0
5.5 9979 9 5 7 0
5.625 9977 9 7 7 0
5.75 9976 9 8 7 0
5.875 9972 13 5 10 0
6 9969 15 5 11 0
6.125 9968 15 6 11 0
6.25 9961 21 7 11 0
6.375 9956 24 9 11 0
6.5 9949 30 10 11 0
6.625 9937 38 14 11 0
6.75 9926 47 16 11 0
6.875 9909 58 21 12 0
7 9902 61 25 12 0
7.125 9892 66 30 12 0
7.25 9881 72 35 12 0
7.375 9860 90 38 12 0
7.5 9848 95 43 13 1
7.625 9835 101 46 17 1
7.75 9819 108 52 20 1
7.875 9805 115 59 20 1
8 9790 124 65 20 1
8.125 9773 134 72 20 1
8.25 9747 149 81 22 1
8.375 9724 167 86 22 1
8.5 9702 177 94 26 1
8.625 9686 186 99 28 1
8.75 9666 197 105 31 1
8.875 9646 201 119 33 1
9 9626 211 123 39 1
9.125 9602 223 132 42 1
9.25 9577 239 139 44 1
9.375 9561 244 147 47 1
9.5 9540 239 169 51 1
9.625 9518 247 178 56 1
9.75 9498 249 190 62 1
9.875 9470 258 208 63 1
10 9447 264 220 68 1
10.125 9416 278 233 72 1
10.25 9382 292 250 75 1
10.375 9369 282 268 80 1
10.5 9341 288 283 87 1
10.625 9308 307 289 95 1
10.75 9283 314 300 102 1
10.875 9251 330 310 108 1
11 9230 328 327 114 1
11.125 9208 326 341 124 1
11.25 9175 344 344 135 2
11.375 9151 348 359 140 2
11.5 9120 364 364 150 2
11.625 9094 365 383 156 2
11.75 9073 366 395 164 2
11.875 9055 364 403 176 2
12 9029 364 422 183 2
12.125 9009 348 446 195 2
12.25 8987 348 463 200 2
12.375 8956 368 461 213 2
12.5 8928 371 466 233 2
12.625 8886 400 470 242 2
12.75 8862 401 483 252 2
12.875 8831 414 495 258 2
13 8807 418 504 269 2
13.125 8781 412 527 278 2
13.25 8744 424 539 291 2
13.375 8717 426 549 306 2
13.5 8688 429 556 325 2
13.625 8663 432 572 331 2
13.75 8640 428 583 347 2
13.875 8616 428 596 358 2
14 8582 435 608 373 2
14.125 8558 443 612 385 2
14.25 8541 434 627 395 3
14.375 8518 434 634 411 3
14.5 8498 436 637 426 3
14.625 8475 417 667 438 3
14.75 8461 403 678 455 3
14.875 8444 400 680 473 3
15 8429 393 688 487 3
15.125 8412 384 698 502 4
15.25 8391 377 707 521 4
15.375 8371 378 710 537 4
15.5 8349 377 723 547 4
15.625 8336 372 726 562 4
15.75 8318 363 738 577 4
15.875 8299 364 739 594 4
16 8273 362 753 608 4
16.125 8258 357 763 618 4
16.25 8242 349 775 630 4
16.375 8228 338 783 647 4
16.5 8215 314 806 661 4
16.625 8203 304 810 679 4
16.75 8194 290 813 699 4
16.875 8177 284 821 713 5
17 8161 281 831 722 5
17.125 8149 278 837 731 5
17.25 8132 276 838 749 5
17.375 8117 278 834 766 5
17.5 8109 264 836 785 6
17.625 8106 243 851 793 7
17.75 8098 240 847 808 7
17.875 8088 235 837 833 7
18 8080 221 837 854 8
18.125 8068 217 832 875 8
18.25 8060 208 834 890 8
18.375 8056 204 826 906 8
18.5 8048 204 815 925 8
18.625 8038 200 812 942 8
18.75 8034 191 809 958 8
18.875 8027 182 812 971 8
19 8020 179 808 985 8
19.125 8014 173 797 1008 8
19.25 8011 168 785 1028 8
19.375 8004 165 779 1044 8
19.5 8002 152 773 1065 8
19.625 7999 145 772 1076 8
19.75 7992 141 768 1091 8
19.875 7987 137 758 1110 8
20 7983 128 758 1122 9
20.125 7977 129 751 1134 9
20.25 7976 119 746 1150 9
20.375 7972 119 733 1167 9
20.5 7971 111 719 1189 10
20.625 7965 111 715 1199 10
20.75 7962 106 711 1211 10
20.875 7955 107 701 1227 10
21 7951 107 692 1240 10
21.125 7949 99 690 1252 10
21.25 7944 98 684 1264 10
21.375 7940 99 677 1274 10
21.5 7932 103 671 1284 10
21.625 7930 96 665 1299 10
21.75 7925 96 659 1310 10
21.875 7922 95 643 1330 10
22 7918 90 637 1345 10
22.125 7916 86 632 1356 10
22.25 7912 83 630 1365 10
22.375 7908 81 629 1371 11
22.5 7904 79 621 1385 11
22.625 7901 77 611 1400 11
22.75 7901 73 598 1416 12
22.875 7899 70 585 1434 12
23 7898 67 580 1443 12
23.125 7897 62 577 1451 13
23.25 7895 57 577 1458 13
23.375 7892 56 574 1465 13
23.5 7891 55 567 1474 13
23.625 7888 53 556 1489 14
23.75 7886 55 547 1498 14
23.875 7886 52 539 1509 14
24 7886 48 533 1519 14
24.125 7886 43 532 1525 14
24.25 7884 41 520 1541 14
24.375 7883 41 504 1558 14
24.5 7880 43 493 1570 14
24.625 7880 42 481 1583 14
24.75 7876 44 464 1602 14
24.875 7876 38 457 1615 14
25 7876 36 450 1624 14
25.125 7874 36 446 1630 14
25.25 7874 33 438 1641 14
25.375 7873 31 434 1647 15
25.5 7871 32 425 1657 15
25.625 7870 31 420 1664 15
25.75 7867 33 414 1671 15
25.875 7865 33 408 1678 16
26 7865 28 407 1684 16
26.125 7864 29 403 1688 16
26.25 7864 28 394 1698 16
26.375 7864 28 390 1702 16
26.5 7864 28 383 1709 16
26.625 7862 27 380 1715 16
26.75 7861 25 372 1726 16
26.875 7861 25 363 1735 16
27 7859 27 357 1741 16
27.125 7859 27 349 1749 16
27.25 7859 24 346 1755 16
27.375 7859 24 340 1761 16
27.5 7859 22 335 1768 16
27.625 7858 21 327 1778 16
27.75 7858 18 327 1781 16
27.875 7857 18 321 1788 16
28 7857 16 323 1788 16
28.125 7857 15 318 1794 16
28.25 7855 16 311 1802 16
28.375 7854 15 305 1809 17
28.5 7854 14 301 1814 17
28.625 7854 14 295 1820 17
28.75 7854 13 287 1829 17
28.875 7852 14 281 1836 17
29 7850 13 279 1841 17
29.125 7850 12 274 1847 17
29.25 7850 12 270 1851 17
29.375 7850 12 264 1857 17
29.5 7849 13 258 1863 17
29.625 7848 14 254 1867 17
29.75 7847 15 248 1873 17
29.875 7847 15 245 1876 17
30 7847 15 240 1881 17
30.125 7847 14 238 1884 17
30.25 7847 13 234 1889 17
30.375 7845 14 230 1894 17
30.5 7845 14 227 1897 17
30.625 7845 14 223 1901 17
30.75 7845 14 216 1908 17
30.875 7844 13 214 1912 17
31 7843 14 208 1918 17
31.125 7843 12 203 1925 17
31.25 7843 11 201 1928 17
31.375 7842 10 201 1930 17
31.5 7842 10 192 1939 17
31.625 7842 10 186 1945 17
31.75 7842 10 183 1948 17
31.875 7842 10 181 1950 17
32 7842 9 174 1958 17
32.125 7842 8 171 1962 17
32.25 7842 6 173 1962 17
32.375 7842 6 167 1968 17
32.5 7842 6 163 1972 17
32.625 7842 6 161 1974 17
32.75 7842 6 156 1979 17
32.875 7842 5 153 1983 17
33 7842 5 149 1987 17
33.125 7841 5 146 1991 17
33.25 7841 4 147 1991 17
33.375 7841 4 145 1993 17
33.5 7839 6 142 1996 17
33.625 7839 5 142 1997 17
33.75 7839 5 140 1999 17
33.875 7839 5 139 2000 17
34 7839 5 136 2003 17
34.125 7839 5 132 2007 17
34.25 7839 5 129 2010 17
34.375 7839 4 127 2013 17
34.5 7838 5 126 2014 17
34.625 7838 4 124 2017 17
34.75 7838 4 123 2018 17
34.875 7837 5 118 2023 17
35 7837 5 118 2023 17
35.125 7836 6 113 2028 17
35.25 7836 6 109 2031 18
35.375 7836 5 109 2032 18
35.5 7836 5 106 2035 18
35.625 7836 4 104 2037 19
35.75 7836 4 101 2040 19
35.875 7836 4 100 2041 19
36 7836 4 97 2044 19
36.125 7836 4 95 2046 19
36.25 7836 4 91 2050 19
36.375 7836 3 92 2050 19
36.5 7836 3 88 2054 19
36.625 7836 3 88 2054 19
36.75 7836 1 87 2057 19
36.875 7836 1 83 2061 19
37 7836 1 81 2063 19
37.125 7836 1 79 2065 19
37.25 7834 3 76 2068 19
37.375 7834 3 76 2068 19
37.5 7834 3 75 2069 19
37.625 7834 3 71 2073 19
37.75 7834 3 71 2073 19
37.875 7834 3 71 2073 19
38 7834 3 71 2073 19
38.125 7833 3 70 2075 19
38.25 7833 2 71 2075 19
38.375 7833 2 70 2076 19
38.5 7833 2 68 2078 19
38.625 7833 2 67 2079 19
38.75 7833 2 64 2082 19
38.875 7833 2 62 2084 19
39 7833 2 62 2084 19
39.125 7833 2 62 2084 19
39.25 7833 1 62 2085 19
39.375 7833 1 59 2088 19
39.5 7833 1 56 2091 19
39.625 7833 1 55 2092 19
39.75 7833 1 55 2092 19
39.875 7833 1 53 2094 19
40 7833 1 51 2096 19
40.125 7833 1 50 2097 19
40.25 7833 1 48 2099 19
40.375 7833 1 45 2102 19
40.5 7833 1 44 2103 19
40.625 7832 2 43 2104 19
40.75 7832 1 42 2106 19
40.875 7832 1 39 2108 20
41 7832 1 39 2108 20
41.125 7832 1 39 2108 20
41.25 7832 1 38 2109 20
41.375 7832 1 38 2109 20
41.5 7832 1 35 2112 20
41.625 7832 0 36 2112 20
41.75 7832 0 36 2112 20
41.875 7832 0 35 2113 20
42 7832 0 34 2114 20
42.125 7832 0 34 2114 20
42.25 7832 0 32 2116 20
42.375 7832 0 30 2118 20
42.5 7832 0 28 2120 20
42.625 7832 0 28 2120 20
42.75 7832 0 28 2120 20
42.875 7832 0 28 2120 20
43 7832 0 28 2120 20
43.125 7832 0 28 2120 20
43.25 7832 0 28 2120 20
43.375 7832 0 28 2120 20
43.5 7832 0 27 2121 20
43.625 7832 0 27 2121 20
43.75 7832 0 25 2123 20
43.875 7832 0 25 2123 20
44 7832 0 25 2123 20
44.125 7832 0 25 2123 20
44.25 7832 0 24 2124 20
44.375 7832 0 22 2126 20
44.5 7832 0 22 2126 20
44.625 7832 0 22 2126 20
44.75 7832 0 21 2127 20
44.875 7832 0 20 2128 20
45 7832 0 18 2130 20
45.125 7832 0 18 2130 20
45.25 7832 0 17 2131 20
45.375 7832 0 16 2132 20
45.5 7832 0 16 2132 20
45.625 7832 0 16 2132 20
45.75 7832 0 15 2133 20
45.875 7832 0 15 2133 20
46 7832 0 15 2133 20
46.125 7832 0 15 2133 20
46.25 7832 0 15 2133 20
46.375 7832 0 15 2133 20
46.5 7832 0 15 2133 20
46.625 7832 0 14 2134 20
46.75 7832 0 13 2135 20
46.875 7832 0 12 2136 20
47 7832 0 12 2136 20
47.125 7832 0 11 2137 20
47.25 7832 0 11 2137 20
47.375 7832 0 10 2138 20
47.5 7832 0 10 2138 20
47.625 7832 0 9 2139 20
47.75 7832 0 8 2140 20
47.875 7832 0 8 2140 20
48 7832 0 8 2140 20
48.125 7832 0 8 2140 20
48.25 7832 0 8 2140 20
48.375 7832 0 8 2140 20
48.5 7832 0 8 2140 20
48.625 7832 0 8 2140 20
48.75 7832 0 6 2142 20
48.875 7832 0 6 2142 20
49 7832 0 6 2142 20
49.125 7832 0 6 2142 20
49.25 7832 0 6 2142 20
49.375 7832 0 6 2142 20
49.5 7832 0 6 2142 20
49.625 7832 0 6 2142 20
49.75 7832 0 5 2143 20
49.875 7832 0 4 2144 20
50 7832 0 4 2144 20
50.125 7832 0 3 2145 20
50.25 7832 0 3 2145 20
50.375 7832 0 3 2145 20
50.5 7832 0 3 2145 20
50.625 7832 0 3 2145 20
50.75 7832 0 3 2145 20
50.875 7832 0 3 2145 20
51 7832 0 3 2145 20
51.125 7832 0 3 2145 20
51.25 7832 0 3 2145 20
51.375 7832 0 3 2145 20
51.5 7832 0 3 2145 20
51.625 7832 0 3 2145 20
51.75 7832 0 3 2145 20
51.875 7832 0 3 2145 20
52 7832 0 3 2145 20
52.125 7832 0 3 2145 20
52.25 7832 0 3 2145 20
52.375 7832 0 3 2145 20
52.5 7832 0 3 2145 20
52.625 7832 0 3 2145 20
52.75 7832 0 3 2145 20
52.875 7832 0 3 2145 20
53 7832 0 2 2146 20
53.125 7832 0 2 2146 20
53.25 7832 0 2 2146 20
53.375 7832 0 2 2146 20
53.5 7832 0 2 2146 20
53.625 7832 0 2 2146 20
53.75 7832 0 2 2146 20
53.875 7832 0 2 2146 20
54 7832 0 2 2146 20
54.125 7832 0 2 2146 20
54.25 7832 0 2 2146 20
54.375 7832 0 2 2146 20
54.5 7832 0 2 2146 20
54.625 7832 0 2 2146 20
54.75 7832 0 2 2146 20
54.875 7832 0 2 2146 20
55 7832 0 2 2146 20
55.125 7832 0 2 2146 20
55.25 7832 0 2 2146 20
55.375 7832 0 2 2146 20
55.5 7832 0 2 2146 20
55.625 7832 0 0 2148 20
