t S E I R D
0 9998 0 2 0 0
0.125 9998 0 2 0 0
0.25 9997 1 2 0 0
0.375 9997 1 2 0 0
0.5 9997 1 2 0 0
0.625 9997 1 2 0 0
0.75 9997 1 2 0 0
0.875 9997 1 2 0 0
1 9997 1 2 0 0
1.125 9997 1 2 0 0
1.25 9997 1 2 0 0
1.375 9997 1 2 0 0
1.5 9997 0 3 0 0
1.625 9997 0 3 0 0
1.75 9997 0 3 0 0
1.875 9997 0 3 0 0
2 9997 0 3 0 0
2.125 9997 0 3 0 0
2.25 9997 0 3 0 0
2.375 9997 0 3 0 0
2.5 9997 0 3 0 0
2.625 9996 1 3 0 0
2.75 9995 2 3 0 0
2.875 9995 1 4 0 0
3 9988 8 4 0 0
3.125 9981 15 4 0 0
3.25 9976 19 5 0 0
3.375 9975 19 6 0 0
3.5 9970 22 8 0 0
3.625 9966 25 9 0 0
3.75 9955 34 10 1 0
3.875 9950 38 11 1 0
4 9946 41 11 2 0
4.125 9938 46 12 4 0
4.25 9929 51 16 4 0
4.375 9916 61 19 4 0
4.5 9906 67 23 4 0
4.625 9895 74 26 5 0
4.75 9887 78 30 5 0
4.875 9875 89 29 7 0
5 9859 98 36 7 0
5.125 9841 106 46 7 0
5.25 9825 111 57 7 0
5.375 9807 121 64 8 0
5.5 9791 134 67 8 0
5.625 9777 139 73 11 0
5.75 9760 151 78 11 0
5.875 9736 168 83 13 0
6 9720 170 96 14 0
6.125 9700 178 103 19 0
6.25 9685 182 109 24 0
6.375 9666 193 114 27 0
6.5 9630 217 123 30 0
6.625 9597 237 134 32 0
6.75 9563 255 148 34 0
6.875 9520 277 166 37 0
7 9465 318 175 42 0
7.125 9412 347 196 45 0
7.25 9374 360 212 54 0
7.375 9296 413 232 59 0
7.5 9221 457 258 64 0
7.625 9157 496 279 68 0
7.75 9116 519 292 73 0
7.875 9053 550 319 78 0
8 8990 576 349 85 0
8.125 8920 609 380 91 0
8.25 8836 664 397 103 0
8.375 8743 717 427 113 0
8.5 8662 753 460 125 0
8.625 8568 799 498 135 0
8.75 8464 838 550 148 0
8.875 8364 886 593 157 0
9 8243 954 638 165 0
9.125 8123 1022 673 182 0
9.25 8012 1068 728 192 0
9.375 7896 1104 789 211 0
9.5 7776 1146 847 231 0
9.625 7631 1214 903 252 0
9.75 7486 1275 972 267 0
9.875 7346 1336 1028 289 1
10 7332 1279 1071 317 1
10.125 7314 1218 1133 334 1
10.25 7295 1164 1184 356 1
10.375 7277 1104 1232 386 1
10.5 7267 1041 1276 414 2
10.625 7258 976 1331 433 2
10.75 7250 927 1357 464 2
10.875 7235 878 1395 490 2
11 7223 844 1408 523 2
11.125 7212 803 1432 550 3
11.25 7208 751 1461 577 3
11.375 7203 711 1474 609 3
11.5 7194 666 1508 628 4
11.625 7190 627 1515 664 4
11.75 7182 597 1529 688 4
11.875 7179 563 1534 720 4
12 7173 526 1534 763 4
12.125 7171 497 1521 807 4
12.25 7169 464 1530 833 4
12.375 7165 437 1516 877 5
12.5 7164 412 1506 912 6
12.625 7163 383 1503 944 7
12.75 7161 359 1488 985 7
12.875 7156 338 1475 1024 7
13 7154 307 1482 1050 7
13.125 7154 291 1470 1078 7
13.25 7152 268 1453 1120 7
13.375 7151 247 1444 1150 8
13.5 7149 232 1441 1170 8
13.625 7146 213 1441 1192 8
13.75 7145 198 1430 1218 9
13.875 7144 183 1413 1251 9
14 7144 170 1406 1271 9
14.125 7141 157 1397 1295 10
14.25 7137 151 1377 1325 10
14.375 7135 145 1361 1349 10
14.5 7134 131 1359 1366 10
14.625 7133 127 1337 1393 10
14.75 7130 125 1316 1419 10
14.875 7129 120 1298 1443 10
15 7129 111 1280 1470 10
15.125 7128 102 1267 1492 11
15.25 7128 93 1244 1523 12
15.375 7126 91 1225 1546 12
15.5 7124 91 1203 1570 12
15.625 7122 87 1178 1601 12
15.75 7122 82 1154 1630 12
15.875 7119 78 1137 1654 12
16 7118 74 1114 1682 12
16.125 7118 72 1096 1702 12
16.25 7118 67 1083 1720 12
16.375 7115 70 1058 1745 12
16.5 7115 62 1040 1770 13
16.625 7115 58 1013 1801 13
16.75 7114 55 996 1822 13
16.875 7112 53 979 1843 13
17 7109 55 959 1864 13
17.125 7109 51 943 1884 13
17.25 7109 50 923 1904 14
17.375 7109 48 905 1924 14
17.5 7109 48 885 1944 14
17.625 7107 47 873 1959 14
17.75 7107 45 858 1976 14
17.875 7107 43 841 1994 15
18 7106 44 826 2009 15
18.125 7105 44 805 2031 15
18.25 7104 42 787 2052 15
18.375 7104 37 777 2067 15
18.5 7104 36 761 2084 15
18.625 7104 34 745 2102 15
18.75 7104 33 729 2119 15
18.875 7104 31 717 2133 15
19 7104 29 693 2159 15
19.125 7104 28 678 2175 15
19.25 7104 26 667 2188 15
19.375 7104 22 657 2202 15
19.5 7103 23 642 2217 15
19.625 7103 21 631 2230 15
19.75 7103 18 624 2239 16
19.875 7103 15 620 2246 16
20 7103 15 613 2253 16
20.125 7103 15 601 2265 16
20.25 7103 14 588 2278 17
20.375 7103 13 579 2288 17
20.5 7103 12 572 2295 18
20.625 7103 10 564 2305 18
20.75 7103 9 556 2314 18
20.875 7103 9 543 2327 18
21 7103 8 533 2338 18
21.125 7103 6 525 2348 18
21.25 7103 6 511 2362 18
21.375 7103 6 495 2378 18
21.5 7103 6 486 2387 18
21.625 7103 6 467 2404 20
21.75 7102 5 455 2418 20
21.875 7102 5 444 2429 20
22 7102 5 434 2439 20
22.125 7102 5 424 2449 20
22.25 7102 5 416 2456 21
22.375 7102 5 408 2464 21
22.5 7102 5 400 2472 21
22.625 7102 4 392 2481 21
22.75 7102 4 380 2493 21
22.875 7102 4 373 2500 21
23 7102 4 364 2509 21
23.125 7102 3 361 2513 21
23.25 7102 3 355 2519 21
23.375 7101 4 350 2524 21
23.5 7101 4 345 2529 21
23.625 7101 3 339 2536 21
23.75 7101 3 328 2546 22
23.875 7101 2 322 2553 22
24 7101 2 315 2560 22
24.125 7101 2 313 2562 22
24.25 7101 2 305 2570 22
24.375 7101 2 300 2575 22
24.5 7101 1 294 2582 22
24.625 7101 1 289 2587 22
24.75 7101 1 281 2595 22
24.875 7101 1 272 2604 22
25 7101 1 265 2611 22
25.125 7101 1 261 2615 22
25.25 7101 1 255 2621 22
25.375 7101 1 251 2625 22
25.5 7100 2 243 2633 22
25.625 7100 1 242 2635 22
25.75 7100 1 238 2639 22
25.875 7100 1 233 2644 22
26 7100 1 230 2647 22
26.125 7100 1 227 2650 22
26.25 7100 1 226 2651 22
26.375 7100 1 223 2654 22
26.5 7099 2 221 2656 22
26.625 7099 2 219 2658 22
26.75 7099 2 212 2664 23
26.875 7099 2 207 2669 23
27 7099 2 203 2673 23
27.125 7098 3 198 2678 23
27.25 7098 3 197 2679 23
27.375 7098 3 194 2682 23
27.5 7098 3 187 2689 23
27.625 7098 2 186 2691 23
27.75 7098 2 182 2695 23
27.875 7098 2 181 2696 23
28 7098 2 177 2700 23
28.125 7098 1 173 2705 23
28.25 7098 1 167 2711 23
28.375 7098 1 165 2713 23
28.5 7098 1 162 2716 23
28.625 7098 1 158 2720 23
28.75 7098 1 152 2726 23
28.875 7098 1 147 2731 23
29 7098 1 144 2734 23
29.125 7098 1 140 2738 23
29.25 7098 1 139 2739 23
29.375 7098 1 135 2743 23
29.5 7098 1 134 2744 23
29.625 7098 1 132 2746 23
29.75 7098 0 132 2747 23
29.875 7098 0 131 2748 23
30 7098 0 126 2753 23
30.125 7098 0 123 2756 23
30.25 7098 0 120 2759 23
30.375 7098 0 116 2763 23
30.5 7098 0 113 2766 23
30.625 7098 0 109 2770 23
30.75 7098 0 106 2773 23
30.875 7098 0 106 2773 23
31 7098 0 103 2776 23
31.125 7098 0 101 2778 23
31.25 7098 0 100 2779 23
31.375 7098 0 100 2779 23
31.5 7098 0 97 2782 23
31.625 7098 0 96 2783 23
31.75 7098 0 95 2784 23
31.875 7098 0 91 2788 23
32 7098 0 91 2788 23
32.125 7098 0 88 2791 23
32.25 7098 0 87 2792 23
32.375 7098 0 83 2796 23
32.5 7098 0 81 2798 23
32.625 7098 0 77 2802 23
32.75 7098 0 74 2804 24
32.875 7098 0 74 2804 24
33 7098 0 73 2805 24
33.125 7098 0 72 2806 24
33.25 7098 0 69 2809 24
33.375 7098 0 66 2812 24
33.5 7098 0 65 2813 24
33.625 7098 0 65 2813 24
33.75 7098 0 62 2816 24
33.875 7098 0 61 2817 24
34 7098 0 59 2819 24
34.125 7098 0 58 2820 24
34.25 7097 1 57 2821 24
34.375 7097 1 55 2823 24
34.5 7097 1 53 2825 24
34.625 7097 1 52 2826 24
34.75 7097 1 52 2826 24
34.875 7097 1 51 2827 24
35 7096 2 51 2827 24
35.125 7096 2 50 2828 24
35.25 7096 2 50 2828 24
35.375 7096 2 50 2828 24
35.5 7096 2 48 2830 24
35.625 7096 2 46 2832 24
35.75 7096 2 45 2833 24
35.875 7096 1 44 2835 24
36 7096 1 43 2836 24
36.125 7096 1 43 2836 24
36.25 7096 1 43 2836 24
36.375 7096 1 42 2837 24
36.5 7096 1 42 2837 24
36.625 7096 1 41 2838 24
36.75 7096 1 40 2839 24
36.875 7096 1 40 2839 24
37 7096 1 40 2839 24
37.125 7096 1 40 2839 24
37.25 7096 1 40 2839 24
37.375 7096 1 39 2840 24
37.5 7096 0 40 2840 24
37.625 7096 0 37 2843 24
37.75 7096 0 37 2843 24
37.875 7096 0 37 2843 24
38 7096 0 35 2844 25
38.125 7096 0 34 2845 25
38.25 7096 0 34 2845 25
38.375 7096 0 32 2846 26
38.5 7096 0 32 2846 26
38.625 7096 0 30 2848 26
38.75 7096 0 28 2850 26
38.875 7096 0 27 2851 26
39 7096 0 27 2851 26
39.125 7096 0 26 2852 26
39.25 7096 0 24 2854 26
39.375 7096 0 24 2854 26
39.5 7096 0 23 2855 26
39.625 7096 0 21 2857 26
39.75 7096 0 20 2858 26
39.875 7096 0 19 2859 26
40 7096 0 16 2862 26
40.125 7096 0 15 2863 26
40.25 7096 0 15 2863 26
40.375 7096 0 15 2863 26
40.5 7096 0 15 2863 26
40.625 7096 0 15 2863 26
40.75 7096 0 15 2863 26
40.875 7096 0 15 2863 26
41 7096 0 14 2864 26
41.125 7096 0 14 2864 26
41.25 7096 0 14 2864 26
41.375 7096 0 14 2864 26
41.5 7096 0 14 2864 26
41.625 7096 0 14 2864 26
41.75 7096 0 14 2864 26
41.875 7096 0 14 2864 26
42 7096 0 14 2864 26
42.125 7096 0 14 2864 26
42.25 7096 0 14 2864 26
42.375 7096 0 14 2864 26
42.5 7096 0 14 2864 26
42.625 7096 0 14 2864 26
42.75 7096 0 14 2864 26
42.875 7096 0 13 2865 26
43 7096 0 12 2866 26
43.125 7096 0 12 2866 26
43.25 7096 0 11 2867 26
43.375 7096 0 10 2868 26
43.5 7096 0 10 2868 26
43.625 7096 0 10 2868 26
43.75 7096 0 10 2868 26
43.875 7096 0 10 2868 26
44 7096 0 10 2868 26
44.125 7096 0 10 2868 26
44.25 7096 0 9 2869 26
44.375 7096 0 9 2869 26
44.5 7096 0 9 2869 26
44.625 7096 0 9 2869 26
44.75 7096 0 9 2869 26
44.875 7096 0 9 2869 26
45 7096 0 9 2869 26
45.125 7096 0 9 2869 26
45.25 7096 0 9 2869 26
45.375 7096 0 9 2869 26
45.5 7096 0 9 2869 26
45.625 7096 0 9 2869 26
45.75 7096 0 9 2869 26
45.875 7096 0 9 2869 26
46 7096 0 9 2869 26
46.125 7096 0 9 2869 26
46.25 7096 0 9 2869 26
46.375 7096 0 9 2869 26
46.5 7096 0 9 2869 26
46.625 7096 0 9 2869 26
46.75 7096 0 7 2871 26
46.875 7096 0 7 2871 26
47 7096 0 7 2871 26
47.125 7096 0 6 2872 26
47.25 7096 0 6 2872 26
47.375 7096 0 6 2872 26
47.5 7096 0 6 2872 26
47.625 7096 0 6 2872 26
47.75 7096 0 6 2872 26
47.875 7096 0 6 2872 26
48 7096 0 5 2873 26
48.125 7096 0 5 2873 26
48.25 7096 0 5 2873 26
48.375 7096 0 5 2873 26
48.5 7096 0 5 2873 26
48.625 7096 0 5 2873 26
48.75 7096 0 5 2873 26
48.875 7096 0 5 2873 26
49 7096 0 5 2873 26
49.125 7096 0 5 2873 26
49.25 7096 0 5 2873 26
49.375 7096 0 5 2873 26
49.5 7096 0 5 2873 26
49.625 7096 0 5 2873 26
49.75 7096 0 5 2873 26
49.875 7096 0 4 2874 26
50 7096 0 4 2874 26
50.125 7096 0 4 2874 26
50.25 7096 0 4 2874 26
50.375 7096 0 4 2874 26
50.5 7096 0 4 2874 26
50.625 7096 0 4 2874 26
50.75 7096 0 4 2874 26
50.875 7096 0 4 2874 26
51 7096 0 4 2874 26
51.125 7096 0 4 2874 26
51.25 7096 0 4 2874 26
51.375 7096 0 3 2875 26
51.5 7096 0 2 2876 26
51.625 7096 0 2 2876 26
51.75 7096 0 2 2876 26
51.875 7096 0 2 2876 26
52 7096 0 2 2876 26
52.125 7096 0 2 2876 26
52.25 7096 0 2 2876 26
52.375 7096 0 2 2876 26
52.5 7096 0 2 2876 26
52.625 7096 0 2 2876 26
52.75 7096 0 2 2876 26
52.875 7096 0 2 2876 26
53 7096 0 2 2876 26
53.125 7096 0 2 2876 26
53.25 7096 0 2 2876 26
53.375 7096 0 2 2876 26
53.5 7096 0 2 2876 26
53.625 7096 0 2 2876 26
53.75 7096 0 2 2876 26
53.875 7096 0 2 2876 26
54 7096 0 2 2876 26
54.125 7096 0 2 2876 26
54.25 7096 0 2 2876 26
54.375 7096 0 2 2876 26
54.5 7096 0 2 2876 26
54.625 7096 0 2 2876 26
54.75 7096 0 1 2877 26
54.875 7096 0 1 2877 26
55 7096 0 1 2877 26
55.125 7096 0 1 2877 26
55.25 7096 0 1 2877 26
55.375 7096 0 1 2877 26
55.5 7096 0 1 2877 26
55.625 7096 0 1 2877 26
55.75 7096 0 1 2877 26
55.875 7096 0 1 2877 26
56 7096 0 1 2877 26
56.125 7096 0 1 2877 26
56.25 7096 0 1 2877 26
56.375 7096 0 1 2877 26
56.5 7096 0 1 2877 26
56.625 7096 0 1 2877 26
56.75 7096 0 1 2877 26
56.875 7096 0 1 2877 26
57 7096 0 1 2877 26
57.125 7096 0 1 2877 26
57.25 7096 0 1 2877 26
57.375 7096 0 1 2877 26
57.5 7096 0 1 2877 26
57.625 7096 0 1 2877 26
57.75 7096 0 1 2877 26
57.875 7096 0 1 2877 26
58 7096 0 1 2877 26
58.125 7096 0 1 2877 26
58.25 7096 0 1 2877 26
58.375 7096 0 0 2878 26
