t S E I R D
0 9998 0 2 0 0
0.125 9998 0 2 0 0
0.25 9998 0 2 0 0
0.375 9998 0 2 0 0
0.5 9998 0 2 0 0
0.625 9998 0 2 0 0
0.75 9998 0 2 0 0
0.875 9998 0 2 0 0
1 9998 0 2 0 0
1.125 9997 1 2 0 0
1.25 9997 1 2 0 0
1.375 9997 1 2 0 0
1.5 9997 1 2 0 0
1.625 9997 1 2 0 0
1.75 9996 2 2 0 0
1.875 9996 2 2 0 0
2 9996 2 2 0 0
2.125 9996 2 2 0 0
2.25 9996 2 2 0 0
2.375 9996 2 2 0 0
2.5 9996 2 2 0 0
2.625 9996 1 3 0 0
2.75 9995 2 3 0 0
2.875 9994 3 3 0 0
3 9993 4 3 0 0
3.125 9993 4 3 0 0
3.25 9992 5 3 0 0
3.375 9992 4 4 0 0
3.5 9978 18 4 0 0
3.625 9969 26 5 0 0
3.75 9962 30 8 0 0
3.875 9949 40 10 1 0
4 9941 44 14 1 0
4.125 9933 46 20 1 0
4.25 9924 51 24 1 0
4.375 9908 64 27 1 0
4.5 9893 75 31 1 0
4.625 9877 88 34 1 0
4.75 9859 102 36 3 0
4.875 9849 100 46 5 0
5 9830 110 53 7 0
5.125 9809 127 57 7 0
5.25 9793 134 63 10 0
5.375 9777 147 63 13 0
5.5 9755 157 74 14 0
5.625 9742 161 82 15 0
5.75 9725 169 88 18 0
5.875 9697 191 92 20 0
6 9674 206 100 20 0
6.125 9641 231 106 22 0
6.25 9608 258 109 25 0
6.375 9563 289 121 27 0
6.5 9531 303 136 30 0
6.625 9498 321 150 31 0
6.75 9459 339 166 36 0
6.875 9415 358 187 40 0
7 9365 386 204 45 0
7.125 9323 404 226 47 0
7.25 9276 428 245 51 0
7.375 9205 459 281 55 0
7.5 9129 513 296 62 0
7.625 9066 543 320 71 0
7.75 9012 557 351 80 0
7.875 8937 601 379 83 0
8 8841 651 418 90 0
8.125 8751 708 441 100 0
8.25 8661 753 477 109 0
8.375 8570 799 511 120 0
8.5 8481 831 553 135 0
8.625 8375 872 608 145 0
8.75 8263 937 639 161 0
8.875 8162 973 688 177 0
9 8057 1027 728 188 0
9.125 7918 1090 791 201 0
9.25 7796 1139 845 220 0
9.375 7644 1215 908 233 0
9.5 7533 1250 969 247 1
9.625 7412 1297 1017 273 1
9.75 7292 1338 1074 294 2
9.875 7204 1345 1130 319 2
10 7111 1350 1198 339 2
10.125 7016 1363 1265 354 2
10.25 6942 1345 1331 379 3
10.375 6857 1361 1373 406 3
10.5 6777 1361 1420 439 3
10.625 6689 1365 1475 467 4
10.75 6612 1358 1533 493 4
10.875 6563 1327 1584 522 4
11 6518 1288 1635 555 4
11.125 6479 1257 1671 589 4
11.25 6426 1214 1737 617 6
11.375 6389 1159 1792 654 6
11.5 6348 1127 1824 695 6
11.625 6309 1095 1870 718 8
11.75 6275 1054 1900 763 8
11.875 6242 1025 1916 808 9
12 6204 1002 1936 849 9
12.125 6184 954 1965 888 9
12.25 6155 917 1985 934 9
12.375 6130 882 2001 977 10
12.5 6101 856 2009 1022 12
12.625 6082 824 2023 1059 12
12.75 6069 777 2042 1099 13
12.875 6049 743 2057 1138 13
13 6033 716 2067 1170 14
13.125 6020 689 2063 1213 15
13.25 6005 654 2080 1246 15
13.375 5994 628 2073 1290 15
13.5 5978 598 2077 1331 16
13.625 5969 582 2068 1365 16
13.75 5959 558 2062 1405 16
13.875 5952 521 2061 1450 16
14 5944 493 2064 1483 16
14.125 5932 465 2061 1526 16
14.25 5924 442 2042 1576 16
14.375 5914 426 2023 1621 16
14.5 5910 405 1991 1677 17
14.625 5904 396 1974 1708 18
14.75 5898 369 1954 1760 19
14.875 5889 350 1942 1800 19
15 5885 337 1931 1828 19
15.125 5878 327 1915 1861 19
15.25 5875 307 1906 1893 19
15.375 5870 291 1880 1940 19
15.5 5866 272 1865 1977 20
15.625 5862 259 1841 2018 20
15.75 5855 251 1816 2057 21
15.875 5851 241 1782 2103 23
16 5846 231 1748 2150 25
16.125 5843 218 1735 2179 25
16.25 5838 210 1712 2214 26
16.375 5832 200 1694 2247 27
16.5 5829 192 1676 2276 27
16.625 5825 184 1652 2311 28
16.75 5823 177 1607 2365 28
16.875 5821 168 1585 2398 28
17 5818 158 1564 2432 28
17.125 5817 151 1533 2471 28
17.25 5815 141 1511 2505 28
17.375 5812 134 1489 2537 28
17.5 5811 128 1468 2565 28
17.625 5808 124 1439 2601 28
17.75 5807 119 1414 2632 28
17.875 5805 117 1381 2669 28
18 5804 114 1358 2696 28
18.125 5804 109 1338 2720 29
18.25 5804 100 1330 2737 29
18.375 5804 95 1302 2769 30
18.5 5803 89 1276 2801 31
18.625 5803 85 1246 2835 31
18.75 5800 78 1232 2858 32
18.875 5799 76 1209 2884 32
19 5794 78 1189 2907 32
19.125 5793 68 1177 2930 32
19.25 5793 64 1155 2956 32
19.375 5793 63 1138 2974 32
19.5 5792 60 1117 2999 32
19.625 5791 58 1098 3021 32
19.75 5790 57 1083 3038 32
19.875 5790 51 1071 3056 32
20 5789 48 1045 3086 32
20.125 5788 45 1029 3105 33
20.25 5787 44 1009 3127 33
20.375 5787 38 989 3153 33
20.5 5787 36 966 3178 33
20.625 5786 33 950 3198 33
20.75 5786 30 934 3217 33
20.875 5786 29 913 3239 33
21 5785 27 899 3256 33
21.125 5783 27 884 3273 33
21.25 5782 27 869 3289 33
21.375 5782 26 851 3308 33
21.5 5780 28 833 3326 33
21.625 5779 27 813 3348 33
21.75 5779 26 802 3360 33
21.875 5778 26 788 3375 33
22 5777 27 766 3397 33
22.125 5776 25 757 3409 33
22.25 5776 24 746 3421 33
22.375 5776 24 727 3440 33
22.5 5776 21 709 3461 33
22.625 5776 20 690 3481 33
22.75 5776 20 671 3500 33
22.875 5776 20 662 3509 33
23 5776 19 647 3525 33
23.125 5776 18 643 3530 33
23.25 5775 19 627 3546 33
23.375 5775 18 621 3553 33
23.5 5775 18 609 3565 33
23.625 5775 17 597 3578 33
23.75 5775 17 581 3594 33
23.875 5775 17 575 3600 33
24 5775 16 565 3610 34
24.125 5775 15 548 3628 34
24.25 5775 15 534 3642 34
24.375 5775 14 526 3651 34
24.5 5775 13 516 3662 34
24.625 5775 13 503 3675 34
24.75 5775 12 494 3685 34
24.875 5775 11 484 3695 35
25 5775 11 476 3703 35
25.125 5775 11 466 3713 35
25.25 5775 11 458 3721 35
25.375 5775 11 449 3730 35
25.5 5775 10 432 3748 35
25.625 5775 10 422 3758 35
25.75 5775 9 420 3761 35
25.875 5774 10 414 3767 35
26 5774 10 409 3772 35
26.125 5774 10 398 3783 35
26.25 5774 10 390 3791 35
26.375 5774 9 384 3798 35
26.5 5774 8 376 3807 35
26.625 5774 8 363 3820 35
26.75 5774 8 355 3827 36
26.875 5774 8 346 3836 36
27 5774 6 342 3841 37
27.125 5774 6 335 3848 37
27.25 5774 6 327 3856 37
27.375 5774 6 318 3864 38
27.5 5774 6 313 3869 38
27.625 5774 6 312 3870 38
27.75 5774 6 308 3874 38
27.875 5774 6 301 3881 38
28 5774 6 298 3884 38
28.125 5774 4 293 3891 38
28.25 5774 4 288 3896 38
28.375 5774 3 279 3906 38
28.5 5774 3 273 3912 38
28.625 5774 3 269 3916 38
28.75 5774 3 260 3924 39
28.875 5774 3 255 3929 39
29 5774 3 251 3933 39
29.125 5774 3 246 3938 39
29.25 5774 3 242 3942 39
29.375 5773 4 237 3946 40
29.5 5772 5 233 3950 40
29.625 5772 5 227 3956 40
29.75 5772 5 220 3963 40
29.875 5772 5 217 3966 40
30 5772 5 214 3969 40
30.125 5772 4 212 3972 40
30.25 5772 4 208 3976 40
30.375 5772 3 204 3981 40
30.5 5772 3 203 3982 40
30.625 5772 3 196 3989 40
30.75 5772 3 194 3991 40
30.875 5771 4 188 3997 40
31 5770 5 183 4002 40
31.125 5770 4 179 4007 40
31.25 5770 4 176 4010 40
31.375 5770 3 172 4014 41
31.5 5770 2 166 4021 41
31.625 5770 2 162 4025 41
31.75 5770 1 161 4027 41
31.875 5770 1 159 4029 41
32 5770 1 159 4029 41
32.125 5770 1 156 4032 41
32.25 5770 1 149 4039 41
32.375 5770 1 147 4041 41
32.5 5770 1 145 4043 41
32.625 5770 1 141 4047 41
32.75 5770 0 139 4050 41
32.875 5770 0 136 4053 41
33 5770 0 135 4054 41
33.125 5770 0 131 4058 41
33.25 5770 0 122 4066 42
33.375 5770 0 118 4070 42
33.5 5770 0 113 4075 42
33.625 5770 0 112 4076 42
33.75 5770 0 109 4079 42
33.875 5770 0 107 4081 42
34 5770 0 107 4081 42
34.125 5770 0 103 4085 42
34.25 5770 0 103 4085 42
34.375 5770 0 101 4087 42
34.5 5770 0 100 4088 42
34.625 5770 0 97 4091 42
34.75 5770 0 91 4097 42
34.875 5770 0 89 4099 42
35 5770 0 86 4102 42
35.125 5770 0 83 4105 42
35.25 5770 0 82 4106 42
35.375 5770 0 81 4107 42
35.5 5770 0 81 4107 42
35.625 5770 0 78 4110 42
35.75 5770 0 77 4111 42
35.875 5770 0 75 4113 42
36 5770 0 75 4113 42
36.125 5770 0 71 4117 42
36.25 5770 0 69 4119 42
36.375 5770 0 67 4121 42
36.5 5770 0 67 4121 42
36.625 5770 0 65 4123 42
36.75 5770 0 64 4124 42
36.875 5770 0 62 4126 42
37 5769 1 61 4127 42
37.125 5769 1 60 4128 42
37.25 5769 1 57 4131 42
37.375 5769 1 57 4131 42
37.5 5769 1 56 4132 42
37.625 5769 1 55 4133 42
37.75 5769 1 55 4133 42
37.875 5769 1 55 4133 42
38 5769 1 54 4134 42
38.125 5769 1 52 4136 42
38.25 5769 1 51 4137 42
38.375 5769 1 51 4137 42
38.5 5769 0 52 4137 42
38.625 5769 0 52 4137 42
38.75 5769 0 52 4137 42
38.875 5769 0 51 4138 42
39 5769 0 50 4139 42
39.125 5769 0 47 4141 43
39.25 5769 0 47 4141 43
39.375 5769 0 45 4143 43
39.5 5769 0 45 4143 43
39.625 5769 0 45 4143 43
39.75 5769 0 44 4144 43
39.875 5769 0 44 4144 43
40 5769 0 44 4144 43
40.125 5769 0 44 4144 43
40.25 5769 0 44 4144 43
40.375 5769 0 44 4144 43
40.5 5769 0 43 4145 43
40.625 5769 0 41 4147 43
40.75 5768 1 41 4147 43
40.875 5768 1 37 4151 43
41 5768 1 37 4151 43
41.125 5768 1 36 4152 43
41.25 5768 0 35 4154 43
41.375 5768 0 33 4156 43
41.5 5768 0 33 4156 43
41.625 5768 0 31 4158 43
41.75 5768 0 29 4159 44
41.875 5768 0 28 4160 44
42 5768 0 28 4160 44
42.125 5768 0 28 4160 44
42.25 5768 0 28 4160 44
42.375 5768 0 27 4161 44
42.5 5768 0 26 4162 44
42.625 5768 0 26 4162 44
42.75 5768 0 26 4162 44
42.875 5768 0 26 4162 44
43 5768 0 26 4162 44
43.125 5768 0 25 4163 44
43.25 5768 0 25 4163 44
43.375 5768 0 25 4163 44
43.5 5768 0 24 4164 44
43.625 5768 0 24 4164 44
43.75 5768 0 23 4165 44
43.875 5768 0 23 4165 44
44 5768 0 22 4166 44
44.125 5768 0 22 4166 44
44.25 5768 0 22 4166 44
44.375 5768 0 22 4166 44
44.5 5768 0 20 4168 44
44.625 5768 0 19 4169 44
44.75 5768 0 18 4170 44
44.875 5768 0 18 4170 44
45 5768 0 18 4170 44
45.125 5768 0 18 4170 44
45.25 5768 0 18 4170 44
45.375 5768 0 18 4170 44
45.5 5768 0 17 4171 44
45.625 5768 0 17 4171 44
45.75 5768 0 17 4171 44
45.875 5768 0 17 4171 44
46 5768 0 16 4172 44
46.125 5768 0 16 4172 44
46.25 5768 0 16 4172 44
46.375 5768 0 16 4172 44
46.5 5768 0 16 4172 44
46.625 5768 0 16 4172 44
46.75 5768 0 14 4174 44
46.875 5768 0 13 4175 44
47 5768 0 13 4175 44
47.125 5768 0 12 4176 44
47.25 5768 0 12 4176 44
47.375 5768 0 12 4176 44
47.5 5768 0 12 4176 44
47.625 5768 0 12 4176 44
47.75 5768 0 12 4176 44
47.875 5768 0 12 4176 44
48 5768 0 11 4177 44
48.125 5768 0 11 4177 44
48.25 5768 0 11 4177 44
48.375 5768 0 10 4178 44
48.5 5768 0 10 4178 44
48.625 5768 0 10 4178 44
48.75 5768 0 8 4180 44
48.875 5768 0 8 4180 44
49 5768 0 8 4180 44
49.125 5768 0 8 4180 44
49.25 5768 0 8 4180 44
49.375 5768 0 8 4180 44
49.5 5768 0 8 4180 44
49.625 5768 0 8 4180 44
49.75 5768 0 8 4180 44
49.875 5768 0 8 4180 44
50 5768 0 8 4180 44
50.125 5768 0 8 4180 44
50.25 5768 0 8 4180 44
50.375 5768 0 6 4182 44
50.5 5768 0 6 4182 44
50.625 5768 0 6 4182 44
50.75 5768 0 6 4182 44
50.875 5768 0 6 4182 44
51 5768 0 5 4183 44
51.125 5768 0 5 4183 44
51.25 5768 0 5 4183 44
51.375 5768 0 5 4183 44
51.5 5768 0 5 4183 44
51.625 5768 0 5 4183 44
51.75 5768 0 4 4184 44
51.875 5768 0 4 4184 44
52 5768 0 4 4184 44
52.125 5768 0 4 4184 44
52.25 5768 0 4 4184 44
52.375 5768 0 3 4185 44
52.5 5768 0 3 4185 44
52.625 5768 0 3 4185 44
52.75 5768 0 3 4185 44
52.875 5768 0 3 4185 44
53 5768 0 2 4186 44
53.125 5768 0 2 4186 44
53.25 5768 0 2 4186 44
53.375 5768 0 1 4187 44
53.5 5768 0 1 4187 44
53.625 5768 0 1 4187 44
53.75 5768 0 1 4187 44
53.875 5768 0 1 4187 44
54 5768 0 1 4187 44
54.125 5768 0 1 4187 44
54.25 5768 0 1 4187 44
54.375 5768 0 1 4187 44
54.5 5768 0 1 4187 44
54.625 5768 0 1 4187 44
54.75 5768 0 1 4187 44
54.875 5768 0 1 4187 44
55 5768 0 1 4187 44
55.125 5768 0 1 4187 44
55.25 5768 0 1 4187 44
55.375 5768 0 1 4187 44
55.5 5768 0 1 4187 44
55.625 5768 0 1 4187 44
55.75 5768 0 0 4188 44
