t S E I R D
0 9998 0 2 0 0
0.125 9998 0 2 0 0
0.25 9998 0 1 1 0
0.375 9998 0 1 1 0
0.5 9998 0 1 1 0
0.625 9998 0 1 1 0
0.75 9998 0 1 1 0
0.875 9998 0 1 1 0
1 9998 0 1 1 0
1.125 9998 0 1 1 0
1.25 9998 0 1 1 0
1.375 9998 0 1 1 0
1.5 9998 0 1 1 0
1.625 9997 1 1 1 0
1.75 9997 1 1 1 0
1.875 9997 1 1 1 0
2 9997 1 1 1 0
2.125 9997 1 1 1 0
2.25 9997 1 1 1 0
2.375 9996 2 1 1 0
2.5 9996 2 1 1 0
2.625 9996 2 1 1 0
2.75 9995 3 1 1 0
2.875 9995 3 1 1 0
3 9995 3 1 1 0
3.125 9995 3 1 1 0
3.25 9995 3 1 1 0
3.375 9995 3 1 1 0
3.5 9995 3 1 1 0
3.625 9995 3 0 2 0
3.75 9995 3 0 2 0
3.875 9995 3 0 2 0
4 9995 2 1 2 0
4.125 9985 12 1 2 0
4.25 9975 20 3 2 0
4.375 9974 21 2 3 0
4.5 9965 29 3 3 0
4.625 9962 29 6 3 0
4.75 9958 32 7 3 0
4.875 9951 39 7 3 0
5 9946 39 12 3 0
5.125 9939 44 12 5 0
5.25 9938 43 14 5 0
5.375 9938 40 17 5 0
5.5 9936 39 20 5 0
5.625 9935 40 19 6 0
5.75 9931 41 22 6 0
5.875 9927 42 24 7 0
6 9924 44 23 9 0
6.125 9921 44 25 10 0
6.25 9917 46 27 10 0
6.375 9910 52 27 11 0
6.5 9905 54 29 12 0
6.625 9901 56 29 13 1
6.75 9895 59 32 13 1
6.875 9888 59 39 13 1
7 9881 64 41 13 1
7.125 9872 69 44 14 1
7.25 9866 69 48 16 1
7.375 9857 75 48 19 1
7.5 9851 76 52 20 1
7.625 9844 82 51 22 1
7.75 9837 84 56 22 1
7.875 9833 82 60 24 1
8 9825 88 62 24 1
8.125 9820 85 68 26 1
8.25 9814 82 76 27 1
8.375 9798 96 76 29 1
8.5 9782 107 79 30 2
8.625 9768 113 87 30 2
8.75 9751 124 91 32 2
8.875 9742 125 99 32 2
9 9723 132 111 32 2
9.125 9712 129 123 34 2
9.25 9695 143 123 37 2
9.375 9678 151 129 40 2
9.5 9666 148 141 43 2
9.625 9650 155 147 46 2
9.75 9635 157 159 47 2
9.875 9620 158 167 53 2
10 9601 165 173 59 2
10.125 9585 168 184 61 2
10.25 9570 178 188 62 2
10.375 9550 184 196 68 2
10.5 9539 182 206 71 2
10.625 9526 181 218 73 2
10.75 9507 189 226 76 2
10.875 9498 187 234 79 2
11 9491 186 235 86 2
11.125 9475 195 232 96 2
11.25 9468 189 242 99 2
11.375 9459 186 246 107 2
11.5 9453 185 251 109 2
11.625 9439 188 255 116 2
11.75 9421 195 259 123 2
11.875 9410 199 261 128 2
12 9396 203 264 135 2
12.125 9387 203 269 139 2
12.25 9381 198 275 144 2
12.375 9373 191 287 147 2
12.5 9364 189 295 150 2
12.625 9351 190 304 153 2
12.75 9339 189 311 159 2
12.875 9330 193 306 169 2
13 9320 192 311 174 3
13.125 9308 193 314 182 3
13.25 9298 191 312 196 3
13.375 9289 192 314 202 3
13.5 9279 191 316 211 3
13.625 9266 188 326 217 3
13.75 9251 190 331 225 3
13.875 9239 185 341 232 3
14 9228 188 341 240 3
14.125 9217 186 345 249 3
14.25 9212 177 349 258 4
14.375 9200 178 346 272 4
14.5 9189 183 344 280 4
14.625 9183 182 342 289 4
14.75 9171 180 345 300 4
14.875 9160 172 358 305 5
15 9152 170 361 312 5
15.125 9146 165 366 318 5
15.25 9135 163 370 326 6
15.375 9123 169 369 333 6
15.5 9115 162 376 341 6
15.625 9107 165 375 347 6
15.75 9100 164 374 356 6
15.875 9093 163 381 357 6
16 9079 169 382 364 6
16.125 9073 160 384 377 6
16.25 9065 160 379 390 6
16.375 9059 162 380 393 6
16.5 9052 159 381 402 6
16.625 9043 157 379 415 6
16.75 9034 155 380 424 7
16.875 9026 155 378 434 7
17 9016 154 381 442 7
17.125 9009 153 383 448 7
17.25 9004 148 387 454 7
17.375 8998 143 388 464 7
17.5 8993 144 379 477 7
17.625 8992 134 384 483 7
17.75 8980 136 385 492 7
17.875 8974 137 387 495 7
18 8967 138 382 506 7
18.125 8959 141 378 515 7
18.25 8952 138 381 522 7
18.375 8947 129 385 531 8
18.5 8942 125 390 535 8
18.625 8932 125 388 546 9
18.75 8928 122 382 559 9
18.875 8923 119 378 571 9
19 8919 119 375 578 9
19.125 8911 122 374 583 10
19.25 8908 117 372 593 10
19.375 8906 115 364 605 10
19.5 8904 109 364 613 10
19.625 8902 107 360 621 10
19.75 8899 106 357 628 10
19.875 8894 101 359 635 11
20 8892 94 360 643 11
20.125 8887 97 355 650 11
20.25 8880 98 355 656 11
20.375 8874 98 356 661 11
20.5 8869 98 354 667 12
20.625 8865 97 352 674 12
20.75 8864 96 342 686 12
20.875 8863 91 331 703 12
21 8861 89 332 706 12
21.125 8857 87 332 712 12
21.25 8855 80 333 720 12
21.375 8852 79 326 731 12
21.5 8851 76 326 735 12
21.625 8846 80 320 742 12
21.75 8845 74 324 745 12
21.875 8843 69 326 750 12
22 8843 66 322 757 12
22.125 8842 57 321 768 12
22.25 8841 51 325 771 12
22.375 8838 46 329 775 12
22.5 8837 44 325 782 12
22.625 8835 44 320 789 12
22.75 8835 43 311 799 12
22.875 8835 40 308 805 12
23 8832 40 304 811 13
23.125 8831 39 298 819 13
23.25 8831 36 293 827 13
23.375 8829 35 290 833 13
23.5 8828 35 286 838 13
23.625 8827 34 282 844 13
23.75 8824 35 279 849 13
23.875 8824 33 278 851 14
24 8823 32 275 856 14
24.125 8821 32 267 866 14
24.25 8819 32 264 871 14
24.375 8814 36 262 874 14
24.5 8813 34 257 882 14
24.625 8812 33 252 888 15
24.75 8811 32 248 894 15
24.875 8810 30 245 900 15
25 8810 28 241 906 15
25.125 8810 27 235 913 15
25.25 8807 29 233 916 15
25.375 8807 28 232 918 15
25.5 8807 28 227 923 15
25.625 8806 29 222 928 15
25.75 8805 30 216 934 15
25.875 8805 30 212 938 15
26 8803 30 207 945 15
26.125 8803 26 209 947 15
26.25 8803 24 208 950 15
26.375 8801 24 203 957 15
26.5 8801 22 198 964 15
26.625 8801 19 200 965 15
26.75 8801 18 199 967 15
26.875 8800 18 195 972 15
27 8798 17 196 974 15
27.125 8798 17 192 978 15
27.25 8797 17 191 980 15
27.375 8797 17 186 985 15
27.5 8797 17 181 990 15
27.625 8797 14 181 993 15
27.75 8797 14 176 998 15
27.875 8797 14 173 1001 15
28 8796 13 171 1005 15
28.125 8795 14 168 1008 15
28.25 8795 13 168 1009 15
28.375 8795 12 167 1011 15
28.5 8795 11 165 1014 15
28.625 8795 11 158 1021 15
28.75 8795 9 158 1023 15
28.875 8795 8 155 1027 15
29 8795 7 151 1032 15
29.125 8795 7 149 1034 15
29.25 8793 9 144 1039 15
29.375 8793 9 143 1040 15
29.5 8792 9 143 1041 15
29.625 8792 9 141 1043 15
29.75 8792 8 137 1048 15
29.875 8791 8 138 1048 15
30 8790 8 138 1049 15
30.125 8790 8 134 1053 15
30.25 8789 9 132 1055 15
30.375 8788 10 128 1059 15
30.5 8787 9 125 1064 15
30.625 8787 8 122 1068 15
30.75 8787 7 119 1072 15
30.875 8787 6 119 1073 15
31 8786 7 115 1077 15
31.125 8786 6 115 1078 15
31.25 8786 5 113 1081 15
31.375 8786 4 111 1084 15
31.5 8786 4 107 1088 15
31.625 8786 4 103 1092 15
31.75 8785 4 102 1094 15
31.875 8785 4 100 1096 15
32 8784 4 97 1100 15
32.125 8784 4 96 1101 15
32.25 8784 4 96 1101 15
32.375 8783 5 91 1106 15
32.5 8782 6 90 1107 15
32.625 8782 6 90 1107 15
32.75 8782 6 90 1107 15
32.875 8782 6 89 1108 15
33 8780 8 88 1109 15
33.125 8780 7 87 1111 15
33.25 8780 7 86 1112 15
33.375 8780 7 85 1113 15
33.5 8780 7 83 1115 15
33.625 8780 6 83 1116 15
33.75 8780 5 82 1118 15
33.875 8780 5 77 1122 16
34 8779 6 74 1125 16
34.125 8779 6 73 1126 16
34.25 8779 5 70 1130 16
34.375 8779 5 69 1131 16
34.5 8779 5 68 1132 16
34.625 8778 6 66 1134 16
34.75 8777 7 66 1134 16
34.875 8777 7 65 1135 16
35 8777 7 61 1138 17
35.125 8777 7 60 1139 17
35.25 8777 7 57 1142 17
35.375 8777 7 55 1144 17
35.5 8777 6 56 1144 17
35.625 8776 6 56 1145 17
35.75 8776 5 54 1148 17
35.875 8776 4 55 1148 17
36 8774 5 55 1149 17
36.125 8774 5 55 1149 17
36.25 8774 4 55 1150 17
36.375 8773 5 53 1152 17
36.5 8773 5 52 1153 17
36.625 8772 5 51 1155 17
36.75 8772 5 49 1156 18
36.875 8772 4 48 1158 18
37 8772 4 47 1159 18
37.125 8772 3 48 1159 18
37.25 8772 3 47 1160 18
37.375 8772 3 46 1161 18
37.5 8772 3 46 1161 18
37.625 8772 2 45 1163 18
37.75 8772 2 44 1164 18
37.875 8772 2 42 1166 18
38 8772 2 42 1166 18
38.125 8772 1 40 1169 18
38.25 8772 1 39 1170 18
38.375 8772 1 38 1171 18
38.5 8772 1 37 1172 18
38.625 8772 1 34 1175 18
38.75 8772 1 32 1177 18
38.875 8772 1 32 1177 18
39 8771 2 31 1178 18
39.125 8771 2 30 1179 18
39.25 8771 2 28 1181 18
39.375 8771 2 28 1181 18
39.5 8771 2 27 1182 18
39.625 8771 2 27 1182 18
39.75 8771 1 28 1182 18
39.875 8771 1 28 1182 18
40 8771 1 26 1184 18
40.125 8771 1 26 1184 18
40.25 8771 1 26 1184 18
40.375 8771 1 24 1186 18
40.5 8771 1 23 1187 18
40.625 8771 1 23 1187 18
40.75 8771 1 23 1187 18
40.875 8771 1 22 1188 18
41 8771 1 22 1188 18
41.125 8771 1 22 1188 18
41.25 8771 0 23 1188 18
41.375 8771 0 22 1189 18
41.5 8771 0 22 1189 18
41.625 8771 0 22 1189 18
41.75 8771 0 22 1189 18
41.875 8771 0 22 1189 18
42 8771 0 22 1189 18
42.125 8771 0 22 1189 18
42.25 8771 0 21 1190 18
42.375 8771 0 21 1190 18
42.5 8771 0 20 1191 18
42.625 8771 0 20 1191 18
42.75 8771 0 20 1191 18
42.875 8771 0 20 1191 18
43 8771 0 20 1191 18
43.125 8771 0 20 1191 18
43.25 8771 0 20 1191 18
43.375 8771 0 20 1191 18
43.5 8771 0 19 1192 18
43.625 8771 0 16 1195 18
43.75 8771 0 16 1195 18
43.875 8771 0 16 1195 18
44 8771 0 16 1195 18
44.125 8771 0 16 1195 18
44.25 8771 0 16 1195 18
44.375 8771 0 16 1195 18
44.5 8771 0 15 1196 18
44.625 8771 0 15 1196 18
44.75 8771 0 15 1196 18
44.875 8770 1 14 1197 18
45 8770 1 13 1198 18
45.125 8770 1 13 1198 18
45.25 8770 1 13 1198 18
45.375 8770 1 13 1198 18
45.5 8770 1 13 1198 18
45.625 8770 1 13 1198 18
45.75 8770 1 13 1198 18
45.875 8770 1 12 1199 18
46 8770 1 12 1199 18
46.125 8770 1 12 1199 18
46.25 8770 1 11 1200 18
46.375 8770 1 11 1200 18
46.5 8770 1 11 1200 18
46.625 8770 1 11 1200 18
46.75 8770 1 10 1201 18
46.875 8770 1 9 1202 18
47 8770 1 9 1202 18
47.125 8770 1 9 1202 18
47.25 8770 1 9 1202 18
47.375 8770 1 9 1202 18
47.5 8770 1 9 1202 18
47.625 8770 1 9 1202 18
47.75 8770 1 9 1202 18
47.875 8770 1 9 1202 18
48 8770 1 7 1204 18
48.125 8770 1 7 1204 18
48.25 8770 1 7 1204 18
48.375 8770 1 7 1204 18
48.5 8770 1 7 1204 18
48.625 8770 1 7 1204 18
48.75 8770 1 7 1204 18
48.875 8770 1 7 1204 18
49 8770 1 7 1204 18
49.125 8770 1 6 1205 18
49.25 8770 1 6 1205 18
49.375 8770 1 6 1205 18
49.5 8770 0 7 1205 18
49.625 8770 0 6 1206 18
49.75 8770 0 6 1206 18
49.875 8770 0 6 1206 18
50 8770 0 6 1206 18
50.125 8770 0 4 1208 18
50.25 8770 0 4 1208 18
50.375 8770 0 4 1208 18
50.5 8770 0 4 1208 18
50.625 8770 0 4 1208 18
50.75 8770 0 4 1208 18
50.875 8770 0 4 1208 18
51 8770 0 4 1208 18
51.125 8770 0 4 1208 18
51.25 8770 0 4 1208 18
51.375 8770 0 4 1208 18
51.5 8770 0 4 1208 18
51.625 8770 0 4 1208 18
51.75 8770 0 3 1209 18
51.875 8770 0 3 1209 18
52 8770 0 3 1209 18
52.125 8770 0 3 1209 18
52.25 8770 0 2 1210 18
52.375 8770 0 2 1210 18
52.5 8770 0 2 1210 18
52.625 8770 0 2 1210 18
52.75 8770 0 2 1210 18
52.875 8770 0 2 1210 18
53 8770 0 2 1210 18
53.125 8770 0 2 1210 18
53.25 8770 0 2 1210 18
53.375 8770 0 2 1210 18
53.5 8770 0 2 1210 18
53.625 8770 0 2 1210 18
53.75 8770 0 2 1210 18
53.875 8770 0 2 1210 18
54 8770 0 1 1211 18
54.125 8770 0 1 1211 18
54.25 8770 0 1 1211 18
54.375 8770 0 1 1211 18
54.5 8770 0 1 1211 18
54.625 8770 0 1 1211 18
54.75 8770 0 1 1211 18
54.875 8770 0 1 1211 18
55 8770 0 1 1211 18
55.125 8770 0 1 1211 18
55.25 8770 0 1 1211 18
55.375 8770 0 1 1211 18
55.5 8770 0 1 1211 18
55.625 8770 0 1 1211 18
55.75 8770 0 1 1211 18
55.875 8770 0 1 1211 18
56 8770 0 0 1212 18
