t S E I R D
0 9999 0 1 0 0
0.125 9999 0 1 0 0
0.25 9999 0 1 0 0
0.375 9999 0 1 0 0
0.5 9999 0 1 0 0
0.625 9999 0 1 0 0
0.75 9999 0 1 0 0
0.875 9999 0 1 0 0
1 9999 0 1 0 0
1.125 9999 0 1 0 0
1.25 9999 0 1 0 0
1.375 9999 0 1 0 0
1.5 9999 0 1 0 0
1.625 9998 1 1 0 0
1.75 9998 1 1 0 0
1.875 9998 0 2 0 0
2 9998 0 2 0 0
2.125 9998 0 2 0 0
2.25 9998 0 2 0 0
2.375 9998 0 2 0 0
2.5 9998 0 2 0 0
2.625 9998 0 2 0 0
2.75 9998 0 2 0 0
2.875 9998 0 2 0 0
3 9998 0 2 0 0
3.125 9998 0 2 0 0
3.25 9998 0 2 0 0
3.375 9998 0 2 0 0
3.5 9998 0 2 0 0
3.625 9998 0 1 1 0
3.75 9998 0 1 1 0
3.875 9998 0 1 1 0
4 9998 0 1 1 0
4.125 9998 0 1 1 0
4.25 9998 0 1 1 0
4.375 9998 0 1 1 0
4.5 9998 0 1 1 0
4.625 9998 0 1 1 0
4.75 9998 0 1 1 0
4.875 9998 0 1 1 0
5 9998 0 1 1 0
5.125 9997 1 1 1 0
5.25 9997 1 1 1 0
5.375 9997 1 1 1 0
5.5 9997 1 1 1 0
5.625 9997 1 1 1 0
5.75 9997 1 1 1 0
5.875 9997 1 1 1 0
6 9997 1 1 1 0
6.125 9997 1 1 1 0
6.25 9997 1 1 1 0
6.375 9996 2 1 1 0
6.5 9996 2 1 1 0
6.625 9996 2 1 1 0
6.75 9996 2 1 1 0
6.875 9996 1 2 1 0
7 9996 1 2 1 0
7.125 9996 1 2 1 0
7.25 9995 2 2 1 0
7.375 9995 1 3 1 0
7.5 9995 1 3 1 0
7.625 9995 1 3 1 0
7.75 9995 1 3 1 0
7.875 9995 1 3 1 0
8 9995 1 3 1 0
8.125 9995 1 3 1 0
8.25 9995 1 3 1 0
8.375 9995 1 3 1 0
8.5 9994 1 4 1 0
8.625 9994 1 4 1 0
8.75 9994 1 4 1 0
8.875 9994 1 4 1 0
9 9993 2 4 1 0
9.125 9993 2 4 1 0
9.25 9993 2 4 1 0
9.375 9992 2 5 1 0
9.5 9991 3 5 1 0
9.625 9990 4 5 1 0
9.75 9990 4 5 1 0
9.875 9990 4 5 1 0
10 9989 5 5 1 0
10.125 9989 5 5 1 0
10.25 9987 7 5 1 0
10.375 9987 7 5 1 0
10.5 9987 7 5 1 0
10.625 9987 6 6 1 0
10.75 9987 5 7 1 0
10.875 9987 5 7 1 0
11 9987 5 7 1 0
11.125 9985 7 7 1 0
11.25 9985 7 7 1 0
11.375 9985 6 8 1 0
11.5 9985 6 7 2 0
11.625 9984 7 7 2 0
11.75 9984 7 7 2 0
11.875 9984 7 7 2 0
12 9984 7 7 2 0
12.125 9983 8 7 2 0
12.25 9982 9 7 2 0
12.375 9981 9 8 2 0
12.5 9980 10 8 2 0
12.625 9979 11 7 3 0
12.75 9976 14 7 3 0
12.875 9975 14 8 3 0
13 9975 13 9 3 0
13.125 9975 13 9 3 0
13.25 9974 14 9 3 0
13.375 9971 17 9 3 0
13.5 9971 14 12 3 0
13.625 9966 17 14 3 0
13.75 9959 22 15 4 0
13.875 9953 27 16 4 0
14 9951 28 17 4 0
14.125 9942 32 22 4 0
14.25 9930 43 23 4 0
14.375 9920 51 24 5 0
14.5 9909 59 27 5 0
14.625 9905 57 33 5 0
14.75 9898 59 35 8 0
14.875 9892 60 39 9 0
15 9879 68 44 9 0
15.125 9871 71 49 9 0
15.25 9858 79 54 9 0
15.375 9840 93 58 9 0
15.5 9834 95 61 10 0
15.625 9820 104 64 12 0
15.75 9804 115 69 12 0
15.875 9787 127 73 13 0
16 9777 134 74 15 0
16.125 9765 137 81 17 0
16.25 9744 148 88 20 0
16.375 9726 158 95 21 0
16.5 9720 154 103 23 0
16.625 9700 162 114 24 0
16.75 9687 163 125 25 0
16.875 9661 181 130 28 0
17 9645 187 137 31 0
17.125 9626 199 144 31 0
17.25 9602 213 153 32 0
17.375 9575 230 159 36 0
17.5 9549 243 172 36 0
17.625 9520 256 182 41 1
17.75 9509 258 188 44 1
17.875 9490 264 200 45 1
18 9477 259 209 54 1
18.125 9459 257 221 62 1
18.25 9450 246 234 69 1
18.375 9429 254 243 73 1
18.5 9420 247 258 74 1
18.625 9404 247 270 78 1
18.75 9391 237 286 85 1
18.875 9375 239 296 89 1
19 9353 246 304 96 1
19.125 9334 244 322 99 1
19.25 9317 243 337 102 1
19.375 9296 247 343 112 2
19.5 9281 247 351 119 2
19.625 9267 247 360 124 2
19.75 9244 259 364 131 2
19.875 9226 267 369 136 2
20 9214 266 377 141 2
20.125 9191 268 389 150 2
20.25 9172 269 399 158 2
20.375 9146 279 406 167 2
20.5 9124 280 417 177 2
20.625 9111 277 418 192 2
20.75 9090 284 426 198 2
20.875 9067 281 448 202 2
21 9042 296 451 209 2
21.125 9025 295 448 230 2
21.25 9011 284 467 236 2
21.375 8994 290 465 249 2
21.5 8964 304 474 256 2
21.625 8946 301 479 272 2
21.75 8917 310 489 282 2
21.875 8899 297 515 287 2
22 8868 313 516 301 2
22.125 8850 306 532 310 2
22.25 8826 314 537 321 2
22.375 8803 314 548 333 2
22.5 8779 319 555 345 2
22.625 8758 322 562 356 2
22.75 8738 317 571 372 2
22.875 8705 334 578 381 2
23 8684 337 580 397 2
23.125 8660 339 590 409 2
23.25 8638 344 593 423 2
23.375 8617 347 601 433 2
23.5 8595 354 605 444 2
23.625 8568 362 614 454 2
23.75 8547 367 618 466 2
23.875 8527 366 624 481 2
24 8507 365 631 495 2
24.125 8483 372 631 512 2
24.25 8456 375 643 522 4
24.375 8440 356 666 534 4
24.5 8422 355 678 541 4
24.625 8406 347 685 558 4
24.75 8384 342 694 576 4
24.875 8362 342 703 589 4
25 8340 342 710 604 4
25.125 8328 337 711 620 4
25.25 8301 346 708 641 4
25.375 8284 343 718 651 4
25.5 8269 343 718 666 4
25.625 8258 333 718 687 4
25.75 8243 326 716 711 4
25.875 8227 321 719 728 5
26 8207 323 725 739 6
26.125 8185 325 727 756 7
26.25 8168 322 734 769 7
26.375 8151 318 746 778 7
26.5 8135 316 749 793 7
26.625 8118 318 747 810 7
26.75 8103 322 735 833 7
26.875 8089 315 738 851 7
27 8069 309 749 866 7
27.125 8056 294 763 880 7
27.25 8039 292 767 894 8
27.375 8018 295 769 910 8
27.5 8004 297 764 927 8
27.625 7990 288 767 947 8
27.75 7970 287 761 973 9
27.875 7959 280 761 991 9
28 7948 272 768 1003 9
28.125 7938 269 767 1017 9
28.25 7924 264 766 1037 9
28.375 7912 264 758 1057 9
28.5 7898 264 750 1079 9
28.625 7883 266 748 1094 9
28.75 7870 248 767 1106 9
28.875 7859 240 761 1131 9
29 7852 231 757 1151 9
29.125 7837 233 756 1165 9
29.25 7819 236 752 1184 9
29.375 7804 237 749 1201 9
29.5 7797 230 743 1221 9
29.625 7782 228 746 1235 9
29.75 7774 219 749 1249 9
29.875 7759 220 749 1263 9
30 7743 227 737 1284 9
30.125 7725 235 736 1294 10
30.25 7715 234 732 1309 10
30.375 7692 236 733 1329 10
30.5 7673 236 738 1343 10
30.625 7658 237 745 1350 10
30.75 7653 226 754 1357 10
30.875 7639 228 742 1381 10
31 7629 226 732 1403 10
31.125 7617 223 732 1418 10
31.25 7606 226 719 1439 10
31.375 7594 220 721 1455 10
31.5 7585 218 724 1463 10
31.625 7571 217 724 1477 11
31.75 7562 212 714 1501 11
31.875 7549 210 708 1520 13
32 7535 214 699 1539 13
32.125 7519 224 688 1556 13
32.25 7504 225 692 1565 14
32.375 7490 225 695 1576 14
32.5 7478 226 689 1593 14
32.625 7470 225 683 1608 14
32.75 7463 218 676 1629 14
32.875 7447 226 676 1637 14
33 7436 221 681 1648 14
33.125 7422 221 674 1669 14
33.25 7407 215 680 1684 14
33.375 7393 212 684 1697 14
33.5 7387 202 688 1709 14
33.625 7374 206 680 1726 14
33.75 7368 199 677 1742 14
33.875 7355 200 674 1756 15
34 7347 192 671 1775 15
34.125 7336 189 668 1791 16
34.25 7330 181 668 1805 16
34.375 7310 184 671 1818 17
34.5 7300 185 663 1835 17
34.625 7292 180 661 1849 18
34.75 7282 177 662 1861 18
34.875 7274 170 669 1869 18
35 7262 168 670 1882 18
35.125 7251 165 671 1895 18
35.25 7241 166 661 1914 18
35.375 7230 165 659 1928 18
35.5 7218 165 653 1946 18
35.625 7207 165 653 1957 18
35.75 7197 170 652 1963 18
35.875 7188 170 645 1979 18
36 7182 162 639 1998 19
36.125 7176 157 639 2009 19
36.25 7172 148 641 2020 19
36.375 7162 145 646 2028 19
36.5 7154 145 636 2046 19
36.625 7146 146 627 2062 19
36.75 7137 144 622 2078 19
36.875 7129 141 613 2098 19
37 7123 136 611 2111 19
37.125 7116 135 609 2121 19
37.25 7108 138 602 2133 19
37.375 7098 144 590 2148 20
37.5 7092 141 589 2158 20
37.625 7080 147 583 2170 20
37.75 7075 148 569 2188 20
37.875 7067 145 564 2204 20
38 7059 143 558 2220 20
38.125 7053 143 556 2228 20
38.25 7050 138 555 2237 20
38.375 7033 146 554 2247 20
38.5 7024 142 558 2256 20
38.625 7020 136 560 2264 20
38.75 7015 131 553 2281 20
38.875 7009 128 552 2291 20
39 7000 128 544 2308 20
39.125 6996 121 538 2325 20
39.25 6989 122 533 2336 20
39.375 6984 117 531 2348 20
39.5 6980 111 526 2363 20
39.625 6975 109 526 2370 20
39.75 6972 106 518 2384 20
39.875 6965 107 518 2390 20
40 6960 105 515 2400 20
40.125 6956 103 508 2413 20
40.25 6953 100 504 2423 20
40.375 6946 103 498 2433 20
40.5 6944 99 496 2441 20
40.625 6940 95 493 2452 20
40.75 6938 93 483 2466 20
40.875 6936 89 481 2474 20
41 6932 90 473 2485 20
41.125 6926 91 467 2496 20
41.25 6923 87 459 2511 20
41.375 6919 85 458 2518 20
41.5 6916 87 445 2531 21
41.625 6910 88 443 2538 21
41.75 6906 90 435 2548 21
41.875 6901 90 429 2558 22
42 6893 94 422 2569 22
42.125 6889 89 418 2581 23
42.25 6888 85 419 2585 23
42.375 6881 87 412 2597 23
42.5 6876 86 410 2605 23
42.625 6873 83 407 2614 23
42.75 6869 82 407 2619 23
42.875 6868 78 403 2628 23
43 6863 79 398 2637 23
43.125 6859 78 386 2654 23
43.25 6858 72 384 2663 23
43.375 6854 71 379 2673 23
43.5 6849 74 378 2676 23
43.625 6848 71 374 2684 23
43.75 6845 67 374 2691 23
43.875 6839 68 370 2700 23
44 6837 67 364 2709 23
44.125 6833 66 360 2718 23
44.25 6831 64 354 2728 23
44.375 6830 59 356 2732 23
44.5 6830 57 352 2738 23
44.625 6826 55 355 2741 23
44.75 6826 52 354 2745 23
44.875 6821 51 355 2750 23
45 6817 51 350 2759 23
45.125 6814 49 347 2767 23
45.25 6810 52 341 2773 24
45.375 6806 52 340 2778 24
45.5 6804 51 334 2787 24
45.625 6802 49 331 2794 24
45.75 6800 50 327 2799 24
45.875 6797 50 323 2806 24
46 6794 52 317 2813 24
46.125 6791 50 314 2821 24
46.25 6790 48 311 2827 24
46.375 6786 50 307 2833 24
46.5 6784 49 303 2840 24
46.625 6781 48 301 2846 24
46.75 6779 45 296 2856 24
46.875 6775 46 292 2863 24
47 6775 45 285 2871 24
47.125 6774 40 284 2878 24
47.25 6773 38 282 2883 24
47.375 6772 38 278 2888 24
47.5 6771 38 271 2896 24
47.625 6770 37 269 2900 24
47.75 6769 36 264 2907 24
47.875 6767 36 259 2914 24
48 6767 34 256 2919 24
48.125 6766 33 252 2925 24
48.25 6766 29 254 2927 24
48.375 6765 29 247 2935 24
48.5 6764 27 247 2938 24
48.625 6760 30 239 2947 24
48.75 6759 26 242 2949 24
48.875 6756 27 238 2955 24
49 6755 27 234 2960 24
49.125 6753 29 232 2962 24
49.25 6752 28 229 2967 24
49.375 6752 27 224 2973 24
49.5 6750 28 219 2979 24
49.625 6747 30 217 2982 24
49.75 6746 29 214 2987 24
49.875 6743 27 214 2991 25
50 6743 24 214 2994 25
50.125 6743 22 210 3000 25
50.25 6741 22 210 3002 25
50.375 6739 20 211 3005 25
50.5 6739 19 206 3011 25
50.625 6737 20 204 3014 25
50.75 6737 20 201 3017 25
50.875 6737 18 199 3021 25
51 6736 18 197 3024 25
51.125 6736 18 193 3028 25
51.25 6733 19 191 3032 25
51.375 6733 15 192 3035 25
51.5 6732 15 189 3039 25
51.625 6730 15 185 3045 25
51.75 6728 17 181 3049 25
51.875 6728 15 181 3051 25
52 6727 15 179 3054 25
52.125 6725 15 176 3059 25
52.25 6725 15 172 3063 25
52.375 6723 17 169 3066 25
52.5 6721 18 168 3068 25
52.625 6721 17 165 3072 25
52.75 6721 16 161 3077 25
52.875 6721 15 157 3082 25
53 6721 13 156 3085 25
53.125 6720 14 155 3086 25
53.25 6720 14 152 3089 25
53.375 6719 13 153 3090 25
53.5 6718 12 151 3094 25
53.625 6718 12 148 3097 25
53.75 6717 10 146 3102 25
53.875 6716 11 145 3103 25
54 6715 11 144 3105 25
54.125 6714 12 143 3106 25
54.25 6713 11 141 3110 25
54.375 6712 10 140 3113 25
54.5 6711 11 138 3115 25
54.625 6710 12 129 3124 25
54.75 6709 12 128 3126 25
54.875 6708 13 127 3127 25
55 6708 12 128 3127 25
55.125 6706 13 122 3134 25
55.25 6704 14 121 3136 25
55.375 6703 14 122 3136 25
55.5 6703 14 118 3140 25
55.625 6701 15 117 3142 25
55.75 6700 15 116 3144 25
55.875 6700 13 115 3147 25
56 6699 13 111 3152 25
56.125 6697 14 111 3153 25
56.25 6696 14 110 3155 25
56.375 6696 13 111 3155 25
56.5 6695 12 111 3157 25
56.625 6694 11 110 3160 25
56.75 6694 11 110 3160 25
56.875 6694 11 105 3165 25
57 6693 12 101 3169 25
57.125 6692 13 100 3170 25
57.25 6690 15 96 3174 25
57.375 6688 16 93 3178 25
57.5 6687 16 93 3179 25
57.625 6685 16 91 3183 25
57.75 6685 15 90 3184 26
57.875 6685 15 86 3188 26
58 6683 17 82 3192 26
58.125 6683 16 82 3193 26
58.25 6683 14 84 3193 26
58.375 6683 13 82 3196 26
58.5 6682 12 83 3197 26
58.625 6681 13 82 3198 26
58.75 6681 13 78 3202 26
58.875 6680 12 78 3204 26
59 6680 11 77 3206 26
59.125 6680 11 74 3209 26
59.25 6678 13 72 3211 26
59.375 6678 13 72 3211 26
59.5 6677 13 72 3212 26
59.625 6677 13 71 3213 26
59.75 6677 11 72 3214 26
59.875 6677 9 71 3217 26
60 6677 8 71 3218 26
60.125 6677 8 71 3218 26
60.25 6677 7 72 3218 26
60.375 6677 7 71 3219 26
60.5 6677 7 68 3222 26
60.625 6677 7 67 3223 26
60.75 6677 6 67 3224 26
60.875 6677 6 67 3224 26
61 6677 6 65 3226 26
61.125 6677 6 63 3228 26
61.25 6676 7 62 3229 26
61.375 6676 6 63 3229 26
61.5 6676 6 62 3230 26
61.625 6676 5 62 3231 26
61.75 6675 6 59 3234 26
61.875 6674 7 59 3234 26
62 6673 8 57 3236 26
62.125 6671 10 56 3237 26
62.25 6671 10 55 3238 26
62.375 6671 9 55 3239 26
62.5 6671 8 54 3241 26
62.625 6671 7 53 3243 26
62.75 6671 7 52 3244 26
62.875 6671 7 52 3244 26
63 6670 8 51 3245 26
63.125 6669 8 52 3245 26
63.25 6668 9 52 3245 26
63.375 6667 10 50 3247 26
63.5 6667 10 50 3247 26
63.625 6667 9 50 3248 26
63.75 6667 9 49 3249 26
63.875 6666 9 49 3250 26
64 6664 10 50 3250 26
64.125 6663 11 48 3252 26
64.25 6661 12 48 3253 26
64.375 6661 11 48 3254 26
64.5 6660 11 46 3257 26
64.625 6658 13 45 3258 26
64.75 6658 12 45 3259 26
64.875 6658 9 48 3259 26
65 6658 8 49 3259 26
65.125 6658 8 47 3261 26
65.25 6658 7 48 3261 26
65.375 6657 6 48 3263 26
65.5 6657 5 47 3265 26
65.625 6657 5 45 3267 26
65.75 6656 6 45 3267 26
65.875 6656 5 46 3267 26
66 6656 5 45 3268 26
66.125 6656 5 45 3268 26
66.25 6656 4 44 3270 26
66.375 6656 3 45 3270 26
66.5 6656 3 45 3270 26
66.625 6656 3 45 3270 26
66.75 6655 4 45 3270 26
66.875 6655 4 43 3272 26
67 6655 3 42 3274 26
67.125 6654 4 41 3274 27
67.25 6654 4 41 3274 27
67.375 6654 4 40 3275 27
67.5 6654 4 40 3275 27
67.625 6653 4 41 3275 27
67.75 6653 4 41 3275 27
67.875 6653 4 40 3276 27
68 6653 4 39 3277 27
68.125 6653 4 36 3280 27
68.25 6653 4 36 3280 27
68.375 6651 6 35 3281 27
68.5 6650 7 34 3282 27
68.625 6650 6 34 3283 27
68.75 6650 6 34 3283 27
68.875 6650 6 33 3284 27
69 6649 4 34 3286 27
69.125 6649 4 34 3286 27
69.25 6649 4 33 3287 27
69.375 6649 4 33 3287 27
69.5 6648 4 33 3288 27
69.625 6648 4 32 3289 27
69.75 6648 3 33 3289 27
69.875 6648 3 33 3289 27
70 6648 3 32 3290 27
70.125 6648 3 31 3291 27
70.25 6648 3 31 3291 27
70.375 6648 2 30 3293 27
70.5 6648 2 30 3293 27
70.625 6648 2 30 3293 27
70.75 6648 2 30 3293 27
70.875 6648 2 28 3295 27
71 6648 2 27 3296 27
71.125 6647 3 27 3296 27
71.25 6647 3 26 3297 27
71.375 6646 3 27 3297 27
71.5 6646 3 26 3298 27
71.625 6646 2 26 3299 27
71.75 6646 2 26 3299 27
71.875 6646 2 25 3300 27
72 6645 3 25 3300 27
72.125 6645 3 24 3301 27
72.25 6645 3 24 3301 27
72.375 6645 3 24 3301 27
72.5 6645 3 24 3301 27
72.625 6645 3 22 3303 27
72.75 6645 3 22 3303 27
72.875 6645 3 22 3303 27
73 6645 2 22 3304 27
73.125 6645 2 22 3304 27
73.25 6645 2 21 3305 27
73.375 6644 3 20 3306 27
73.5 6643 4 19 3307 27
73.625 6643 4 19 3307 27
73.75 6643 3 20 3307 27
73.875 6643 3 20 3307 27
74 6643 3 19 3308 27
74.125 6642 4 19 3308 27
74.25 6642 4 19 3308 27
74.375 6642 4 19 3308 27
74.5 6642 4 19 3308 27
74.625 6642 4 19 3308 27
74.75 6642 4 19 3308 27
74.875 6642 4 18 3309 27
75 6642 4 18 3309 27
75.125 6642 4 18 3309 27
75.25 6641 5 18 3309 27
75.375 6641 4 18 3310 27
75.5 6641 4 18 3310 27
75.625 6641 4 18 3310 27
75.75 6641 4 18 3310 27
75.875 6641 4 18 3310 27
76 6641 4 18 3310 27
76.125 6640 5 18 3310 27
76.25 6640 5 18 3310 27
76.375 6639 5 18 3311 27
76.5 6639 5 18 3311 27
76.625 6639 4 19 3311 27
76.75 6639 3 19 3312 27
76.875 6639 3 19 3312 27
77 6639 3 19 3312 27
77.125 6639 3 19 3312 27
77.25 6638 4 19 3312 27
77.375 6638 3 19 3313 27
77.5 6637 4 18 3314 27
77.625 6636 5 18 3314 27
77.75 6636 5 18 3314 27
77.875 6636 5 18 3314 27
78 6636 4 18 3315 27
78.125 6636 4 18 3315 27
78.25 6636 4 18 3315 27
78.375 6636 4 18 3315 27
78.5 6636 3 18 3316 27
78.625 6636 3 17 3317 27
78.75 6635 3 18 3317 27
78.875 6635 3 18 3317 27
79 6635 3 18 3317 27
79.125 6634 4 18 3317 27
79.25 6634 3 17 3319 27
79.375 6634 3 17 3319 27
79.5 6634 3 17 3319 27
79.625 6634 3 17 3319 27
79.75 6633 4 17 3319 27
79.875 6633 4 17 3319 27
80 6632 5 17 3319 27
80.125 6632 4 18 3319 27
80.25 6631 5 18 3319 27
80.375 6631 4 18 3320 27
80.5 6631 4 18 3320 27
80.625 6630 5 18 3320 27
80.75 6630 5 17 3321 27
80.875 6630 5 16 3322 27
81 6630 5 16 3322 27
81.125 6630 5 16 3322 27
81.25 6630 5 16 3322 27
81.375 6630 4 17 3322 27
81.5 6630 3 18 3322 27
81.625 6630 2 19 3322 27
81.75 6629 3 17 3324 27
81.875 6629 2 17 3325 27
82 6629 2 17 3325 27
82.125 6629 2 16 3326 27
82.25 6629 2 16 3326 27
82.375 6629 2 15 3327 27
82.5 6629 2 14 3327 28
82.625 6629 2 13 3328 28
82.75 6629 2 13 3328 28
82.875 6629 2 13 3328 28
83 6629 2 13 3328 28
83.125 6629 2 13 3328 28
83.25 6629 2 13 3328 28
83.375 6629 2 13 3328 28
83.5 6629 2 13 3328 28
83.625 6629 2 12 3329 28
83.75 6628 3 12 3329 28
83.875 6628 3 11 3330 28
84 6628 2 12 3330 28
84.125 6628 0 14 3330 28
84.25 6628 0 13 3331 28
84.375 6628 0 13 3331 28
84.5 6628 0 13 3331 28
84.625 6628 0 13 3331 28
84.75 6628 0 13 3331 28
84.875 6628 0 13 3331 28
85 6628 0 13 3331 28
85.125 6628 0 11 3333 28
85.25 6628 0 11 3333 28
85.375 6628 0 11 3333 28
85.5 6628 0 11 3333 28
85.625 6628 0 11 3333 28
85.75 6628 0 10 3334 28
85.875 6628 0 10 3334 28
86 6628 0 10 3334 28
86.125 6628 0 9 3335 28
86.25 6628 0 8 3336 28
86.375 6628 0 7 3337 28
86.5 6628 0 6 3338 28
86.625 6628 0 6 3338 28
86.75 6628 0 6 3338 28
86.875 6627 1 6 3338 28
87 6626 2 6 3338 28
87.125 6626 2 6 3338 28
87.25 6626 2 6 3338 28
87.375 6626 2 6 3338 28
87.5 6626 2 5 3339 28
87.625 6626 1 6 3339 28
87.75 6626 1 6 3339 28
87.875 6626 1 6 3339 28
88 6626 1 6 3339 28
88.125 6626 1 5 3340 28
88.25 6626 1 5 3340 28
88.375 6626 1 5 3340 28
88.5 6626 1 5 3340 28
88.625 6626 1 5 3340 28
88.75 6626 1 5 3340 28
88.875 6626 1 5 3340 28
89 6626 1 5 3340 28
89.125 6626 1 5 3340 28
89.25 6626 1 5 3340 28
89.375 6626 1 5 3340 28
89.5 6626 1 5 3340 28
89.625 6626 1 4 3341 28
89.75 6626 0 5 3341 28
89.875 6626 0 4 3342 28
90 6626 0 4 3342 28
90.125 6626 0 4 3342 28
90.25 6626 0 4 3342 28
90.375 6626 0 4 3342 28
90.5 6626 0 4 3342 28
90.625 6626 0 4 3342 28
90.75 6626 0 4 3342 28
90.875 6626 0 4 3342 28
91 6626 0 4 3342 28
91.125 6626 0 4 3342 28
91.25 6626 0 4 3342 28
91.375 6626 0 4 3342 28
91.5 6626 0 4 3342 28
91.625 6626 0 4 3342 28
91.75 6626 0 4 3342 28
91.875 6626 0 4 3342 28
92 6626 0 4 3342 28
92.125 6626 0 4 3342 28
92.25 6626 0 4 3342 28
92.375 6626 0 4 3342 28
92.5 6626 0 4 3342 28
92.625 6625 1 4 3342 28
92.75 6625 1 4 3342 28
92.875 6625 1 4 3342 28
93 6625 1 4 3342 28
93.125 6625 1 4 3342 28
93.25 6625 1 4 3342 28
93.375 6625 1 4 3342 28
93.5 6625 1 4 3342 28
93.625 6625 1 4 3342 28
93.75 6625 1 4 3342 28
93.875 6625 0 5 3342 28
94 6625 0 5 3342 28
94.125 6625 0 5 3342 28
94.25 6625 0 5 3342 28
94.375 6625 0 5 3342 28
94.5 6625 0 4 3343 28
94.625 6625 0 4 3343 28
94.75 6625 0 4 3343 28
94.875 6625 0 4 3343 28
95 6625 0 4 3343 28
95.125 6625 0 4 3343 28
95.25 6625 0 4 3343 28
95.375 6625 0 4 3343 28
95.5 6625 0 4 3343 28
95.625 6625 0 4 3343 28
95.75 6625 0 4 3343 28
95.875 6625 0 4 3343 28
96 6625 0 4 3343 28
96.125 6625 0 4 3343 28
96.25 6625 0 4 3343 28
96.375 6625 0 3 3344 28
96.5 6625 0 3 3344 28
96.625 6624 1 3 3344 28
96.75 6623 1 4 3344 28
96.875 6623 1 4 3344 28
97 6623 1 4 3344 28
97.125 6623 0 5 3344 28
97.25 6623 0 5 3344 28
97.375 6623 0 5 3344 28
97.5 6623 0 4 3345 28
97.625 6623 0 4 3345 28
97.75 6623 0 4 3345 28
97.875 6623 0 4 3345 28
98 6623 0 4 3345 28
98.125 6623 0 4 3345 28
98.25 6623 0 4 3345 28
98.375 6623 0 4 3345 28
98.5 6623 0 4 3345 28
98.625 6623 0 4 3345 28
98.75 6622 1 4 3345 28
98.875 6622 1 4 3345 28
99 6622 1 4 3345 28
99.125 6622 1 4 3345 28
99.25 6622 1 4 3345 28
99.375 6622 1 4 3345 28
99.5 6622 1 4 3345 28
99.625 6622 1 4 3345 28
99.75 6622 1 4 3345 28
99.875 6622 1 3 3346 28
100 6622 1 3 3346 28
100.125 6622 1 3 3346 28
100.25 6622 1 3 3346 28
100.375 6622 1 3 3346 28
100.5 6621 2 3 3346 28
100.625 6621 2 3 3346 28
100.75 6621 2 3 3346 28
100.875 6621 2 3 3346 28
101 6621 2 2 3347 28
101.125 6621 2 2 3347 28
101.25 6621 2 2 3347 28
101.375 6621 2 2 3347 28
101.5 6621 2 2 3347 28
101.625 6621 2 2 3347 28
101.75 6621 2 2 3347 28
101.875 6621 2 2 3347 28
102 6621 1 3 3347 28
102.125 6621 1 3 3347 28
102.25 6621 1 3 3347 28
102.375 6621 1 3 3347 28
102.5 6621 1 3 3347 28
102.625 6621 1 3 3347 28
102.75 6621 1 2 3348 28
102.875 6621 1 2 3348 28
103 6621 1 2 3348 28
103.125 6621 1 2 3348 28
103.25 6620 1 2 3349 28
103.375 6620 1 2 3349 28
103.5 6620 1 2 3349 28
103.625 6620 1 2 3349 28
103.75 6620 0 3 3349 28
103.875 6620 0 3 3349 28
104 6620 0 3 3349 28
104.125 6620 0 3 3349 28
104.25 6620 0 2 3350 28
104.375 6620 0 1 3351 28
104.5 6620 0 1 3351 28
104.625 6620 0 1 3351 28
104.75 6620 0 1 3351 28
104.875 6620 0 1 3351 28
105 6620 0 1 3351 28
105.125 6620 0 1 3351 28
105.25 6620 0 1 3351 28
105.375 6620 0 1 3351 28
105.5 6620 0 1 3351 28
105.625 6620 0 1 3351 28
105.75 6620 0 1 3351 28
105.875 6620 0 1 3351 28
106 6620 0 1 3351 28
106.125 6620 0 1 3351 28
106.25 6620 0 1 3351 28
106.375 6620 0 1 3351 28
106.5 6620 0 1 3351 28
106.625 6620 0 1 3351 28
106.75 6620 0 1 3351 28
106.875 6620 0 1 3351 28
107 6620 0 1 3351 28
107.125 6620 0 1 3351 28
107.25 6620 0 1 3351 28
107.375 6620 0 1 3351 28
107.5 6620 0 1 3351 28
107.625 6620 0 1 3351 28
107.75 6620 0 1 3351 28
107.875 6620 0 1 3351 28
108 6620 0 1 3351 28
108.125 6620 0 1 3351 28
108.25 6620 0 1 3351 28
108.375 6620 0 1 3351 28
108.5 6620 0 1 3351 28
108.625 6620 0 1 3351 28
108.75 6620 0 1 3351 28
108.875 6620 0 1 3351 28
109 6620 0 1 3351 28
109.125 6620 0 1 3351 28
109.25 6620 0 1 3351 28
109.375 6620 0 1 3351 28
109.5 6620 0 1 3351 28
109.625 6620 0 1 3351 28
109.75 6620 0 1 3351 28
109.875 6620 0 1 3351 28
110 6620 0 1 3351 28
110.125 6620 0 1 3351 28
110.25 6620 0 1 3351 28
110.375 6620 0 1 3351 28
110.5 6620 0 1 3351 28
110.625 6620 0 1 3351 28
110.75 6620 0 1 3351 28
110.875 6620 0 1 3351 28
111 6620 0 1 3351 28
111.125 6620 0 1 3351 28
111.25 6620 0 1 3351 28
111.375 6620 0 1 3351 28
111.5 6620 0 1 3351 28
111.625 6620 0 1 3351 28
111.75 6620 0 1 3351 28
111.875 6620 0 1 3351 28
112 6620 0 1 3351 28
112.125 6620 0 1 3351 28
112.25 6620 0 1 3351 28
112.375 6620 0 1 3351 28
112.5 6620 0 1 3351 28
112.625 6620 0 1 3351 28
112.75 6620 0 1 3351 28
112.875 6620 0 0 3352 28
