t S E I R D
0 9998 0 2 0 0
0.125 9998 0 2 0 0
0.25 9998 0 2 0 0
0.375 9997 1 2 0 0
0.5 9997 1 2 0 0
0.625 9997 1 2 0 0
0.75 9997 1 2 0 0
0.875 9997 1 2 0 0
1 9995 3 2 0 0
1.125 9993 5 2 0 0
1.25 9993 5 1 1 0
1.375 9993 5 1 1 0
1.5 9993 5 1 1 0
1.625 9993 5 1 1 0
1.75 9993 5 1 1 0
1.875 9992 6 1 1 0
2 9992 6 1 1 0
2.125 9991 7 1 1 0
2.25 9991 5 3 1 0
2.375 9987 9 3 1 0
2.5 9984 12 3 1 0
2.625 9979 17 3 1 0
2.75 9978 17 4 1 0
2.875 9970 23 5 2 0
3 9961 30 7 2 0
3.125 9952 37 9 2 0
3.25 9929 57 12 2 0
3.375 9912 72 14 2 0
3.5 9898 84 16 2 0
3.625 9881 97 20 2 0
3.75 9868 108 21 3 0
3.875 9858 108 30 4 0
4 9839 122 35 4 0
4.125 9818 132 46 4 0
4.25 9780 161 54 5 0
4.375 9758 175 60 7 0
4.5 9718 201 74 7 0
4.625 9669 239 83 9 0
4.75 9635 258 97 10 0
4.875 9598 283 109 10 0
5 9550 313 123 14 0
5.125 9510 331 139 20 0
5.25 9475 339 160 26 0
5.375 9435 352 178 35 0
5.5 9388 374 195 43 0
5.625 9330 399 225 46 0
5.75 9278 427 247 48 0
5.875 9222 448 275 55 0
6 9152 503 285 60 0
6.125 9072 547 310 71 0
6.25 9003 579 342 76 0
6.375 8917 636 366 80 1
6.5 8906 607 401 85 1
6.625 8898 574 427 100 1
6.75 8886 551 456 106 1
6.875 8879 528 478 114 1
7 8867 514 498 120 1
7.125 8850 493 523 133 1
7.25 8838 473 545 143 1
7.375 8824 460 562 153 1
7.5 8812 457 565 165 1
7.625 8801 441 580 177 1
7.75 8786 433 594 186 1
7.875 8775 414 608 202 1
8 8765 389 631 214 1
8.125 8749 380 642 228 1
8.25 8733 362 663 241 1
8.375 8722 348 672 257 1
8.5 8711 337 682 269 1
8.625 8697 332 687 283 1
8.75 8688 320 694 297 1
8.875 8673 314 701 311 1
9 8662 315 690 332 1
9.125 8650 308 696 345 1
9.25 8639 305 699 355 2
9.375 8632 295 707 364 2
9.5 8626 281 712 378 3
9.625 8622 271 708 396 3
9.75 8618 264 705 410 3
9.875 8615 241 718 423 3
10 8612 228 722 435 3
10.125 8609 217 720 450 4
10.25 8608 205 715 468 4
10.375 8606 193 718 479 4
10.5 8601 188 721 486 4
10.625 8596 175 720 504 5
10.75 8594 166 716 519 5
10.875 8593 157 711 534 5
11 8588 158 700 549 5
11.125 8585 152 700 558 5
11.25 8582 149 690 574 5
11.375 8576 139 695 585 5
11.5 8573 137 690 595 5
11.625 8570 133 682 610 5
11.75 8563 134 674 624 5
11.875 8562 124 671 638 5
12 8558 125 656 656 5
12.125 8557 124 650 663 6
12.25 8554 122 632 686 6
12.375 8551 122 616 705 6
12.5 8549 116 613 715 7
12.625 8548 109 607 729 7
12.75 8545 105 606 737 7
12.875 8545 102 598 748 7
13 8545 99 592 757 7
13.125 8544 89 593 767 7
13.25 8543 85 579 786 7
13.375 8541 83 574 795 7
13.5 8540 82 560 811 7
13.625 8538 80 558 817 7
13.75 8537 72 559 825 7
13.875 8535 71 553 834 7
14 8533 68 549 843 7
14.125 8532 64 537 860 7
14.25 8531 62 529 871 7
14.375 8530 60 519 884 7
14.5 8529 58 511 895 7
14.625 8528 52 508 905 7
14.75 8526 51 498 918 7
14.875 8526 47 494 926 7
15 8526 44 492 931 7
15.125 8525 44 482 942 7
15.25 8524 44 475 950 7
15.375 8522 44 469 958 7
15.5 8521 42 464 966 7
15.625 8518 42 454 979 7
15.75 8516 40 447 990 7
15.875 8515 39 442 997 7
16 8515 37 435 1006 7
16.125 8513 35 432 1013 7
16.25 8512 33 426 1022 7
16.375 8511 33 417 1032 7
16.5 8511 31 413 1038 7
16.625 8509 32 407 1045 7
16.75 8509 31 402 1051 7
16.875 8508 30 397 1058 7
17 8508 29 387 1068 8
17.125 8507 29 382 1074 8
17.25 8506 28 378 1080 8
17.375 8506 24 370 1092 8
17.5 8506 23 368 1095 8
17.625 8504 21 367 1100 8
17.75 8503 21 361 1107 8
17.875 8503 19 357 1113 8
18 8502 19 351 1120 8
18.125 8501 19 341 1131 8
18.25 8501 17 337 1137 8
18.375 8501 15 334 1142 8
18.5 8501 14 328 1149 8
18.625 8501 12 324 1155 8
18.75 8498 13 315 1166 8
18.875 8497 13 309 1173 8
19 8497 12 303 1180 8
19.125 8497 12 296 1187 8
19.25 8496 13 289 1194 8
19.375 8496 13 283 1200 8
19.5 8495 14 279 1204 8
19.625 8495 13 272 1211 9
19.75 8494 13 267 1217 9
19.875 8493 14 262 1222 9
20 8492 15 256 1228 9
20.125 8492 14 255 1230 9
20.25 8492 13 248 1238 9
20.375 8489 16 242 1244 9
20.5 8489 16 235 1251 9
20.625 8488 14 233 1256 9
20.75 8488 11 233 1259 9
20.875 8488 10 229 1263 10
21 8487 10 225 1268 10
21.125 8486 10 219 1275 10
21.25 8486 10 214 1280 10
21.375 8485 11 211 1283 10
21.5 8485 9 206 1290 10
21.625 8485 9 201 1295 10
21.75 8485 9 196 1300 10
21.875 8485 8 194 1303 10
22 8485 8 189 1308 10
22.125 8485 7 182 1316 10
22.25 8485 7 178 1320 10
22.375 8484 8 175 1323 10
22.5 8484 8 170 1328 10
22.625 8484 8 167 1331 10
22.75 8484 8 165 1333 10
22.875 8483 9 161 1337 10
23 8482 10 157 1341 10
23.125 8482 9 155 1344 10
23.25 8482 8 155 1345 10
23.375 8482 4 159 1345 10
23.5 8482 4 157 1347 10
23.625 8482 3 153 1352 10
23.75 8482 3 150 1355 10
23.875 8481 4 148 1357 10
24 8481 4 143 1362 10
24.125 8481 3 137 1369 10
24.25 8481 3 133 1373 10
24.375 8481 3 131 1375 10
24.5 8481 3 127 1379 10
24.625 8481 2 127 1380 10
24.75 8481 2 126 1381 10
24.875 8481 2 122 1385 10
25 8481 2 118 1389 10
25.125 8481 2 118 1389 10
25.25 8480 3 117 1390 10
25.375 8480 3 116 1391 10
25.5 8480 2 117 1391 10
25.625 8480 2 113 1395 10
25.75 8480 2 111 1397 10
25.875 8480 1 108 1401 10
26 8480 1 103 1406 10
26.125 8480 0 102 1408 10
26.25 8480 0 97 1413 10
26.375 8480 0 95 1415 10
26.5 8480 0 93 1417 10
26.625 8479 1 91 1418 11
26.75 8479 1 88 1421 11
26.875 8479 1 83 1426 11
27 8479 1 82 1427 11
27.125 8479 1 82 1427 11
27.25 8479 1 79 1430 11
27.375 8479 1 78 1431 11
27.5 8479 1 77 1432 11
27.625 8479 1 75 1434 11
27.75 8479 1 73 1436 11
27.875 8479 1 72 1437 11
28 8479 1 68 1441 11
28.125 8478 2 66 1443 11
28.25 8478 2 65 1444 11
28.375 8478 1 65 1445 11
28.5 8478 1 65 1445 11
28.625 8477 2 65 1445 11
28.75 8477 2 64 1446 11
28.875 8477 2 64 1446 11
29 8477 2 64 1446 11
29.125 8477 2 62 1448 11
29.25 8477 2 61 1449 11
29.375 8477 2 61 1449 11
29.5 8477 2 60 1450 11
29.625 8477 2 60 1450 11
29.75 8476 3 58 1451 12
29.875 8476 3 58 1451 12
30 8476 3 58 1451 12
30.125 8476 3 56 1453 12
30.25 8476 3 55 1454 12
30.375 8476 2 55 1455 12
30.5 8476 2 55 1455 12
30.625 8476 0 55 1457 12
30.75 8476 0 55 1457 12
30.875 8476 0 54 1458 12
31 8476 0 53 1459 12
31.125 8476 0 48 1464 12
31.25 8476 0 43 1469 12
31.375 8476 0 40 1472 12
31.5 8476 0 40 1472 12
31.625 8476 0 40 1472 12
31.75 8476 0 39 1473 12
31.875 8476 0 38 1474 12
32 8476 0 36 1476 12
32.125 8476 0 36 1476 12
32.25 8476 0 36 1476 12
32.375 8476 0 36 1476 12
32.5 8476 0 35 1476 13
32.625 8475 1 35 1476 13
32.75 8475 1 35 1476 13
32.875 8475 1 34 1477 13
33 8475 1 33 1478 13
33.125 8475 1 31 1480 13
33.25 8475 1 29 1482 13
33.375 8475 1 28 1483 13
33.5 8475 1 28 1483 13
33.625 8475 1 27 1484 13
33.75 8475 1 27 1484 13
33.875 8475 0 28 1484 13
34 8475 0 27 1485 13
34.125 8475 0 26 1486 13
34.25 8475 0 26 1486 13
34.375 8475 0 25 1487 13
34.5 8474 1 25 1487 13
34.625 8474 0 25 1488 13
34.75 8474 0 24 1489 13
34.875 8474 0 23 1490 13
35 8474 0 23 1490 13
35.125 8474 0 23 1490 13
35.25 8474 0 23 1490 13
35.375 8474 0 23 1490 13
35.5 8474 0 23 1490 13
35.625 8474 0 23 1490 13
35.75 8474 0 22 1491 13
35.875 8474 0 22 1491 13
36 8474 0 22 1491 13
36.125 8474 0 22 1491 13
36.25 8474 0 21 1492 13
36.375 8474 0 21 1492 13
36.5 8474 0 20 1493 13
36.625 8474 0 20 1493 13
36.75 8474 0 19 1494 13
36.875 8474 0 19 1494 13
37 8474 0 19 1494 13
37.125 8474 0 19 1494 13
37.25 8474 0 19 1494 13
37.375 8474 0 18 1495 13
37.5 8474 0 18 1495 13
37.625 8474 0 18 1495 13
37.75 8474 0 18 1495 13
37.875 8474 0 18 1495 13
38 8474 0 18 1495 13
38.125 8474 0 18 1495 13
38.25 8474 0 18 1495 13
38.375 8474 0 18 1495 13
38.5 8474 0 18 1495 13
38.625 8474 0 18 1495 13
38.75 8474 0 18 1495 13
38.875 8474 0 18 1495 13
39 8474 0 17 1496 13
39.125 8474 0 16 1497 13
39.25 8474 0 16 1497 13
39.375 8473 1 16 1497 13
39.5 8473 1 16 1497 13
39.625 8473 1 16 1497 13
39.75 8473 1 16 1497 13
39.875 8473 1 15 1498 13
40 8473 0 16 1498 13
40.125 8473 0 16 1498 13
40.25 8473 0 16 1498 13
40.375 8473 0 16 1498 13
40.5 8473 0 16 1498 13
40.625 8473 0 15 1499 13
40.75 8473 0 15 1499 13
40.875 8473 0 14 1500 13
41 8473 0 14 1500 13
41.125 8473 0 13 1501 13
41.25 8473 0 13 1501 13
41.375 8473 0 12 1502 13
41.5 8473 0 11 1503 13
41.625 8473 0 11 1503 13
41.75 8473 0 10 1504 13
41.875 8473 0 10 1504 13
42 8473 0 10 1504 13
42.125 8473 0 9 1505 13
42.25 8473 0 9 1505 13
42.375 8473 0 9 1505 13
42.5 8473 0 6 1508 13
42.625 8473 0 5 1509 13
42.75 8473 0 5 1509 13
42.875 8473 0 5 1509 13
43 8473 0 5 1509 13
43.125 8473 0 5 1509 13
43.25 8473 0 5 1509 13
43.375 8473 0 5 1509 13
43.5 8473 0 5 1509 13
43.625 8473 0 5 1509 13
43.75 8473 0 5 1509 13
43.875 8473 0 5 1509 13
44 8473 0 5 1509 13
44.125 8473 0 5 1509 13
44.25 8473 0 5 1509 13
44.375 8473 0 5 1509 13
44.5 8473 0 5 1509 13
44.625 8473 0 5 1509 13
44.75 8473 0 5 1509 13
44.875 8473 0 5 1509 13
45 8473 0 5 1509 13
45.125 8473 0 5 1509 13
45.25 8473 0 5 1509 13
45.375 8473 0 5 1509 13
45.5 8473 0 5 1509 13
45.625 8473 0 5 1509 13
45.75 8473 0 5 1509 13
45.875 8473 0 5 1509 13
46 8473 0 4 1510 13
46.125 8473 0 4 1510 13
46.25 8473 0 4 1510 13
46.375 8473 0 4 1510 13
46.5 8473 0 3 1511 13
46.625 8473 0 3 1511 13
46.75 8473 0 2 1512 13
46.875 8473 0 2 1512 13
47 8473 0 2 1512 13
47.125 8473 0 1 1513 13
47.25 8473 0 1 1513 13
47.375 8473 0 1 1513 13
47.5 8473 0 1 1513 13
47.625 8473 0 0 1514 13
