t S E I R D
0 9998 0 2 0 0
0.125 9997 1 2 0 0
0.25 9997 1 2 0 0
0.375 9997 1 2 0 0
0.5 9997 1 2 0 0
0.625 9997 1 2 0 0
0.75 9997 1 2 0 0
0.875 9997 1 2 0 0
1 9997 1 2 0 0
1.125 9996 2 2 0 0
1.25 9996 2 2 0 0
1.375 9995 3 2 0 0
1.5 9995 3 2 0 0
1.625 9994 4 2 0 0
1.75 9993 5 2 0 0
1.875 9993 5 2 0 0
2 9993 5 0 2 0
2.125 9993 5 0 2 0
2.25 9993 5 0 2 0
2.375 9993 4 1 2 0
2.5 9985 12 1 2 0
2.625 9977 18 3 2 0
2.75 9970 24 4 2 0
2.875 9957 37 4 2 0
3 9951 42 5 2 0
3.125 9943 49 6 2 0
3.25 9934 55 9 2 0
3.375 9927 58 13 2 0
3.5 9920 56 22 2 0
3.625 9910 63 24 2 1
3.75 9909 59 28 3 1
3.875 9907 54 34 4 1
4 9906 51 38 4 1
4.125 9906 48 41 4 1
4.25 9902 46 46 5 1
4.375 9897 48 48 6 1
4.5 9896 44 53 6 1
4.625 9892 43 58 6 1
4.75 9891 44 56 8 1
4.875 9888 42 61 8 1
5 9886 43 61 9 1
5.125 9883 46 58 12 1
5.25 9879 49 55 16 1
5.375 9877 47 56 19 1
5.5 9877 44 55 23 1
5.625 9875 44 56 24 1
5.75 9875 41 59 24 1
5.875 9873 41 60 25 1
6 9872 37 63 27 1
6.125 9871 35 65 28 1
6.25 9869 35 67 28 1
6.375 9865 37 67 30 1
6.5 9862 38 69 30 1
6.625 9860 38 69 32 1
6.75 9859 37 70 33 1
6.875 9859 33 72 35 1
7 9857 31 76 35 1
7.125 9856 30 76 37 1
7.25 9854 27 77 41 1
7.375 9851 29 77 42 1
7.5 9849 28 79 43 1
7.625 9848 27 78 46 1
7.75 9846 27 80 46 1
7.875 9842 29 81 47 1
8 9841 27 84 47 1
8.125 9839 28 84 48 1
8.25 9837 28 85 49 1
8.375 9835 26 88 50 1
8.5 9833 26 89 51 1
8.625 9833 24 89 53 1
8.75 9832 24 86 57 1
8.875 9825 28 88 58 1
9 9823 27 87 62 1
9.125 9822 24 89 64 1
9.25 9818 27 88 66 1
9.375 9816 29 86 68 1
9.5 9815 29 85 70 1
9.625 9814 28 87 70 1
9.75 9813 28 87 71 1
9.875 9812 25 90 72 1
10 9811 24 90 74 1
10.125 9808 26 86 79 1
10.25 9807 27 85 80 1
10.375 9803 30 83 83 1
10.5 9800 31 85 83 1
10.625 9799 27 89 84 1
10.75 9798 26 87 88 1
10.875 9797 23 90 89 1
11 9795 25 87 92 1
11.125 9792 27 87 93 1
11.25 9786 32 86 95 1
11.375 9783 32 84 100 1
11.5 9780 34 84 101 1
11.625 9776 33 87 103 1
11.75 9773 34 88 104 1
11.875 9770 33 90 106 1
12 9767 34 92 106 1
12.125 9766 31 95 107 1
12.25 9765 29 95 110 1
12.375 9765 27 96 111 1
12.5 9760 30 95 114 1
12.625 9755 34 93 117 1
12.75 9751 36 91 121 1
12.875 9747 38 90 124 1
13 9744 40 91 124 1
13.125 9737 45 92 125 1
13.25 9735 43 94 127 1
13.375 9734 43 92 130 1
13.5 9732 43 92 132 1
13.625 9730 43 91 135 1
13.75 9728 43 91 137 1
13.875 9728 39 95 137 1
14 9723 40 98 138 1
14.125 9719 40 101 139 1
14.25 9715 42 100 142 1
14.375 9714 40 103 142 1
14.5 9713 40 103 143 1
14.625 9709 42 102 146 1
14.75 9706 43 102 148 1
14.875 9704 41 104 150 1
15 9699 42 105 152 2
15.125 9696 44 103 155 2
15.25 9695 42 103 158 2
15.375 9692 45 99 162 2
15.5 9690 42 103 163 2
15.625 9688 43 103 164 2
15.75 9686 44 104 164 2
15.875 9684 43 106 165 2
16 9684 42 104 168 2
16.125 9683 42 101 172 2
16.25 9681 42 101 174 2
16.375 9678 42 100 178 2
16.5 9676 43 99 180 2
16.625 9675 40 98 185 2
16.75 9673 40 99 186 2
16.875 9672 37 103 186 2
17 9670 35 105 188 2
17.125 9669 34 107 188 2
17.25 9663 39 106 190 2
17.375 9663 37 107 191 2
17.5 9663 35 108 192 2
17.625 9662 36 103 197 2
17.75 9660 36 101 201 2
17.875 9658 37 98 205 2
18 9656 37 94 211 2
18.125 9654 37 93 214 2
18.25 9652 34 98 214 2
18.375 9650 34 95 219 2
18.5 9650 32 97 219 2
18.625 9648 32 93 225 2
18.75 9645 33 93 227 2
18.875 9645 29 96 228 2
19 9645 27 94 232 2
19.125 9643 29 91 235 2
19.25 9641 29 92 236 2
19.375 9641 27 94 236 2
19.5 9641 27 92 238 2
19.625 9640 24 95 239 2
19.75 9637 27 95 239 2
19.875 9635 29 92 242 2
20 9632 29 91 246 2
20.125 9629 26 94 249 2
20.25 9628 24 94 252 2
20.375 9628 23 94 253 2
20.5 9626 24 94 254 2
20.625 9626 23 93 256 2
20.75 9622 26 91 259 2
20.875 9622 25 88 263 2
21 9622 21 89 266 2
21.125 9622 19 90 267 2
21.25 9620 20 88 270 2
21.375 9619 18 90 271 2
21.5 9617 20 88 273 2
21.625 9617 18 88 275 2
21.75 9617 18 86 277 2
21.875 9617 18 86 277 2
22 9616 16 87 279 2
22.125 9613 19 85 281 2
22.25 9612 18 86 282 2
22.375 9612 18 84 284 2
22.5 9612 18 83 285 2
22.625 9610 16 84 288 2
22.75 9608 16 86 288 2
22.875 9606 17 87 288 2
23 9605 18 84 291 2
23.125 9604 19 83 292 2
23.25 9603 19 84 292 2
23.375 9603 18 84 293 2
23.5 9603 17 84 294 2
23.625 9603 17 82 296 2
23.75 9602 16 80 300 2
23.875 9601 17 79 300 3
24 9599 19 76 303 3
24.125 9597 19 77 304 3
24.25 9597 17 79 304 3
24.375 9597 16 80 304 3
24.5 9594 18 81 304 3
24.625 9593 19 78 307 3
24.75 9592 16 80 309 3
24.875 9592 14 81 310 3
25 9590 14 82 311 3
25.125 9590 13 82 312 3
25.25 9589 13 81 314 3
25.375 9589 10 81 317 3
25.5 9587 12 80 318 3
25.625 9585 13 78 321 3
25.75 9582 16 76 323 3
25.875 9582 14 77 324 3
26 9582 11 78 326 3
26.125 9581 11 77 328 3
26.25 9579 13 75 330 3
26.375 9578 14 75 330 3
26.5 9578 8 79 332 3
26.625 9578 7 78 333 4
26.75 9577 8 74 337 4
26.875 9576 9 72 339 4
27 9575 9 69 343 4
27.125 9573 10 68 344 5
27.25 9572 10 69 344 5
27.375 9571 10 68 346 5
27.5 9571 10 66 348 5
27.625 9570 11 65 349 5
27.75 9570 11 64 350 5
27.875 9569 12 62 352 5
28 9568 12 61 354 5
28.125 9568 12 60 355 5
28.25 9566 13 60 356 5
28.375 9566 13 60 356 5
28.5 9566 12 57 360 5
28.625 9566 11 54 364 5
28.75 9566 11 54 364 5
28.875 9566 11 54 364 5
29 9566 10 55 364 5
29.125 9566 10 53 366 5
29.25 9564 12 53 366 5
29.375 9564 10 52 369 5
29.5 9562 12 50 371 5
29.625 9561 13 49 372 5
29.75 9561 11 50 372 6
29.875 9561 11 49 373 6
30 9561 11 48 374 6
30.125 9561 9 49 375 6
30.25 9559 10 49 376 6
30.375 9559 10 49 376 6
30.5 9559 10 48 377 6
30.625 9559 10 48 377 6
30.75 9559 10 46 379 6
30.875 9558 11 45 380 6
31 9558 11 41 384 6
31.125 9558 11 41 384 6
31.25 9557 12 40 385 6
31.375 9556 13 38 387 6
31.5 9554 14 38 388 6
31.625 9554 14 36 390 6
31.75 9554 12 37 391 6
31.875 9553 12 38 391 6
32 9552 13 38 391 6
32.125 9551 13 39 391 6
32.25 9550 13 39 392 6
32.375 9550 13 39 392 6
32.5 9550 13 39 392 6
32.625 9550 12 39 393 6
32.75 9549 12 40 393 6
32.875 9548 11 40 395 6
33 9546 13 39 396 6
33.125 9546 11 41 396 6
33.25 9545 11 41 397 6
33.375 9543 12 40 399 6
33.5 9542 13 39 400 6
33.625 9542 12 40 400 6
33.75 9541 12 38 403 6
33.875 9541 11 38 404 6
34 9541 11 38 404 6
34.125 9541 11 38 404 6
34.25 9541 11 37 405 6
34.375 9541 10 36 407 6
34.5 9541 8 34 411 6
34.625 9541 7 34 412 6
34.75 9541 6 34 413 6
34.875 9541 6 34 413 6
35 9541 6 34 413 6
35.125 9541 4 36 413 6
35.25 9541 4 35 414 6
35.375 9541 4 32 417 6
35.5 9541 4 32 417 6
35.625 9541 4 28 421 6
35.75 9541 4 28 421 6
35.875 9541 4 27 422 6
36 9541 4 27 422 6
36.125 9540 5 26 423 6
36.25 9540 5 25 424 6
36.375 9539 5 26 424 6
36.5 9539 5 25 425 6
36.625 9539 4 24 427 6
36.75 9539 3 25 427 6
36.875 9539 3 24 428 6
37 9539 3 22 430 6
37.125 9539 2 23 430 6
37.25 9538 3 23 430 6
37.375 9538 2 23 431 6
37.5 9538 2 23 431 6
37.625 9538 2 22 432 6
37.75 9538 2 22 432 6
37.875 9538 2 22 432 6
38 9538 2 22 432 6
38.125 9538 2 22 432 6
38.25 9538 1 21 434 6
38.375 9538 1 21 434 6
38.5 9538 1 20 435 6
38.625 9538 1 20 435 6
38.75 9538 1 20 435 6
38.875 9538 1 19 436 6
39 9537 2 18 437 6
39.125 9537 2 18 437 6
39.25 9537 2 18 437 6
39.375 9537 2 18 437 6
39.5 9537 1 19 437 6
39.625 9537 0 18 439 6
39.75 9537 0 18 439 6
39.875 9537 0 16 441 6
40 9537 0 16 441 6
40.125 9537 0 15 442 6
40.25 9537 0 15 442 6
40.375 9537 0 15 442 6
40.5 9536 1 15 442 6
40.625 9536 1 15 442 6
40.75 9536 1 13 444 6
40.875 9536 1 12 445 6
41 9536 1 12 445 6
41.125 9536 1 12 445 6
41.25 9536 1 8 449 6
41.375 9536 1 8 449 6
41.5 9536 1 8 449 6
41.625 9535 2 8 449 6
41.75 9535 2 8 449 6
41.875 9535 2 8 449 6
42 9535 2 8 449 6
42.125 9535 2 8 449 6
42.25 9535 1 9 449 6
42.375 9535 1 8 450 6
42.5 9535 1 8 450 6
42.625 9535 1 7 451 6
42.75 9535 1 7 451 6
42.875 9535 1 7 451 6
43 9535 1 7 451 6
43.125 9535 1 7 451 6
43.25 9535 1 7 451 6
43.375 9535 1 7 451 6
43.5 9535 1 7 451 6
43.625 9535 1 7 451 6
43.75 9535 1 7 451 6
43.875 9535 1 7 451 6
44 9535 1 7 451 6
44.125 9535 1 7 451 6
44.25 9535 1 6 452 6
44.375 9535 0 7 452 6
44.5 9535 0 7 452 6
44.625 9535 0 7 452 6
44.75 9535 0 7 452 6
44.875 9535 0 7 452 6
45 9535 0 7 452 6
45.125 9535 0 7 452 6
45.25 9535 0 7 452 6
45.375 9535 0 7 452 6
45.5 9535 0 7 452 6
45.625 9535 0 7 452 6
45.75 9535 0 7 452 6
45.875 9535 0 7 452 6
46 9535 0 7 452 6
46.125 9535 0 7 452 6
46.25 9535 0 7 452 6
46.375 9535 0 6 453 6
46.5 9535 0 6 453 6
46.625 9535 0 6 453 6
46.75 9535 0 6 453 6
46.875 9535 0 6 453 6
47 9535 0 6 453 6
47.125 9535 0 6 453 6
47.25 9535 0 6 453 6
47.375 9535 0 6 453 6
47.5 9535 0 6 453 6
47.625 9535 0 6 453 6
47.75 9535 0 6 453 6
47.875 9535 0 6 453 6
48 9535 0 6 453 6
48.125 9535 0 6 453 6
48.25 9535 0 6 453 6
48.375 9535 0 5 454 6
48.5 9535 0 5 454 6
48.625 9535 0 4 455 6
48.75 9535 0 4 455 6
48.875 9535 0 4 455 6
49 9535 0 4 455 6
49.125 9535 0 4 455 6
49.25 9535 0 4 455 6
49.375 9535 0 4 455 6
49.5 9535 0 4 455 6
49.625 9535 0 4 455 6
49.75 9535 0 4 455 6
49.875 9535 0 4 455 6
50 9535 0 4 455 6
50.125 9535 0 4 455 6
50.25 9535 0 4 455 6
50.375 9535 0 4 455 6
50.5 9535 0 4 455 6
50.625 9535 0 4 455 6
50.75 9535 0 4 455 6
50.875 9535 0 4 455 6
51 9535 0 4 455 6
51.125 9535 0 4 455 6
51.25 9535 0 4 455 6
51.375 9535 0 4 455 6
51.5 9535 0 4 455 6
51.625 9535 0 4 455 6
51.75 9535 0 4 455 6
51.875 9535 0 4 455 6
52 9535 0 3 456 6
52.125 9535 0 3 456 6
52.25 9535 0 3 456 6
52.375 9535 0 3 456 6
52.5 9535 0 3 456 6
52.625 9535 0 3 456 6
52.75 9535 0 3 456 6
52.875 9535 0 3 456 6
53 9535 0 3 456 6
53.125 9535 0 3 456 6
53.25 9535 0 3 456 6
53.375 9535 0 3 456 6
53.5 9535 0 3 456 6
53.625 9535 0 3 456 6
53.75 9535 0 3 456 6
53.875 9534 1 3 456 6
54 9534 1 3 456 6
54.125 9534 1 3 456 6
54.25 9534 1 3 456 6
54.375 9534 1 2 457 6
54.5 9534 1 2 457 6
54.625 9534 1 2 457 6
54.75 9534 1 2 457 6
54.875 9534 1 2 457 6
55 9534 1 2 457 6
55.125 9534 1 2 457 6
55.25 9534 1 2 457 6
55.375 9534 1 1 458 6
55.5 9534 0 2 458 6
55.625 9534 0 2 458 6
55.75 9534 0 2 458 6
55.875 9534 0 2 458 6
56 9534 0 2 458 6
56.125 9534 0 2 458 6
56.25 9534 0 2 458 6
56.375 9534 0 2 458 6
56.5 9534 0 2 458 6
56.625 9534 0 2 458 6
56.75 9534 0 2 458 6
56.875 9534 0 2 458 6
57 9534 0 2 458 6
57.125 9534 0 2 458 6
57.25 9534 0 2 458 6
57.375 9534 0 2 458 6
57.5 9534 0 2 458 6
57.625 9534 0 2 458 6
57.75 9534 0 2 458 6
57.875 9534 0 2 458 6
58 9534 0 2 458 6
58.125 9534 0 2 458 6
58.25 9534 0 2 458 6
58.375 9534 0 2 458 6
58.5 9534 0 2 458 6
58.625 9534 0 2 458 6
58.75 9534 0 2 458 6
58.875 9534 0 2 458 6
59 9534 0 2 458 6
59.125 9534 0 2 458 6
59.25 9534 0 2 458 6
59.375 9534 0 2 458 6
59.5 9534 0 2 458 6
59.625 9534 0 2 458 6
59.75 9534 0 2 458 6
59.875 9534 0 2 458 6
60 9534 0 2 458 6
60.125 9534 0 2 458 6
60.25 9534 0 2 458 6
60.375 9534 0 2 458 6
60.5 9534 0 2 458 6
60.625 9534 0 2 458 6
60.75 9534 0 2 458 6
60.875 9534 0 2 458 6
61 9534 0 2 458 6
61.125 9534 0 2 458 6
61.25 9534 0 2 458 6
61.375 9534 0 2 458 6
61.5 9534 0 2 458 6
61.625 9534 0 2 458 6
61.75 9534 0 2 458 6
61.875 9533 1 1 459 6
62 9533 0 2 459 6
62.125 9533 0 2 459 6
62.25 9533 0 2 459 6
62.375 9533 0 2 459 6
62.5 9533 0 2 459 6
62.625 9533 0 2 459 6
62.75 9533 0 2 459 6
62.875 9533 0 2 459 6
63 9533 0 2 459 6
63.125 9533 0 2 459 6
63.25 9533 0 2 459 6
63.375 9533 0 2 459 6
63.5 9533 0 2 459 6
63.625 9533 0 2 459 6
63.75 9533 0 2 459 6
63.875 9532 1 2 459 6
64 9532 1 2 459 6
64.125 9532 1 2 459 6
64.25 9532 1 2 459 6
64.375 9532 0 2 460 6
64.5 9532 0 2 460 6
64.625 9532 0 2 460 6
64.75 9532 0 2 460 6
64.875 9532 0 2 460 6
65 9532 0 2 460 6
65.125 9532 0 2 460 6
65.25 9532 0 2 460 6
65.375 9532 0 2 460 6
65.5 9532 0 2 460 6
65.625 9532 0 2 460 6
65.75 9532 0 2 460 6
65.875 9532 0 1 461 6
66 9532 0 1 461 6
66.125 9532 0 1 461 6
66.25 9532 0 1 461 6
66.375 9532 0 1 461 6
66.5 9532 0 1 461 6
66.625 9532 0 1 461 6
66.75 9532 0 1 461 6
66.875 9532 0 1 461 6
67 9532 0 1 461 6
67.125 9532 0 1 461 6
67.25 9532 0 1 461 6
67.375 9532 0 1 461 6
67.5 9532 0 1 461 6
67.625 9532 0 1 461 6
67.75 9532 0 1 461 6
67.875 9532 0 1 461 6
68 9532 0 1 461 6
68.125 9532 0 1 461 6
68.25 9532 0 1 461 6
68.375 9532 0 1 461 6
68.5 9532 0 1 461 6
68.625 9532 0 1 461 6
68.75 9532 0 1 461 6
68.875 9532 0 1 461 6
69 9532 0 1 461 6
69.125 9532 0 1 461 6
69.25 9532 0 1 461 6
69.375 9532 0 1 461 6
69.5 9532 0 1 461 6
69.625 9532 0 1 461 6
69.75 9532 0 1 461 6
69.875 9532 0 1 461 6
70 9532 0 1 461 6
70.125 9532 0 1 461 6
70.25 9532 0 1 461 6
70.375 9532 0 1 461 6
70.5 9532 0 1 461 6
70.625 9532 0 1 461 6
70.75 9532 0 1 461 6
70.875 9532 0 1 461 6
71 9532 0 1 461 6
71.125 9532 0 1 461 6
71.25 9532 0 1 461 6
71.375 9532 0 1 461 6
71.5 9532 0 1 461 6
71.625 9532 0 1 461 6
71.75 9532 0 1 461 6
71.875 9532 0 0 462 6
