t S E I R D
0 9998 0 2 0 0
0.125 9997 1 2 0 0
0.25 9997 1 2 0 0
0.375 9996 2 2 0 0
0.5 9996 2 2 0 0
0.625 9995 3 2 0 0
0.75 9994 4 2 0 0
0.875 9994 4 2 0 0
1 9994 3 3 0 0
1.125 9994 3 3 0 0
1.25 9993 3 4 0 0
1.375 9991 4 5 0 0
1.5 9989 6 5 0 0
1.625 9989 6 5 0 0
1.75 9988 6 5 1 0
1.875 9986 8 5 1 0
2 9985 7 7 1 0
2.125 9984 8 6 2 0
2.25 9984 8 6 2 0
2.375 9982 9 7 2 0
2.5 9982 8 8 2 0
2.625 9981 9 8 2 0
2.75 9978 12 8 2 0
2.875 9977 12 9 2 0
3 9975 14 9 2 0
3.125 9968 21 9 2 0
3.25 9965 24 9 2 0
3.375 9963 23 12 2 0
3.5 9961 25 11 3 0
3.625 9958 27 12 3 0
3.75 9953 29 15 3 0
3.875 9940 38 19 3 0
4 9928 47 22 3 0
4.125 9918 54 24 4 0
4.25 9909 59 28 4 0
4.375 9898 67 30 5 0
4.5 9881 80 34 5 0
4.625 9872 86 35 7 0
4.75 9863 93 36 8 0
4.875 9848 103 41 8 0
5 9838 110 43 9 0
5.125 9831 111 49 9 0
5.25 9816 118 55 11 0
5.375 9799 126 62 13 0
5.5 9775 142 69 14 0
5.625 9759 154 67 20 0
5.75 9732 173 75 20 0
5.875 9715 180 84 21 0
6 9685 199 93 23 0
6.125 9667 206 101 25 1
6.25 9639 223 111 26 1
6.375 9614 234 123 28 1
6.5 9585 245 137 32 1
6.625 9555 259 148 37 1
6.75 9509 283 166 41 1
6.875 9464 315 176 44 1
7 9427 330 196 46 1
7.125 9385 347 215 52 1
7.25 9339 373 233 54 1
7.375 9278 413 249 59 1
7.5 9230 438 271 60 1
7.625 9175 473 283 68 1
7.75 9116 510 298 75 1
7.875 9041 549 324 85 1
8 8979 569 361 90 1
8.125 8898 622 380 99 1
8.25 8831 640 417 111 1
8.375 8761 675 447 116 1
8.5 8688 703 487 121 1
8.625 8603 740 521 134 2
8.75 8509 791 560 138 2
8.875 8441 814 591 152 2
9 8360 842 635 161 2
9.125 8278 877 674 169 2
9.25 8205 889 722 182 2
9.375 8122 912 770 194 2
9.5 8037 941 804 216 2
9.625 7965 952 839 242 2
9.75 7886 976 872 264 2
9.875 7797 1003 919 279 2
10 7712 1021 973 292 2
10.125 7619 1043 1021 315 2
10.25 7526 1093 1039 340 2
10.375 7443 1102 1089 364 2
10.5 7354 1133 1131 380 2
10.625 7264 1144 1189 400 3
10.75 7192 1148 1221 436 3
10.875 7108 1154 1272 463 3
11 7027 1166 1321 482 4
11.125 6941 1171 1382 502 4
11.25 6859 1171 1439 527 4
11.375 6768 1176 1502 550 4
11.5 6687 1178 1546 585 4
11.625 6607 1190 1584 615 4
11.75 6507 1222 1619 648 4
11.875 6430 1206 1669 689 6
12 6346 1224 1686 737 7
12.125 6272 1234 1706 781 7
12.25 6195 1216 1768 814 7
12.375 6115 1219 1811 848 7
12.5 6035 1227 1845 886 7
12.625 5942 1244 1890 916 8
12.75 5859 1263 1924 946 8
12.875 5782 1259 1968 982 9
13 5697 1262 2004 1028 9
13.125 5615 1279 2027 1070 9
13.25 5533 1278 2058 1121 10
13.375 5446 1264 2113 1167 10
13.5 5375 1261 2142 1212 10
13.625 5291 1245 2182 1271 11
13.75 5224 1241 2207 1317 11
13.875 5152 1239 2240 1357 12
14 5090 1215 2288 1395 12
14.125 5017 1214 2326 1431 12
14.25 4939 1215 2358 1476 12
14.375 4865 1214 2386 1523 12
14.5 4806 1197 2412 1571 14
14.625 4759 1180 2414 1631 16
14.75 4697 1157 2462 1668 16
14.875 4639 1143 2467 1734 17
15 4572 1152 2454 1805 17
15.125 4503 1152 2459 1868 18
15.25 4448 1136 2477 1920 19
15.375 4385 1113 2504 1977 21
15.5 4332 1099 2522 2025 22
15.625 4283 1075 2551 2069 22
15.75 4232 1044 2569 2133 22
15.875 4178 1029 2585 2186 22
16 4135 1016 2575 2251 23
16.125 4083 991 2606 2297 23
16.25 4025 987 2610 2355 23
16.375 3961 980 2626 2409 24
16.5 3908 969 2626 2473 24
16.625 3877 950 2622 2527 24
16.75 3830 927 2641 2578 24
16.875 3778 934 2634 2628 26
17 3732 913 2639 2688 28
17.125 3688 908 2628 2748 28
17.25 3653 886 2642 2791 28
17.375 3613 868 2646 2844 29
17.5 3558 867 2644 2901 30
17.625 3524 849 2647 2949 31
17.75 3482 843 2638 3005 32
17.875 3444 829 2632 3062 33
18 3411 822 2620 3113 34
18.125 3364 812 2632 3158 34
18.25 3331 795 2619 3220 35
18.375 3299 775 2619 3272 35
18.5 3247 782 2616 3320 35
18.625 3208 780 2611 3366 35
18.75 3178 772 2606 3409 35
18.875 3148 758 2599 3459 36
19 3112 738 2617 3497 36
19.125 3080 722 2602 3559 37
19.25 3048 704 2600 3610 38
19.375 3011 694 2585 3672 38
19.5 2981 685 2564 3732 38
19.625 2956 665 2559 3780 40
19.75 2930 658 2544 3828 40
19.875 2903 647 2535 3874 41
20 2872 630 2536 3920 42
20.125 2847 612 2534 3964 43
20.25 2823 604 2518 4012 43
20.375 2793 597 2499 4066 45
20.5 2764 595 2475 4121 45
20.625 2744 586 2455 4168 47
20.75 2730 564 2454 4205 47
20.875 2702 556 2446 4247 49
21 2677 551 2421 4301 50
21.125 2647 556 2392 4354 51
21.25 2623 533 2396 4397 51
21.375 2597 521 2380 4451 51
21.5 2578 514 2355 4502 51
21.625 2554 506 2335 4554 51
21.75 2522 512 2310 4605 51
21.875 2499 502 2294 4653 52
22 2473 502 2269 4702 54
22.125 2455 489 2237 4764 55
22.25 2421 501 2208 4815 55
22.375 2396 489 2198 4861 56
22.5 2373 487 2168 4916 56
22.625 2354 478 2146 4964 58
22.75 2332 467 2127 5016 58
22.875 2312 458 2110 5062 58
23 2296 438 2103 5104 59
23.125 2281 429 2088 5143 59
23.25 2269 418 2059 5195 59
23.375 2246 411 2049 5234 60
23.5 2230 402 2029 5279 60
23.625 2215 391 2012 5322 60
23.75 2196 389 1986 5369 60
23.875 2187 373 1972 5407 61
24 2173 364 1953 5449 61
24.125 2156 358 1937 5488 61
24.25 2143 346 1926 5522 63
24.375 2132 340 1896 5569 63
24.5 2122 325 1880 5610 63
24.625 2115 313 1870 5638 64
24.75 2108 299 1846 5683 64
24.875 2092 301 1820 5723 64
25 2080 294 1808 5754 64
25.125 2067 290 1789 5790 64
25.25 2052 292 1767 5825 64
25.375 2038 291 1753 5854 64
25.5 2031 279 1733 5893 64
25.625 2020 273 1715 5928 64
25.75 2007 268 1697 5964 64
25.875 1995 260 1679 6002 64
26 1986 255 1658 6037 64
26.125 1972 244 1648 6072 64
26.25 1958 239 1637 6101 65
26.375 1950 233 1615 6137 65
26.5 1939 235 1591 6169 66
26.625 1927 232 1564 6211 66
26.75 1917 231 1541 6244 67
26.875 1906 223 1525 6279 67
27 1892 222 1508 6309 69
27.125 1885 211 1492 6343 69
27.25 1880 208 1455 6388 69
27.375 1871 205 1433 6422 69
27.5 1866 195 1423 6446 70
27.625 1859 195 1395 6481 70
27.75 1854 180 1388 6508 70
27.875 1844 179 1369 6538 70
28 1838 170 1354 6568 70
28.125 1826 175 1330 6598 71
28.25 1818 170 1312 6629 71
28.375 1815 160 1296 6656 73
28.5 1810 156 1278 6683 73
28.625 1804 152 1261 6710 73
28.75 1800 149 1232 6745 74
28.875 1794 145 1212 6775 74
29 1786 149 1195 6796 74
29.125 1778 147 1186 6815 74
29.25 1765 148 1181 6831 75
29.375 1761 143 1176 6845 75
29.5 1755 139 1165 6866 75
29.625 1749 137 1151 6888 75
29.75 1743 136 1144 6902 75
29.875 1734 140 1132 6918 76
30 1728 138 1115 6943 76
30.125 1723 136 1114 6951 76
30.25 1719 130 1105 6970 76
30.375 1716 122 1096 6990 76
30.5 1707 124 1084 7009 76
30.625 1703 118 1070 7033 76
30.75 1698 113 1057 7056 76
30.875 1694 112 1033 7085 76
31 1688 111 1019 7106 76
31.125 1682 103 1007 7131 77
31.25 1679 93 1003 7148 77
31.375 1671 96 978 7178 77
31.5 1666 96 962 7198 78
31.625 1663 92 949 7217 79
31.75 1654 95 933 7239 79
31.875 1647 96 916 7262 79
32 1646 94 895 7285 80
32.125 1643 88 882 7307 80
32.25 1638 88 874 7319 81
32.375 1634 81 867 7337 81
32.5 1628 82 855 7354 81
32.625 1625 80 840 7374 81
32.75 1622 77 831 7389 81
32.875 1620 74 823 7402 81
33 1618 74 807 7420 81
33.125 1614 73 794 7437 82
33.25 1612 69 782 7455 82
33.375 1611 62 775 7470 82
33.5 1608 57 757 7495 83
33.625 1604 55 748 7509 84
33.75 1600 56 738 7522 84
33.875 1597 53 731 7535 84
34 1592 51 723 7550 84
34.125 1592 45 714 7564 85
34.25 1589 44 707 7575 85
34.375 1588 41 703 7583 85
34.5 1583 45 689 7596 87
34.625 1582 43 673 7615 87
34.75 1580 43 663 7627 87
34.875 1580 40 650 7643 87
35 1580 38 637 7658 87
35.125 1578 39 630 7666 87
35.25 1575 40 616 7682 87
35.375 1573 41 603 7695 88
35.5 1570 40 601 7700 89
35.625 1567 40 587 7717 89
35.75 1565 38 584 7723 90
35.875 1563 40 571 7736 90
36 1559 42 561 7748 90
36.125 1556 42 547 7764 91
36.25 1554 40 541 7774 91
36.375 1554 37 533 7785 91
36.5 1550 38 519 7801 92
36.625 1548 38 512 7810 92
36.75 1546 39 501 7822 92
36.875 1542 42 494 7829 93
37 1541 39 482 7845 93
37.125 1538 41 475 7853 93
37.25 1538 39 466 7864 93
37.375 1537 37 458 7875 93
37.5 1533 39 457 7878 93
37.625 1533 38 449 7887 93
37.75 1531 37 440 7899 93
37.875 1530 37 421 7919 93
38 1529 38 418 7922 93
38.125 1528 33 416 7930 93
38.25 1526 34 406 7940 94
38.375 1524 36 399 7947 94
38.5 1523 36 393 7954 94
38.625 1522 31 393 7960 94
38.75 1520 32 387 7967 94
38.875 1519 32 379 7976 94
39 1518 33 369 7986 94
39.125 1517 32 362 7995 94
39.25 1516 29 351 8009 95
39.375 1516 27 346 8015 96
39.5 1513 28 343 8020 96
39.625 1511 28 334 8031 96
39.75 1511 26 327 8040 96
39.875 1510 24 324 8046 96
40 1510 23 310 8059 98
40.125 1510 22 300 8069 99
40.25 1510 21 293 8077 99
40.375 1509 22 284 8086 99
40.5 1508 23 276 8094 99
40.625 1507 23 275 8096 99
40.75 1506 22 268 8105 99
40.875 1505 22 261 8113 99
41 1504 19 259 8119 99
41.125 1503 19 257 8122 99
41.25 1503 16 251 8131 99
41.375 1502 16 248 8135 99
41.5 1501 16 248 8136 99
41.625 1501 16 244 8140 99
41.75 1500 16 243 8142 99
41.875 1498 16 238 8149 99
42 1497 16 234 8154 99
42.125 1495 18 228 8160 99
42.25 1495 18 225 8163 99
42.375 1495 16 219 8171 99
42.5 1494 14 215 8178 99
42.625 1493 15 210 8183 99
42.75 1493 14 206 8188 99
42.875 1493 14 204 8190 99
43 1492 13 201 8195 99
43.125 1492 11 201 8197 99
43.25 1491 12 197 8201 99
43.375 1488 15 195 8203 99
43.5 1487 14 193 8206 100
43.625 1486 13 191 8210 100
43.75 1485 12 191 8212 100
43.875 1484 13 189 8214 100
44 1483 13 188 8216 100
44.125 1482 13 185 8220 100
44.25 1480 13 186 8221 100
44.375 1480 11 186 8223 100
44.5 1480 10 181 8229 100
44.625 1480 9 179 8232 100
44.75 1480 8 174 8238 100
44.875 1479 8 172 8241 100
45 1479 7 171 8243 100
45.125 1479 7 169 8245 100
45.25 1479 5 167 8249 100
45.375 1479 4 167 8250 100
45.5 1479 4 164 8253 100
45.625 1479 4 159 8258 100
45.75 1478 4 158 8260 100
45.875 1478 4 154 8264 100
46 1478 4 150 8268 100
46.125 1478 4 148 8270 100
46.25 1477 5 145 8273 100
46.375 1477 5 143 8275 100
46.5 1477 5 140 8278 100
46.625 1475 7 136 8282 100
46.75 1475 6 135 8284 100
46.875 1474 7 132 8287 100
47 1474 6 129 8291 100
47.125 1474 6 125 8295 100
47.25 1473 7 122 8298 100
47.375 1473 5 123 8299 100
47.5 1473 5 121 8301 100
47.625 1472 6 116 8306 100
47.75 1472 5 116 8307 100
47.875 1471 5 114 8310 100
48 1470 6 113 8311 100
48.125 1470 5 110 8315 100
48.25 1470 5 110 8315 100
48.375 1470 4 110 8316 100
48.5 1470 4 105 8321 100
48.625 1470 4 105 8321 100
48.75 1470 4 104 8322 100
48.875 1469 4 104 8323 100
49 1469 4 101 8326 100
49.125 1469 4 98 8329 100
49.25 1467 6 95 8332 100
49.375 1467 6 92 8335 100
49.5 1467 5 92 8336 100
49.625 1466 6 89 8339 100
49.75 1465 6 89 8340 100
49.875 1465 5 89 8341 100
50 1465 5 87 8343 100
50.125 1465 3 88 8344 100
50.25 1464 4 85 8347 100
50.375 1464 3 83 8350 100
50.5 1464 3 79 8354 100
50.625 1464 3 78 8355 100
50.75 1464 3 78 8355 100
50.875 1464 3 75 8358 100
51 1464 3 74 8359 100
51.125 1464 3 73 8360 100
51.25 1464 3 73 8360 100
51.375 1464 3 73 8360 100
51.5 1464 3 72 8361 100
51.625 1464 3 71 8362 100
51.75 1464 2 69 8365 100
51.875 1464 2 67 8367 100
52 1464 2 66 8368 100
52.125 1464 2 65 8369 100
52.25 1464 2 64 8370 100
52.375 1463 2 65 8370 100
52.5 1461 4 65 8370 100
52.625 1461 3 65 8371 100
52.75 1461 3 64 8372 100
52.875 1461 3 62 8374 100
53 1460 4 60 8376 100
53.125 1459 4 60 8377 100
53.25 1459 4 60 8377 100
53.375 1459 4 59 8378 100
53.5 1459 4 58 8379 100
53.625 1458 5 58 8379 100
53.75 1457 6 56 8381 100
53.875 1457 6 54 8383 100
54 1457 6 54 8383 100
54.125 1457 4 56 8383 100
54.25 1457 4 54 8385 100
54.375 1457 4 54 8385 100
54.5 1457 4 51 8388 100
54.625 1456 5 50 8389 100
54.75 1456 5 50 8389 100
54.875 1456 5 50 8389 100
55 1456 5 47 8392 100
55.125 1456 5 47 8392 100
55.25 1456 5 47 8392 100
55.375 1456 5 47 8392 100
55.5 1456 5 46 8393 100
55.625 1456 5 44 8395 100
55.75 1456 4 44 8396 100
55.875 1456 4 42 8398 100
56 1456 3 41 8400 100
56.125 1456 3 40 8401 100
56.25 1456 2 40 8402 100
56.375 1456 2 38 8404 100
56.5 1456 2 37 8405 100
56.625 1456 2 35 8407 100
56.75 1456 2 35 8407 100
56.875 1456 1 36 8407 100
57 1456 0 37 8407 100
57.125 1456 0 35 8409 100
57.25 1456 0 35 8409 100
57.375 1456 0 34 8410 100
57.5 1456 0 34 8410 100
57.625 1456 0 33 8411 100
57.75 1456 0 33 8411 100
57.875 1456 0 33 8411 100
58 1456 0 31 8413 100
58.125 1456 0 30 8414 100
58.25 1456 0 30 8414 100
58.375 1456 0 30 8414 100
58.5 1456 0 29 8415 100
58.625 1456 0 29 8415 100
58.75 1456 0 28 8416 100
58.875 1456 0 28 8416 100
59 1456 0 27 8417 100
59.125 1456 0 26 8418 100
59.25 1456 0 26 8418 100
59.375 1456 0 26 8418 100
59.5 1456 0 23 8421 100
59.625 1456 0 23 8421 100
59.75 1456 0 23 8421 100
59.875 1456 0 22 8422 100
60 1456 0 21 8423 100
60.125 1456 0 21 8423 100
60.25 1456 0 21 8423 100
60.375 1456 0 19 8425 100
60.5 1455 1 18 8426 100
60.625 1455 1 18 8426 100
60.75 1455 1 18 8426 100
60.875 1455 1 18 8426 100
61 1455 1 17 8427 100
61.125 1455 1 17 8427 100
61.25 1455 1 17 8427 100
61.375 1455 0 18 8427 100
61.5 1455 0 18 8427 100
61.625 1455 0 18 8427 100
61.75 1455 0 18 8427 100
61.875 1455 0 18 8427 100
62 1455 0 18 8427 100
62.125 1455 0 18 8427 100
62.25 1455 0 17 8428 100
62.375 1455 0 17 8428 100
62.5 1455 0 16 8429 100
62.625 1455 0 16 8429 100
62.75 1455 0 15 8430 100
62.875 1455 0 14 8431 100
63 1455 0 14 8431 100
63.125 1455 0 14 8431 100
63.25 1455 0 14 8431 100
63.375 1455 0 14 8431 100
63.5 1455 0 14 8431 100
63.625 1455 0 14 8431 100
63.75 1455 0 12 8433 100
63.875 1455 0 11 8434 100
64 1455 0 11 8434 100
64.125 1455 0 11 8434 100
64.25 1455 0 11 8434 100
64.375 1455 0 11 8434 100
64.5 1455 0 10 8435 100
64.625 1455 0 10 8435 100
64.75 1455 0 10 8435 100
64.875 1455 0 10 8435 100
65 1455 0 10 8435 100
65.125 1455 0 8 8437 100
65.25 1455 0 8 8437 100
65.375 1455 0 8 8437 100
65.5 1455 0 8 8437 100
65.625 1455 0 8 8437 100
65.75 1455 0 8 8437 100
65.875 1455 0 8 8437 100
66 1455 0 8 8437 100
66.125 1455 0 8 8437 100
66.25 1455 0 8 8437 100
66.375 1455 0 8 8437 100
66.5 1455 0 8 8437 100
66.625 1455 0 7 8438 100
66.75 1455 0 7 8438 100
66.875 1455 0 7 8438 100
67 1455 0 7 8438 100
67.125 1455 0 7 8438 100
67.25 1455 0 7 8438 100
67.375 1455 0 7 8438 100
67.5 1455 0 6 8439 100
67.625 1455 0 6 8439 100
67.75 1455 0 6 8439 100
67.875 1455 0 6 8439 100
68 1455 0 6 8439 100
68.125 1455 0 6 8439 100
68.25 1455 0 6 8439 100
68.375 1455 0 6 8439 100
68.5 1455 0 5 8440 100
68.625 1455 0 5 8440 100
68.75 1455 0 5 8440 100
68.875 1455 0 5 8440 100
69 1455 0 5 8440 100
69.125 1455 0 4 8441 100
69.25 1455 0 4 8441 100
69.375 1455 0 4 8441 100
69.5 1455 0 4 8441 100
69.625 1455 0 4 8441 100
69.75 1455 0 3 8442 100
69.875 1455 0 3 8442 100
70 1455 0 2 8443 100
70.125 1455 0 2 8443 100
70.25 1455 0 2 8443 100
70.375 1455 0 2 8443 100
70.5 1455 0 1 8444 100
70.625 1455 0 1 8444 100
70.75 1455 0 1 8444 100
70.875 1455 0 1 8444 100
71 1455 0 1 8444 100
71.125 1455 0 1 8444 100
71.25 1455 0 1 8444 100
71.375 1455 0 1 8444 100
71.5 1455 0 1 8444 100
71.625 1455 0 1 8444 100
71.75 1455 0 1 8444 100
71.875 1455 0 1 8444 100
72 1455 0 1 8444 100
72.125 1455 0 1 8444 100
72.25 1455 0 1 8444 100
72.375 1455 0 1 8444 100
72.5 1455 0 1 8444 100
72.625 1455 0 1 8444 100
72.75 1455 0 1 8444 100
72.875 1455 0 1 8444 100
73 1455 0 1 8444 100
73.125 1455 0 1 8444 100
73.25 1455 0 1 8444 100
73.375 1455 0 0 8445 100
