t S E I R D
0 9998 0 2 0 0
0.125 9998 0 2 0 0
0.25 9998 0 2 0 0
0.375 9998 0 2 0 0
0.5 9998 0 2 0 0
0.625 9998 0 2 0 0
0.75 9998 0 2 0 0
0.875 9998 0 2 0 0
1 9998 0 2 0 0
1.125 9998 0 2 0 0
1.25 9998 0 2 0 0
1.375 9998 0 2 0 0
1.5 9998 0 2 0 0
1.625 9997 1 2 0 0
1.75 9997 1 2 0 0
1.875 9997 1 2 0 0
2 9997 1 2 0 0
2.125 9997 0 3 0 0
2.25 9995 2 3 0 0
2.375 9994 3 3 0 0
2.5 9993 4 3 0 0
2.625 9992 4 4 0 0
2.75 9990 6 4 0 0
2.875 9990 6 4 0 0
3 9988 7 5 0 0
3.125 9987 8 5 0 0
3.25 9987 7 6 0 0
3.375 9986 8 6 0 0
3.5 9984 7 9 0 0
3.625 9982 8 10 0 0
3.75 9982 8 10 0 0
3.875 9979 11 10 0 0
4 9976 11 13 0 0
4.125 9974 13 13 0 0
4.25 9969 17 14 0 0
4.375 9961 24 15 0 0
4.5 9956 26 18 0 0
4.625 9950 32 17 1 0
4.75 9945 35 18 2 0
4.875 9935 43 20 2 0
5 9926 49 23 2 0
5.125 9914 59 25 2 0
5.25 9904 66 27 3 0
5.375 9895 65 37 3 0
5.5 9884 74 39 3 0
5.625 9879 76 42 3 0
5.75 9869 82 46 3 0
5.875 9862 79 55 4 0
6 9850 85 59 6 0
6.125 9844 82 67 7 0
6.25 9829 90 74 7 0
6.375 9786 126 79 9 0
6.5 9746 163 81 10 0
6.625 9711 184 95 10 0
6.75 9662 226 102 10 0
6.875 9618 252 117 13 0
7 9585 273 128 14 0
7.125 9533 307 143 17 0
7.25 9467 358 155 20 0
7.375 9381 427 169 23 0
7.5 9321 463 192 23 1
7.625 9311 454 207 27 1
7.75 9307 433 226 33 1
7.875 9302 409 245 43 1
8 9297 382 272 48 1
8.125 9282 383 281 53 1
8.25 9278 370 295 56 1
8.375 9271 354 311 63 1
8.5 9265 328 338 68 1
8.625 9253 322 347 77 1
8.75 9246 302 363 88 1
8.875 9237 292 374 96 1
9 9236 265 392 106 1
9.125 9221 264 397 117 1
9.25 9213 255 408 123 1
9.375 9208 247 411 133 1
9.5 9202 243 415 139 1
9.625 9191 238 418 152 1
9.75 9185 231 426 157 1
9.875 9175 224 431 169 1
10 9162 221 436 180 1
10.125 9151 218 442 188 1
10.25 9147 212 447 193 1
10.375 9135 206 452 206 1
10.5 9125 201 458 215 1
10.625 9116 194 464 225 1
10.75 9106 196 461 236 1
10.875 9099 185 465 250 1
11 9091 184 467 257 1
11.125 9081 183 470 265 1
11.25 9070 190 466 273 1
11.375 9061 186 474 278 1
11.5 9052 183 475 289 1
11.625 9039 184 478 298 1
11.75 9029 180 481 309 1
11.875 9023 171 481 324 1
12 9016 162 492 329 1
12.125 9006 159 493 341 1
12.25 8996 162 496 344 2
12.375 8989 157 500 351 3
12.5 8987 148 503 359 3
12.625 8983 145 490 379 3
12.75 8981 138 487 391 3
12.875 8972 134 489 402 3
13 8971 123 495 408 3
13.125 8964 122 496 415 3
13.25 8961 116 501 419 3
13.375 8957 117 496 427 3
13.5 8954 116 482 445 3
13.625 8946 123 469 459 3
13.75 8941 117 475 464 3
13.875 8936 110 479 472 3
14 8934 101 481 481 3
14.125 8933 99 475 490 3
14.25 8926 98 475 498 3
14.375 8924 95 466 512 3
14.5 8924 93 458 521 4
14.625 8921 90 451 534 4
14.75 8918 87 453 538 4
14.875 8916 87 448 545 4
15 8915 83 444 554 4
15.125 8913 84 441 558 4
15.25 8908 82 444 562 4
15.375 8907 76 443 570 4
15.5 8907 69 443 577 4
15.625 8903 70 442 581 4
15.75 8902 70 439 585 4
15.875 8900 68 435 593 4
16 8896 69 429 602 4
16.125 8893 68 421 614 4
16.25 8888 70 414 624 4
16.375 8883 72 405 636 4
16.5 8882 70 401 643 4
16.625 8880 64 403 649 4
16.75 8879 62 400 655 4
16.875 8877 63 393 663 4
17 8876 62 390 668 4
17.125 8874 59 383 679 5
17.25 8873 58 376 688 5
17.375 8871 55 375 694 5
17.5 8871 54 369 701 5
17.625 8868 53 367 707 5
17.75 8867 49 364 715 5
17.875 8867 49 348 731 5
18 8866 48 345 736 5
18.125 8866 43 343 743 5
18.25 8866 37 346 746 5
18.375 8863 37 346 749 5
18.5 8863 36 341 755 5
18.625 8862 37 337 759 5
18.75 8860 38 331 766 5
18.875 8859 34 332 770 5
19 8856 34 329 776 5
19.125 8856 30 328 781 5
19.25 8855 31 321 788 5
19.375 8854 28 316 797 5
19.5 8854 26 316 799 5
19.625 8854 24 312 805 5
19.75 8853 24 308 810 5
19.875 8852 22 308 813 5
20 8851 23 298 823 5
20.125 8851 22 286 836 5
20.25 8851 22 281 841 5
20.375 8851 20 280 844 5
20.5 8851 19 274 851 5
20.625 8848 21 270 856 5
20.75 8847 22 262 864 5
20.875 8847 21 257 870 5
21 8847 21 254 873 5
21.125 8846 22 249 878 5
21.25 8844 22 246 883 5
21.375 8844 21 242 888 5
21.5 8844 18 240 893 5
21.625 8844 16 230 903 7
21.75 8844 16 227 906 7
21.875 8843 16 225 909 7
22 8843 15 222 913 7
22.125 8842 16 218 916 8
22.25 8841 16 215 920 8
22.375 8841 15 212 924 8
22.5 8841 15 205 931 8
22.625 8841 12 205 934 8
22.75 8840 12 202 938 8
22.875 8839 12 200 941 8
23 8839 12 196 945 8
23.125 8839 11 192 950 8
23.25 8839 10 184 959 8
23.375 8839 10 180 963 8
23.5 8839 10 176 967 8
23.625 8839 10 175 968 8
23.75 8838 10 174 970 8
23.875 8838 8 171 975 8
24 8838 8 167 979 8
24.125 8838 8 166 979 9
24.25 8836 9 163 983 9
24.375 8836 9 161 985 9
24.5 8836 9 159 987 9
24.625 8836 7 158 990 9
24.75 8835 8 153 995 9
24.875 8835 7 154 995 9
25 8835 7 153 996 9
25.125 8834 8 151 998 9
25.25 8834 8 151 998 9
25.375 8834 6 148 1003 9
25.5 8833 6 144 1008 9
25.625 8833 5 145 1008 9
25.75 8833 5 140 1013 9
25.875 8833 5 132 1021 9
26 8833 3 133 1022 9
26.125 8833 3 128 1027 9
26.25 8833 3 126 1029 9
26.375 8833 3 124 1031 9
26.5 8833 3 124 1031 9
26.625 8833 3 123 1032 9
26.75 8833 3 122 1033 9
26.875 8833 3 118 1037 9
27 8833 3 116 1039 9
27.125 8833 2 117 1039 9
27.25 8833 2 114 1041 10
27.375 8833 2 113 1042 10
27.5 8832 3 110 1045 10
27.625 8832 3 109 1046 10
27.75 8832 3 105 1050 10
27.875 8832 3 102 1053 10
28 8832 3 101 1054 10
28.125 8832 3 98 1057 10
28.25 8832 3 96 1059 10
28.375 8831 4 94 1061 10
28.5 8831 4 91 1064 10
28.625 8831 4 90 1065 10
28.75 8831 4 87 1068 10
28.875 8831 4 86 1069 10
29 8831 3 83 1073 10
29.125 8831 2 82 1075 10
29.25 8830 3 81 1076 10
29.375 8830 3 78 1079 10
29.5 8829 4 77 1080 10
29.625 8829 4 77 1080 10
29.75 8829 4 74 1083 10
29.875 8829 4 73 1084 10
30 8829 3 74 1084 10
30.125 8829 3 74 1084 10
30.25 8829 3 71 1087 10
30.375 8829 3 69 1089 10
30.5 8829 3 65 1093 10
30.625 8828 4 63 1095 10
30.75 8828 4 62 1096 10
30.875 8828 3 62 1097 10
31 8828 3 62 1097 10
31.125 8828 2 63 1097 10
31.25 8828 2 58 1102 10
31.375 8828 2 56 1104 10
31.5 8828 2 55 1105 10
31.625 8828 2 54 1106 10
31.75 8828 2 53 1107 10
31.875 8828 2 53 1107 10
32 8828 2 53 1107 10
32.125 8828 2 52 1108 10
32.25 8828 1 53 1108 10
32.375 8828 1 50 1111 10
32.5 8828 1 49 1112 10
32.625 8827 2 48 1113 10
32.75 8827 2 47 1114 10
32.875 8827 2 46 1115 10
33 8827 2 44 1117 10
33.125 8827 1 43 1119 10
33.25 8827 1 42 1120 10
33.375 8827 1 41 1121 10
33.5 8827 1 37 1125 10
33.625 8827 1 37 1125 10
33.75 8827 1 35 1127 10
33.875 8827 1 35 1127 10
34 8827 1 34 1128 10
34.125 8827 1 33 1129 10
34.25 8827 1 32 1130 10
34.375 8827 0 33 1130 10
34.5 8827 0 32 1131 10
34.625 8826 1 32 1131 10
34.75 8826 1 32 1131 10
34.875 8826 1 32 1131 10
35 8826 1 31 1132 10
35.125 8826 1 29 1134 10
35.25 8826 1 27 1136 10
35.375 8826 1 26 1137 10
35.5 8826 1 25 1138 10
35.625 8826 0 26 1138 10
35.75 8826 0 26 1138 10
35.875 8826 0 25 1139 10
36 8825 1 25 1139 10
36.125 8825 1 23 1141 10
36.25 8825 1 21 1143 10
36.375 8825 1 20 1144 10
36.5 8825 1 19 1145 10
36.625 8825 1 19 1145 10
36.75 8825 1 19 1145 10
36.875 8825 1 19 1145 10
37 8825 0 20 1145 10
37.125 8825 0 18 1147 10
37.25 8825 0 18 1147 10
37.375 8825 0 18 1147 10
37.5 8825 0 18 1147 10
37.625 8825 0 18 1147 10
37.75 8825 0 16 1148 11
37.875 8825 0 16 1148 11
38 8825 0 16 1148 11
38.125 8824 1 16 1148 11
38.25 8824 1 16 1148 11
38.375 8824 1 15 1149 11
38.5 8824 1 14 1150 11
38.625 8824 1 14 1150 11
38.75 8824 1 14 1150 11
38.875 8824 1 14 1150 11
39 8824 1 14 1150 11
39.125 8824 1 14 1150 11
39.25 8824 1 14 1150 11
39.375 8824 1 14 1150 11
39.5 8823 2 13 1151 11
39.625 8823 2 13 1151 11
39.75 8823 2 12 1152 11
39.875 8823 2 12 1152 11
40 8823 2 11 1153 11
40.125 8823 2 11 1153 11
40.25 8823 2 11 1153 11
40.375 8823 2 11 1153 11
40.5 8822 2 12 1153 11
40.625 8822 1 13 1153 11
40.75 8822 1 13 1153 11
40.875 8822 0 13 1154 11
41 8822 0 13 1154 11
41.125 8822 0 13 1154 11
41.25 8822 0 13 1154 11
41.375 8822 0 13 1154 11
41.5 8822 0 13 1154 11
41.625 8822 0 12 1155 11
41.75 8822 0 12 1155 11
41.875 8822 0 11 1156 11
42 8822 0 11 1156 11
42.125 8822 0 10 1157 11
42.25 8822 0 9 1158 11
42.375 8822 0 9 1158 11
42.5 8822 0 9 1158 11
42.625 8822 0 9 1158 11
42.75 8822 0 9 1158 11
42.875 8822 0 9 1158 11
43 8822 0 8 1159 11
43.125 8822 0 7 1160 11
43.25 8822 0 7 1160 11
43.375 8822 0 7 1160 11
43.5 8822 0 6 1161 11
43.625 8822 0 6 1161 11
43.75 8822 0 6 1161 11
43.875 8822 0 5 1162 11
44 8822 0 5 1162 11
44.125 8822 0 5 1162 11
44.25 8822 0 5 1162 11
44.375 8822 0 5 1162 11
44.5 8822 0 5 1162 11
44.625 8822 0 5 1162 11
44.75 8822 0 5 1162 11
44.875 8822 0 4 1163 11
45 8822 0 4 1163 11
45.125 8822 0 4 1163 11
45.25 8822 0 4 1163 11
45.375 8822 0 4 1163 11
45.5 8822 0 4 1163 11
45.625 8822 0 4 1163 11
45.75 8822 0 4 1163 11
45.875 8822 0 4 1163 11
46 8822 0 4 1163 11
46.125 8822 0 4 1163 11
46.25 8822 0 4 1163 11
46.375 8822 0 4 1163 11
46.5 8822 0 4 1163 11
46.625 8822 0 4 1163 11
46.75 8822 0 4 1163 11
46.875 8822 0 4 1163 11
47 8822 0 4 1163 11
47.125 8822 0 4 1163 11
47.25 8822 0 4 1163 11
47.375 8822 0 4 1163 11
47.5 8822 0 4 1163 11
47.625 8822 0 4 1163 11
47.75 8822 0 4 1163 11
47.875 8822 0 4 1163 11
48 8822 0 4 1163 11
48.125 8822 0 4 1163 11
48.25 8822 0 4 1163 11
48.375 8822 0 4 1163 11
48.5 8822 0 4 1163 11
48.625 8822 0 3 1164 11
48.75 8822 0 3 1164 11
48.875 8822 0 3 1164 11
49 8822 0 2 1165 11
49.125 8822 0 2 1165 11
49.25 8822 0 2 1165 11
49.375 8822 0 2 1165 11
49.5 8822 0 2 1165 11
49.625 8822 0 2 1165 11
49.75 8822 0 2 1165 11
49.875 8822 0 2 1165 11
50 8822 0 2 1165 11
50.125 8822 0 2 1165 11
50.25 8822 0 2 1165 11
50.375 8822 0 2 1165 11
50.5 8822 0 2 1165 11
50.625 8822 0 2 1165 11
50.75 8822 0 2 1165 11
50.875 8822 0 1 1166 11
51 8822 0 1 1166 11
51.125 8822 0 1 1166 11
51.25 8822 0 1 1166 11
51.375 8822 0 1 1166 11
51.5 8822 0 1 1166 11
51.625 8822 0 0 1167 11
