t S E I R D
0 9998 0 2 0 0
0.125 9998 0 2 0 0
0.25 9998 0 2 0 0
0.375 9998 0 2 0 0
0.5 9998 0 2 0 0
0.625 9998 0 2 0 0
0.75 9998 0 2 0 0
0.875 9998 0 2 0 0
1 9997 1 2 0 0
1.125 9997 1 2 0 0
1.25 9997 1 2 0 0
1.375 9997 1 2 0 0
1.5 9997 1 2 0 0
1.625 9997 1 2 0 0
1.75 9997 1 1 1 0
1.875 9997 1 1 1 0
2 9997 1 1 1 0
2.125 9997 1 1 1 0
2.25 9997 1 1 1 0
2.375 9997 1 1 1 0
2.5 9997 1 1 1 0
2.625 9997 0 2 1 0
2.75 9997 0 2 1 0
2.875 9995 2 2 1 0
3 9995 2 2 1 0
3.125 9994 3 2 1 0
3.25 9994 3 2 1 0
3.375 9993 3 3 1 0
3.5 9993 2 4 1 0
3.625 9993 2 4 1 0
3.75 9992 3 4 1 0
3.875 9992 3 4 1 0
4 9992 2 5 1 0
4.125 9992 2 5 1 0
4.25 9991 3 5 1 0
4.375 9990 4 5 1 0
4.5 9988 6 5 1 0
4.625 9988 5 6 1 0
4.75 9985 8 6 1 0
4.875 9985 8 6 1 0
5 9985 7 7 1 0
5.125 9985 7 7 1 0
5.25 9985 7 7 1 0
5.375 9985 7 7 1 0
5.5 9984 8 7 1 0
5.625 9984 8 7 1 0
5.75 9984 8 7 1 0
5.875 9983 9 7 1 0
6 9983 9 7 1 0
6.125 9983 8 8 1 0
6.25 9983 8 7 2 0
6.375 9982 8 8 2 0
6.5 9977 13 8 2 0
6.625 9975 15 8 2 0
6.75 9974 16 8 2 0
6.875 9971 17 10 2 0
7 9970 18 10 2 0
7.125 9969 18 11 2 0
7.25 9965 21 12 2 0
7.375 9956 28 14 2 0
7.5 9938 44 16 2 0
7.625 9918 60 20 2 0
7.75 9901 75 22 2 0
7.875 9888 84 26 2 0
8 9866 103 29 2 0
8.125 9844 119 34 3 0
8.25 9821 133 42 4 0
8.375 9788 155 53 4 0
8.5 9770 165 60 5 0
8.625 9744 181 67 8 0
8.75 9711 201 77 11 0
8.875 9676 224 86 14 0
9 9648 244 92 16 0
9.125 9601 280 101 18 0
9.25 9556 314 111 19 0
9.375 9517 333 128 22 0
9.5 9476 356 142 26 0
9.625 9436 361 177 26 0
9.75 9384 390 198 28 0
9.875 9318 438 208 36 0
10 9244 491 225 40 0
10.125 9172 529 251 48 0
10.25 9099 571 276 54 0
10.375 9017 624 300 59 0
10.5 8949 651 335 65 0
10.625 8850 719 360 71 0
10.75 8748 776 402 74 0
10.875 8647 844 427 82 0
11 8539 890 485 86 0
11.125 8434 927 537 102 0
11.25 8316 977 582 125 0
11.375 8220 1001 641 138 0
11.5 8098 1053 699 150 0
11.625 7974 1127 740 159 0
11.75 7849 1186 791 174 0
11.875 7730 1232 850 188 0
12 7603 1279 914 204 0
12.125 7480 1323 977 220 0
12.25 7366 1365 1031 238 0
12.375 7242 1388 1107 262 1
12.5 7232 1301 1182 284 1
12.625 7220 1227 1245 307 1
12.75 7205 1164 1303 327 1
12.875 7188 1097 1361 353 1
13 7172 1046 1407 374 1
13.125 7152 997 1442 408 1
13.25 7133 943 1479 444 1
13.375 7117 907 1497 477 2
13.5 7110 856 1528 504 2
13.625 7108 804 1557 529 2
13.75 7093 766 1578 560 3
13.875 7082 724 1604 587 3
14 7078 682 1624 613 3
14.125 7075 637 1640 645 3
14.25 7067 604 1651 674 4
14.375 7063 572 1653 707 5
14.5 7061 529 1660 745 5
14.625 7058 502 1658 776 6
14.75 7053 478 1649 814 6
14.875 7049 458 1639 847 7
15 7049 418 1647 879 7
15.125 7043 389 1641 920 7
15.25 7042 358 1645 946 9
15.375 7038 335 1639 978 10
15.5 7037 311 1632 1009 11
15.625 7035 293 1627 1034 11
15.75 7034 271 1621 1063 11
15.875 7034 252 1609 1093 12
16 7033 240 1584 1129 14
16.125 7031 231 1561 1162 15
16.25 7030 218 1548 1189 15
16.375 7029 204 1534 1218 15
16.5 7029 189 1510 1257 15
16.625 7029 177 1488 1290 16
16.75 7027 170 1471 1315 17
16.875 7026 161 1460 1336 17
17 7026 147 1441 1368 18
17.125 7025 144 1414 1399 18
17.25 7024 132 1394 1432 18
17.375 7024 127 1372 1459 18
17.5 7024 118 1341 1499 18
17.625 7023 110 1325 1524 18
17.75 7023 103 1304 1552 18
17.875 7022 99 1282 1579 18
18 7021 93 1264 1603 19
18.125 7020 86 1246 1629 19
18.25 7019 85 1222 1655 19
18.375 7019 74 1212 1676 19
18.5 7018 71 1202 1690 19
18.625 7017 68 1184 1711 20
18.75 7016 63 1167 1734 20
18.875 7014 63 1150 1752 21
19 7014 60 1126 1777 23
19.125 7014 53 1118 1792 23
19.25 7013 52 1099 1813 23
19.375 7013 50 1065 1848 24
19.5 7012 48 1045 1871 24
19.625 7012 46 1025 1893 24
19.75 7011 45 1006 1913 25
19.875 7010 46 980 1939 25
20 7010 44 960 1961 25
20.125 7009 42 941 1983 25
20.25 7009 35 933 1998 25
20.375 7008 33 915 2018 26
20.5 7006 32 894 2041 27
20.625 7006 31 870 2066 27
20.75 7006 29 854 2084 27
20.875 7006 26 836 2105 27
21 7006 23 824 2120 27
21.125 7006 21 812 2134 27
21.25 7006 20 792 2155 27
21.375 7006 19 782 2166 27
21.5 7006 17 767 2183 27
21.625 7006 15 759 2193 27
21.75 7006 12 735 2220 27
21.875 7006 10 717 2240 27
22 7006 9 701 2257 27
22.125 7005 10 685 2273 27
22.25 7005 9 666 2292 28
22.375 7005 9 649 2308 29
22.5 7004 9 634 2324 29
22.625 7004 8 619 2340 29
22.75 7004 8 609 2350 29
22.875 7004 8 592 2367 29
23 7004 8 584 2375 29
23.125 7003 8 572 2388 29
23.25 7003 8 560 2400 29
23.375 7003 8 550 2410 29
23.5 7002 9 542 2418 29
23.625 7002 9 532 2428 29
23.75 7001 9 518 2443 29
23.875 7000 9 509 2453 29
24 7000 9 504 2458 29
24.125 6999 10 497 2465 29
24.25 6999 9 489 2474 29
24.375 6998 9 482 2482 29
24.5 6998 9 466 2498 29
24.625 6998 7 462 2504 29
24.75 6997 8 453 2512 30
24.875 6997 8 441 2524 30
25 6997 7 434 2532 30
25.125 6997 7 423 2543 30
25.25 6997 6 411 2556 30
25.375 6997 6 401 2566 30
25.5 6996 7 396 2571 30
25.625 6996 7 387 2580 30
25.75 6996 7 376 2591 30
25.875 6996 7 364 2603 30
26 6996 6 360 2608 30
26.125 6996 6 355 2613 30
26.25 6996 6 350 2618 30
26.375 6996 5 343 2626 30
26.5 6996 5 335 2634 30
26.625 6996 4 329 2641 30
26.75 6996 4 324 2646 30
26.875 6995 5 323 2647 30
27 6995 5 316 2654 30
27.125 6994 5 309 2662 30
27.25 6994 5 299 2672 30
27.375 6994 5 288 2683 30
27.5 6994 5 285 2686 30
27.625 6994 5 280 2691 30
27.75 6994 5 271 2700 30
27.875 6994 5 265 2706 30
28 6994 5 261 2710 30
28.125 6994 4 258 2714 30
28.25 6994 4 250 2722 30
28.375 6994 4 246 2726 30
28.5 6994 4 237 2734 31
28.625 6994 4 236 2735 31
28.75 6994 4 232 2739 31
28.875 6994 4 227 2744 31
29 6994 4 219 2752 31
29.125 6994 4 211 2760 31
29.25 6994 4 208 2763 31
29.375 6994 4 204 2766 32
29.5 6994 4 200 2770 32
29.625 6994 4 197 2773 32
29.75 6994 3 195 2776 32
29.875 6994 3 193 2778 32
30 6994 3 191 2780 32
30.125 6994 3 187 2784 32
30.25 6994 3 184 2787 32
30.375 6994 1 180 2793 32
30.5 6994 0 178 2796 32
30.625 6994 0 173 2801 32
30.75 6994 0 168 2806 32
30.875 6994 0 164 2810 32
31 6994 0 162 2812 32
31.125 6994 0 161 2813 32
31.25 6994 0 157 2817 32
31.375 6993 1 153 2821 32
31.5 6993 0 149 2826 32
31.625 6993 0 143 2831 33
31.75 6993 0 140 2833 34
31.875 6993 0 136 2837 34
32 6993 0 134 2839 34
32.125 6993 0 128 2845 34
32.25 6993 0 124 2849 34
32.375 6993 0 119 2854 34
32.5 6993 0 115 2858 34
32.625 6993 0 111 2862 34
32.75 6993 0 108 2865 34
32.875 6993 0 106 2867 34
33 6993 0 103 2870 34
33.125 6993 0 100 2873 34
33.25 6993 0 97 2876 34
33.375 6993 0 96 2877 34
33.5 6992 1 95 2878 34
33.625 6992 1 91 2882 34
33.75 6992 1 91 2882 34
33.875 6992 1 88 2885 34
34 6992 0 85 2889 34
34.125 6992 0 84 2890 34
34.25 6992 0 82 2892 34
34.375 6992 0 80 2894 34
34.5 6992 0 79 2895 34
34.625 6992 0 77 2897 34
34.75 6992 0 76 2898 34
34.875 6992 0 76 2898 34
35 6992 0 75 2899 34
35.125 6992 0 72 2902 34
35.25 6992 0 72 2902 34
35.375 6992 0 70 2904 34
35.5 6990 2 68 2906 34
35.625 6990 2 67 2907 34
35.75 6990 2 67 2907 34
35.875 6990 2 67 2907 34
36 6990 2 66 2908 34
36.125 6990 2 63 2911 34
36.25 6990 2 62 2912 34
36.375 6990 2 60 2914 34
36.5 6990 2 60 2914 34
36.625 6990 2 60 2914 34
36.75 6990 2 55 2919 34
36.875 6990 2 53 2921 34
37 6990 2 52 2922 34
37.125 6990 2 49 2925 34
37.25 6990 1 50 2925 34
37.375 6990 1 49 2926 34
37.5 6990 1 49 2926 34
37.625 6990 1 46 2929 34
37.75 6990 1 46 2929 34
37.875 6990 1 46 2929 34
38 6990 1 45 2930 34
38.125 6990 1 43 2932 34
38.25 6990 1 43 2932 34
38.375 6990 1 41 2934 34
38.5 6990 1 40 2935 34
38.625 6990 1 39 2936 34
38.75 6990 1 38 2937 34
38.875 6990 1 38 2937 34
39 6990 1 36 2939 34
39.125 6990 1 35 2940 34
39.25 6990 1 34 2941 34
39.375 6990 0 35 2941 34
39.5 6990 0 35 2941 34
39.625 6990 0 35 2941 34
39.75 6990 0 32 2944 34
39.875 6990 0 32 2944 34
40 6990 0 31 2945 34
40.125 6990 0 31 2945 34
40.25 6990 0 31 2945 34
40.375 6990 0 30 2946 34
40.5 6990 0 30 2946 34
40.625 6990 0 29 2947 34
40.75 6990 0 28 2948 34
40.875 6990 0 26 2950 34
41 6990 0 26 2950 34
41.125 6990 0 26 2950 34
41.25 6990 0 25 2951 34
41.375 6990 0 24 2952 34
41.5 6990 0 23 2953 34
41.625 6990 0 23 2953 34
41.75 6990 0 23 2953 34
41.875 6990 0 23 2953 34
42 6990 0 22 2954 34
42.125 6990 0 22 2954 34
42.25 6989 1 21 2955 34
42.375 6989 1 21 2955 34
42.5 6989 1 20 2956 34
42.625 6989 1 20 2956 34
42.75 6989 1 20 2956 34
42.875 6989 1 20 2956 34
43 6989 1 20 2956 34
43.125 6989 1 20 2956 34
43.25 6989 0 20 2957 34
43.375 6989 0 20 2957 34
43.5 6989 0 18 2959 34
43.625 6989 0 18 2959 34
43.75 6989 0 18 2959 34
43.875 6989 0 18 2959 34
44 6989 0 17 2960 34
44.125 6989 0 17 2960 34
44.25 6989 0 17 2960 34
44.375 6989 0 17 2960 34
44.5 6989 0 17 2960 34
44.625 6989 0 17 2960 34
44.75 6989 0 17 2960 34
44.875 6989 0 17 2960 34
45 6989 0 17 2960 34
45.125 6989 0 17 2960 34
45.25 6989 0 17 2960 34
45.375 6989 0 17 2960 34
45.5 6989 0 17 2960 34
45.625 6989 0 17 2960 34
45.75 6989 0 17 2960 34
45.875 6989 0 16 2961 34
46 6989 0 15 2962 34
46.125 6989 0 14 2963 34
46.25 6989 0 12 2965 34
46.375 6989 0 12 2965 34
46.5 6989 0 12 2965 34
46.625 6989 0 11 2966 34
46.75 6989 0 11 2966 34
46.875 6989 0 11 2966 34
47 6989 0 11 2966 34
47.125 6989 0 11 2966 34
47.25 6989 0 11 2966 34
47.375 6989 0 10 2967 34
47.5 6989 0 9 2968 34
47.625 6989 0 9 2968 34
47.75 6989 0 9 2968 34
47.875 6989 0 8 2969 34
48 6989 0 8 2969 34
48.125 6989 0 7 2970 34
48.25 6989 0 7 2970 34
48.375 6989 0 7 2970 34
48.5 6989 0 7 2970 34
48.625 6989 0 7 2970 34
48.75 6989 0 7 2970 34
48.875 6989 0 6 2971 34
49 6989 0 6 2971 34
49.125 6989 0 6 2971 34
49.25 6989 0 6 2971 34
49.375 6989 0 5 2972 34
49.5 6989 0 4 2973 34
49.625 6989 0 4 2973 34
49.75 6989 0 4 2973 34
49.875 6989 0 4 2973 34
50 6989 0 4 2973 34
50.125 6989 0 4 2973 34
50.25 6989 0 4 2973 34
50.375 6989 0 4 2973 34
50.5 6989 0 4 2973 34
50.625 6989 0 3 2974 34
50.75 6989 0 3 2974 34
50.875 6989 0 3 2974 34
51 6989 0 3 2974 34
51.125 6989 0 3 2974 34
51.25 6989 0 3 2974 34
51.375 6989 0 3 2974 34
51.5 6989 0 3 2974 34
51.625 6989 0 2 2975 34
51.75 6989 0 2 2975 34
51.875 6989 0 2 2975 34
52 6989 0 2 2975 34
52.125 6989 0 1 2976 34
52.25 6989 0 1 2976 34
52.375 6989 0 1 2976 34
52.5 6989 0 1 2976 34
52.625 6989 0 1 2976 34
52.75 6989 0 1 2976 34
52.875 6989 0 1 2976 34
53 6989 0 1 2976 34
53.125 6989 0 1 2976 34
53.25 6989 0 1 2976 34
53.375 6989 0 1 2976 34
53.5 6989 0 1 2976 34
53.625 6989 0 1 2976 34
53.75 6989 0 0 2977 34
