t S E I R D
0 9998 0 2 0 0
0.125 9998 0 2 0 0
0.25 9998 0 2 0 0
0.375 9998 0 2 0 0
0.5 9998 0 2 0 0
0.625 9997 1 2 0 0
0.75 9996 2 2 0 0
0.875 9996 2 2 0 0
1 9996 2 2 0 0
1.125 9996 2 2 0 0
1.25 9996 2 2 0 0
1.375 9996 2 2 0 0
1.5 9996 2 2 0 0
1.625 9996 2 2 0 0
1.75 9996 1 3 0 0
1.875 9996 1 3 0 0
2 9996 1 3 0 0
2.125 9996 1 3 0 0
2.25 9996 1 3 0 0
2.375 9996 1 2 1 0
2.5 9996 1 2 1 0
2.625 9994 3 2 1 0
2.75 9994 3 2 1 0
2.875 9994 3 2 1 0
3 9994 3 2 1 0
3.125 9994 2 3 1 0
3.25 9983 13 3 1 0
3.375 9975 20 4 1 0
3.5 9966 29 4 1 0
3.625 9962 30 7 1 0
3.75 9956 35 8 1 0
3.875 9951 36 12 1 0
4 9944 42 13 1 0
4.125 9937 46 15 2 0
4.25 9932 46 19 3 0
4.375 9925 48 24 3 0
4.5 9915 54 28 3 0
4.625 9907 56 34 3 0
4.75 9905 55 37 3 0
4.875 9899 58 39 4 0
5 9890 60 45 5 0
5.125 9874 75 44 7 0
5.25 9865 81 43 11 0
5.375 9847 95 47 11 0
5.5 9837 97 54 12 0
5.625 9827 102 58 13 0
5.75 9812 108 67 13 0
5.875 9794 119 74 13 0
6 9775 124 85 16 0
6.125 9744 151 87 18 0
6.25 9725 162 94 19 0
6.375 9706 179 96 19 0
6.5 9679 197 101 23 0
6.625 9658 208 107 27 0
6.75 9636 215 119 30 0
6.875 9615 229 125 31 0
7 9583 246 139 32 0
7.125 9537 274 153 36 0
7.25 9488 313 160 39 0
7.375 9429 355 173 43 0
7.5 9365 401 190 44 0
7.625 9291 448 213 48 0
7.75 9216 496 238 50 0
7.875 9155 522 264 59 0
8 9078 566 288 68 0
8.125 9028 585 312 75 0
8.25 8951 622 347 80 0
8.375 8875 668 369 88 0
8.5 8803 706 398 93 0
8.625 8713 755 431 101 0
8.75 8626 793 468 113 0
8.875 8541 834 505 120 0
9 8450 871 537 142 0
9.125 8356 907 584 153 0
9.25 8241 969 632 158 0
9.375 8134 1013 683 170 0
9.5 8024 1051 740 185 0
9.625 7923 1088 789 200 0
9.75 7817 1119 849 215 0
9.875 7699 1164 905 232 0
10 7569 1227 954 250 0
10.125 7442 1272 1014 272 0
10.25 7320 1315 1072 293 0
10.375 7201 1347 1134 318 0
10.5 7071 1392 1197 340 0
10.625 6945 1440 1258 357 0
10.75 6805 1478 1331 386 0
10.875 6644 1565 1381 410 0
11 6489 1637 1429 444 1
11.125 6477 1533 1522 467 1
11.25 6458 1455 1585 501 1
11.375 6444 1380 1639 536 1
11.5 6435 1312 1681 571 1
11.625 6412 1250 1727 610 1
11.75 6394 1193 1775 637 1
11.875 6374 1152 1801 672 1
12 6358 1098 1836 706 2
12.125 6355 1033 1866 743 3
12.25 6350 964 1908 775 3
12.375 6344 911 1927 815 3
12.5 6338 863 1949 847 3
12.625 6331 805 1966 892 6
12.75 6321 772 1963 937 7
12.875 6314 737 1962 979 8
13 6312 696 1970 1014 8
13.125 6305 668 1967 1052 8
13.25 6301 634 1968 1089 8
13.375 6299 598 1966 1129 8
13.5 6297 555 1958 1182 8
13.625 6296 530 1938 1228 8
13.75 6293 495 1929 1275 8
13.875 6291 465 1918 1318 8
14 6286 433 1918 1354 9
14.125 6283 405 1903 1400 9
14.25 6282 380 1884 1444 10
14.375 6279 361 1856 1494 10
14.5 6278 338 1846 1528 10
14.625 6277 320 1827 1566 10
14.75 6275 304 1812 1599 10
14.875 6275 285 1788 1642 10
15 6272 263 1773 1681 11
15.125 6269 249 1755 1716 11
15.25 6267 235 1745 1742 11
15.375 6264 225 1732 1768 11
15.5 6262 214 1708 1805 11
15.625 6261 202 1683 1843 11
15.75 6260 193 1669 1867 11
15.875 6259 181 1641 1906 13
16 6257 174 1610 1946 13
16.125 6256 159 1584 1988 13
16.25 6255 148 1567 2017 13
16.375 6255 139 1544 2048 14
16.5 6255 129 1516 2086 14
16.625 6254 120 1498 2114 14
16.75 6252 109 1475 2150 14
16.875 6252 102 1449 2183 14
17 6251 94 1423 2218 14
17.125 6249 92 1396 2249 14
17.25 6247 90 1376 2273 14
17.375 6246 89 1349 2300 16
17.5 6246 82 1335 2321 16
17.625 6244 79 1318 2343 16
17.75 6244 75 1292 2370 19
17.875 6244 66 1276 2395 19
18 6244 62 1257 2417 20
18.125 6243 59 1245 2432 21
18.25 6243 56 1225 2455 21
18.375 6243 54 1202 2480 21
18.5 6242 49 1183 2504 22
18.625 6242 46 1163 2526 23
18.75 6241 46 1134 2556 23
18.875 6241 45 1114 2577 23
19 6241 43 1093 2599 24
19.125 6241 42 1071 2620 26
19.25 6241 40 1048 2644 27
19.375 6241 36 1034 2662 27
19.5 6241 34 1018 2680 27
19.625 6241 32 996 2704 27
19.75 6241 31 973 2728 27
19.875 6241 27 955 2750 27
20 6241 25 932 2775 27
20.125 6241 24 916 2792 27
20.25 6240 24 899 2810 27
20.375 6240 23 887 2823 27
20.5 6240 22 872 2839 27
20.625 6240 22 857 2853 28
20.75 6240 20 844 2868 28
20.875 6240 18 828 2886 28
21 6238 19 808 2906 29
21.125 6237 20 789 2925 29
21.25 6234 23 775 2939 29
21.375 6234 19 767 2950 30
21.5 6234 17 756 2963 30
21.625 6234 16 740 2980 30
21.75 6234 16 730 2990 30
21.875 6233 16 720 3001 30
22 6233 16 696 3025 30
22.125 6233 15 686 3034 32
22.25 6233 15 675 3045 32
22.375 6233 15 662 3058 32
22.5 6233 15 650 3070 32
22.625 6233 15 631 3087 34
22.75 6232 15 623 3096 34
22.875 6232 12 611 3111 34
23 6232 12 602 3120 34
23.125 6232 12 591 3131 34
23.25 6232 12 578 3144 34
23.375 6232 12 568 3153 35
23.5 6232 12 557 3163 36
23.625 6232 12 548 3172 36
23.75 6232 11 545 3176 36
23.875 6232 11 529 3192 36
24 6232 10 513 3209 36
24.125 6232 9 501 3222 36
24.25 6232 7 487 3238 36
24.375 6232 7 476 3249 36
24.5 6231 8 465 3260 36
24.625 6231 8 453 3272 36
24.75 6231 7 439 3287 36
24.875 6231 7 431 3295 36
25 6231 6 428 3298 37
25.125 6231 6 421 3305 37
25.25 6231 6 407 3319 37
25.375 6231 6 398 3328 37
25.5 6231 6 386 3340 37
25.625 6231 6 374 3351 38
25.75 6231 6 370 3355 38
25.875 6231 4 362 3365 38
26 6231 4 346 3381 38
26.125 6231 3 345 3383 38
26.25 6230 4 340 3388 38
26.375 6230 4 336 3392 38
26.5 6230 4 325 3403 38
26.625 6229 5 320 3407 39
26.75 6229 4 312 3416 39
26.875 6229 4 309 3419 39
27 6229 4 304 3424 39
27.125 6229 3 297 3432 39
27.25 6229 2 289 3441 39
27.375 6229 2 286 3444 39
27.5 6229 2 276 3453 40
27.625 6229 2 264 3465 40
27.75 6229 2 261 3468 40
27.875 6229 2 258 3471 40
28 6229 2 252 3477 40
28.125 6229 2 251 3478 40
28.25 6229 1 248 3482 40
28.375 6229 1 244 3486 40
28.5 6229 1 241 3488 41
28.625 6229 1 235 3494 41
28.75 6229 1 231 3498 41
28.875 6229 1 223 3506 41
29 6229 1 216 3513 41
29.125 6229 1 214 3515 41
29.25 6229 1 207 3522 41
29.375 6229 1 203 3526 41
29.5 6229 1 200 3529 41
29.625 6229 1 197 3532 41
29.75 6229 1 192 3537 41
29.875 6229 1 186 3543 41
30 6229 1 180 3549 41
30.125 6229 1 177 3552 41
30.25 6229 1 176 3553 41
30.375 6229 1 171 3558 41
30.5 6229 1 165 3564 41
30.625 6229 1 159 3570 41
30.75 6229 0 158 3571 42
30.875 6229 0 155 3574 42
31 6229 0 150 3579 42
31.125 6229 0 149 3580 42
31.25 6229 0 146 3583 42
31.375 6229 0 142 3587 42
31.5 6229 0 140 3589 42
31.625 6229 0 138 3591 42
31.75 6229 0 136 3593 42
31.875 6229 0 132 3597 42
32 6229 0 132 3597 42
32.125 6229 0 125 3604 42
32.25 6229 0 124 3605 42
32.375 6229 0 122 3607 42
32.5 6229 0 118 3611 42
32.625 6229 0 117 3612 42
32.75 6229 0 116 3613 42
32.875 6229 0 111 3618 42
33 6229 0 110 3619 42
33.125 6229 0 110 3619 42
33.25 6229 0 108 3621 42
33.375 6229 0 105 3624 42
33.5 6229 0 102 3627 42
33.625 6229 0 101 3628 42
33.75 6229 0 95 3634 42
33.875 6229 0 92 3637 42
34 6229 0 92 3637 42
34.125 6229 0 89 3640 42
34.25 6229 0 87 3642 42
34.375 6229 0 84 3645 42
34.5 6229 0 83 3646 42
34.625 6229 0 83 3646 42
34.75 6229 0 78 3651 42
34.875 6229 0 78 3651 42
35 6229 0 74 3655 42
35.125 6229 0 73 3656 42
35.25 6229 0 72 3657 42
35.375 6229 0 71 3658 42
35.5 6229 0 71 3658 42
35.625 6229 0 69 3660 42
35.75 6229 0 67 3662 42
35.875 6229 0 66 3663 42
36 6229 0 65 3664 42
36.125 6229 0 65 3664 42
36.25 6229 0 64 3665 42
36.375 6229 0 64 3665 42
36.5 6229 0 62 3667 42
36.625 6229 0 62 3667 42
36.75 6229 0 60 3669 42
36.875 6229 0 60 3669 42
37 6229 0 58 3671 42
37.125 6229 0 58 3671 42
37.25 6229 0 58 3671 42
37.375 6229 0 58 3671 42
37.5 6229 0 57 3672 42
37.625 6229 0 55 3674 42
37.75 6229 0 53 3676 42
37.875 6229 0 53 3676 42
38 6229 0 52 3677 42
38.125 6229 0 50 3679 42
38.25 6229 0 50 3679 42
38.375 6229 0 48 3681 42
38.5 6229 0 47 3682 42
38.625 6229 0 45 3683 43
38.75 6228 1 45 3683 43
38.875 6228 1 44 3684 43
39 6228 1 44 3684 43
39.125 6228 1 43 3685 43
39.25 6228 1 41 3687 43
39.375 6228 1 41 3687 43
39.5 6228 1 41 3687 43
39.625 6228 1 41 3687 43
39.75 6228 1 40 3688 43
39.875 6228 1 38 3690 43
40 6228 1 38 3690 43
40.125 6228 1 37 3691 43
40.25 6228 1 37 3691 43
40.375 6228 0 36 3693 43
40.5 6228 0 35 3694 43
40.625 6228 0 34 3695 43
40.75 6228 0 33 3696 43
40.875 6228 0 32 3697 43
41 6228 0 30 3699 43
41.125 6228 0 29 3700 43
41.25 6228 0 29 3700 43
41.375 6228 0 28 3701 43
41.5 6228 0 27 3702 43
41.625 6228 0 26 3703 43
41.75 6228 0 26 3703 43
41.875 6228 0 26 3703 43
42 6228 0 26 3703 43
42.125 6228 0 26 3703 43
42.25 6228 0 25 3704 43
42.375 6228 0 25 3704 43
42.5 6228 0 24 3705 43
42.625 6228 0 24 3705 43
42.75 6228 0 22 3707 43
42.875 6228 0 22 3707 43
43 6228 0 22 3707 43
43.125 6228 0 22 3707 43
43.25 6228 0 22 3707 43
43.375 6228 0 22 3707 43
43.5 6228 0 22 3707 43
43.625 6228 0 22 3707 43
43.75 6228 0 22 3707 43
43.875 6228 0 20 3709 43
44 6228 0 20 3709 43
44.125 6228 0 20 3709 43
44.25 6228 0 19 3710 43
44.375 6228 0 19 3710 43
44.5 6228 0 19 3710 43
44.625 6228 0 18 3711 43
44.75 6228 0 17 3712 43
44.875 6228 0 16 3713 43
45 6228 0 16 3713 43
45.125 6228 0 16 3713 43
45.25 6228 0 16 3713 43
45.375 6228 0 16 3713 43
45.5 6228 0 16 3713 43
45.625 6228 0 16 3713 43
45.75 6228 0 16 3713 43
45.875 6228 0 16 3713 43
46 6228 0 16 3713 43
46.125 6228 0 16 3713 43
46.25 6228 0 16 3713 43
46.375 6228 0 16 3713 43
46.5 6228 0 16 3713 43
46.625 6228 0 16 3713 43
46.75 6228 0 16 3713 43
46.875 6228 0 15 3714 43
47 6228 0 15 3714 43
47.125 6228 0 15 3714 43
47.25 6228 0 15 3714 43
47.375 6228 0 15 3714 43
47.5 6228 0 15 3714 43
47.625 6228 0 15 3714 43
47.75 6228 0 15 3714 43
47.875 6228 0 15 3714 43
48 6228 0 14 3715 43
48.125 6228 0 14 3715 43
48.25 6228 0 14 3715 43
48.375 6228 0 12 3717 43
48.5 6228 0 12 3717 43
48.625 6228 0 12 3717 43
48.75 6228 0 12 3717 43
48.875 6228 0 12 3717 43
49 6228 0 12 3717 43
49.125 6228 0 12 3717 43
49.25 6228 0 12 3717 43
49.375 6228 0 12 3717 43
49.5 6228 0 12 3717 43
49.625 6228 0 12 3717 43
49.75 6228 0 12 3717 43
49.875 6228 0 12 3717 43
50 6228 0 12 3717 43
50.125 6228 0 12 3717 43
50.25 6228 0 11 3718 43
50.375 6228 0 11 3718 43
50.5 6228 0 11 3718 43
50.625 6228 0 11 3718 43
50.75 6228 0 10 3719 43
50.875 6228 0 10 3719 43
51 6228 0 10 3719 43
51.125 6228 0 10 3719 43
51.25 6228 0 9 3720 43
51.375 6228 0 9 3720 43
51.5 6228 0 9 3720 43
51.625 6228 0 9 3720 43
51.75 6228 0 8 3721 43
51.875 6228 0 8 3721 43
52 6228 0 8 3721 43
52.125 6228 0 8 3721 43
52.25 6228 0 7 3722 43
52.375 6228 0 7 3722 43
52.5 6228 0 6 3723 43
52.625 6228 0 6 3723 43
52.75 6228 0 6 3723 43
52.875 6228 0 6 3723 43
53 6228 0 6 3723 43
53.125 6228 0 6 3723 43
53.25 6228 0 6 3723 43
53.375 6228 0 6 3723 43
53.5 6228 0 6 3723 43
53.625 6228 0 6 3723 43
53.75 6228 0 6 3723 43
53.875 6228 0 6 3723 43
54 6228 0 6 3723 43
54.125 6228 0 6 3723 43
54.25 6228 0 5 3724 43
54.375 6228 0 5 3724 43
54.5 6228 0 5 3724 43
54.625 6228 0 5 3724 43
54.75 6228 0 5 3724 43
54.875 6228 0 5 3724 43
55 6228 0 5 3724 43
55.125 6228 0 3 3726 43
55.25 6228 0 3 3726 43
55.375 6228 0 3 3726 43
55.5 6228 0 3 3726 43
55.625 6228 0 3 3726 43
55.75 6228 0 3 3726 43
55.875 6228 0 3 3726 43
56 6228 0 3 3726 43
56.125 6228 0 2 3727 43
56.25 6228 0 1 3728 43
56.375 6228 0 1 3728 43
56.5 6228 0 1 3728 43
56.625 6228 0 1 3728 43
56.75 6228 0 1 3728 43
56.875 6228 0 1 3728 43
57 6228 0 1 3728 43
57.125 6228 0 1 3728 43
57.25 6228 0 1 3728 43
57.375 6228 0 1 3728 43
57.5 6228 0 0 3729 43
