t S E I R D
0 9999 0 1 0 0
0.125 9999 0 1 0 0
0.25 9999 0 1 0 0
0.375 9999 0 1 0 0
0.5 9998 1 1 0 0
0.625 9998 1 1 0 0
0.75 9998 1 1 0 0
0.875 9998 1 1 0 0
1 9998 1 1 0 0
1.125 9998 0 2 0 0
1.25 9997 1 2 0 0
1.375 9997 1 2 0 0
1.5 9997 1 2 0 0
1.625 9997 1 2 0 0
1.75 9997 1 2 0 0
1.875 9997 1 2 0 0
2 9997 1 2 0 0
2.125 9997 1 2 0 0
2.25 9997 1 2 0 0
2.375 9997 1 2 0 0
2.5 9997 1 2 0 0
2.625 9997 1 2 0 0
2.75 9997 1 2 0 0
2.875 9997 1 2 0 0
3 9997 0 3 0 0
3.125 9996 1 3 0 0
3.25 9996 1 3 0 0
3.375 9996 1 3 0 0
3.5 9996 1 3 0 0
3.625 9996 1 3 0 0
3.75 9996 1 3 0 0
3.875 9996 1 3 0 0
4 9996 1 3 0 0
4.125 9996 1 3 0 0
4.25 9996 1 3 0 0
4.375 9996 1 3 0 0
4.5 9996 1 3 0 0
4.625 9996 1 3 0 0
4.75 9996 1 2 1 0
4.875 9996 1 2 1 0
5 9996 1 2 1 0
5.125 9996 1 2 1 0
5.25 9996 0 3 1 0
5.375 9996 0 3 1 0
5.5 9995 1 3 1 0
5.625 9995 1 3 1 0
5.75 9995 1 3 1 0
5.875 9995 1 3 1 0
6 9995 1 3 1 0
6.125 9995 1 3 1 0
6.25 9993 3 3 1 0
6.375 9993 3 2 2 0
6.5 9993 3 2 2 0
6.625 9992 4 2 2 0
6.75 9992 4 2 2 0
6.875 9992 4 2 2 0
7 9992 3 3 2 0
7.125 9990 5 3 2 0
7.25 9989 5 4 2 0
7.375 9987 7 3 3 0
7.5 9986 8 2 4 0
7.625 9986 7 3 4 0
7.75 9986 6 4 4 0
7.875 9986 6 4 4 0
8 9986 6 4 4 0
8.125 9986 6 4 4 0
8.25 9986 6 4 4 0
8.375 9986 5 5 4 0
8.5 9986 5 5 4 0
8.625 9986 5 5 4 0
8.75 9986 4 6 4 0
8.875 9986 4 5 5 0
9 9986 4 5 5 0
9.125 9986 3 5 6 0
9.25 9986 3 5 6 0
9.375 9986 3 5 6 0
9.5 9986 3 5 6 0
9.625 9986 3 5 6 0
9.75 9986 3 5 6 0
9.875 9983 6 5 6 0
10 9982 7 5 6 0
10.125 9982 6 6 6 0
10.25 9982 6 6 6 0
10.375 9980 8 6 6 0
10.5 9979 9 6 6 0
10.625 9979 8 7 6 0
10.75 9977 10 7 6 0
10.875 9975 12 7 6 0
11 9975 12 7 6 0
11.125 9973 12 9 6 0
11.25 9964 20 10 6 0
11.375 9959 24 11 6 0
11.5 9956 27 11 6 0
11.625 9948 33 13 6 0
11.75 9943 33 18 6 0
11.875 9938 36 20 6 0
12 9935 36 23 6 0
12.125 9929 41 24 6 0
12.25 9926 40 28 6 0
12.375 9912 50 32 6 0
12.5 9902 55 35 8 0
12.625 9892 61 39 8 0
12.75 9883 69 39 9 0
12.875 9876 73 42 9 0
13 9865 77 47 11 0
13.125 9851 88 49 12 0
13.25 9842 91 55 12 0
13.375 9822 107 59 12 0
13.5 9809 114 64 13 0
13.625 9787 131 69 13 0
13.75 9768 139 79 14 0
13.875 9745 153 87 15 0
14 9727 164 92 17 0
14.125 9714 166 100 20 0
14.25 9686 182 111 21 0
14.375 9673 186 119 22 0
14.5 9646 200 130 24 0
14.625 9623 213 137 27 0
14.75 9589 235 146 30 0
14.875 9560 247 156 37 0
15 9530 271 161 38 0
15.125 9516 270 172 42 0
15.25 9492 277 186 45 0
15.375 9476 282 194 48 0
15.5 9438 300 207 55 0
15.625 9404 319 217 60 0
15.75 9365 328 243 64 0
15.875 9318 357 255 70 0
16 9285 367 270 78 0
16.125 9247 388 282 83 0
16.25 9208 399 303 90 0
16.375 9165 414 329 92 0
16.5 9119 426 355 100 0
16.625 9074 443 375 108 0
16.75 9031 463 392 114 0
16.875 8967 498 411 124 0
17 8918 523 425 134 0
17.125 8865 536 457 142 0
17.25 8799 571 477 153 0
17.375 8748 584 506 162 0
17.5 8694 596 533 177 0
17.625 8639 619 550 192 0
17.75 8594 629 572 205 0
17.875 8543 630 613 214 0
18 8476 666 636 222 0
18.125 8415 687 659 239 0
18.25 8349 700 695 255 1
18.375 8342 665 729 262 2
18.5 8335 639 755 269 2
18.625 8331 603 781 283 2
18.75 8327 564 807 300 2
18.875 8324 527 825 322 2
19 8318 488 857 335 2
19.125 8312 466 871 348 3
19.25 8311 438 891 357 3
19.375 8308 422 889 378 3
19.5 8304 395 905 392 4
19.625 8300 378 908 410 4
19.75 8298 360 910 428 4
19.875 8295 344 904 453 4
20 8291 317 907 481 4
20.125 8290 298 909 499 4
20.25 8289 283 905 519 4
20.375 8288 268 901 539 4
20.5 8284 255 904 553 4
20.625 8281 246 898 571 4
20.75 8279 233 888 596 4
20.875 8277 227 880 612 4
21 8275 215 881 625 4
21.125 8268 207 872 649 4
21.25 8266 191 869 670 4
21.375 8266 177 867 686 4
21.5 8264 170 850 711 5
21.625 8259 165 842 729 5
21.75 8258 152 840 744 6
21.875 8257 144 825 768 6
22 8257 136 823 778 6
22.125 8255 131 812 796 6
22.25 8254 126 806 808 6
22.375 8254 118 796 826 6
22.5 8253 117 783 841 6
22.625 8252 111 771 860 6
22.75 8252 108 755 879 6
22.875 8250 105 748 891 6
23 8250 98 736 910 6
23.125 8250 93 726 925 6
23.25 8250 88 712 943 7
23.375 8250 87 705 951 7
23.5 8250 79 700 964 7
23.625 8250 75 687 981 7
23.75 8250 70 680 993 7
23.875 8249 65 666 1013 7
24 8249 63 650 1031 7
24.125 8249 59 644 1041 7
24.25 8249 57 636 1051 7
24.375 8249 55 622 1067 7
24.5 8248 55 613 1077 7
24.625 8248 53 600 1092 7
24.75 8247 50 585 1111 7
24.875 8247 47 569 1130 7
25 8246 45 562 1140 7
25.125 8243 42 557 1151 7
25.25 8243 36 557 1157 7
25.375 8241 35 549 1167 8
25.5 8241 32 543 1176 8
25.625 8240 29 534 1188 9
25.75 8239 27 527 1198 9
25.875 8239 25 522 1205 9
26 8239 23 509 1220 9
26.125 8238 22 496 1234 10
26.25 8238 21 487 1244 10
26.375 8238 21 478 1253 10
26.5 8238 21 469 1262 10
26.625 8238 20 462 1270 10
26.75 8238 19 457 1276 10
26.875 8238 16 444 1292 10
27 8238 16 436 1300 10
27.125 8238 16 427 1309 10
27.25 8237 16 424 1313 10
27.375 8236 16 416 1321 11
27.5 8236 13 410 1330 11
27.625 8236 12 405 1336 11
27.75 8236 10 403 1340 11
27.875 8235 10 398 1346 11
28 8235 10 389 1355 11
28.125 8235 7 383 1363 12
28.25 8235 5 376 1371 13
28.375 8235 4 369 1379 13
28.5 8235 3 362 1386 14
28.625 8235 3 359 1389 14
28.75 8235 3 349 1399 14
28.875 8235 2 343 1406 14
29 8235 1 338 1412 14
29.125 8235 0 331 1420 14
29.25 8235 0 318 1433 14
29.375 8235 0 311 1440 14
29.5 8235 0 304 1446 15
29.625 8234 1 300 1450 15
29.75 8234 1 293 1457 15
29.875 8234 1 288 1462 15
30 8234 1 285 1465 15
30.125 8234 1 279 1471 15
30.25 8234 1 272 1478 15
30.375 8234 1 267 1483 15
30.5 8234 1 262 1488 15
30.625 8234 1 257 1493 15
30.75 8233 2 249 1501 15
30.875 8233 1 240 1511 15
31 8232 2 237 1514 15
31.125 8232 2 228 1523 15
31.25 8232 2 224 1527 15
31.375 8232 2 220 1531 15
31.5 8232 2 218 1533 15
31.625 8232 2 215 1536 15
31.75 8232 2 207 1544 15
31.875 8232 2 204 1546 16
32 8232 2 198 1552 16
32.125 8232 1 196 1555 16
32.25 8232 1 194 1557 16
32.375 8232 1 189 1562 16
32.5 8232 1 183 1568 16
32.625 8232 1 181 1570 16
32.75 8232 1 177 1574 16
32.875 8231 2 173 1578 16
33 8231 2 172 1579 16
33.125 8231 2 169 1582 16
33.25 8231 2 165 1586 16
33.375 8231 2 157 1594 16
33.5 8231 2 154 1597 16
33.625 8231 1 150 1602 16
33.75 8231 1 146 1606 16
33.875 8231 1 142 1610 16
34 8231 1 139 1613 16
34.125 8231 1 135 1617 16
34.25 8231 1 132 1620 16
34.375 8231 1 131 1621 16
34.5 8231 1 127 1625 16
34.625 8231 1 126 1626 16
34.75 8231 0 122 1631 16
34.875 8231 0 120 1633 16
35 8231 0 119 1634 16
35.125 8231 0 117 1636 16
35.25 8231 0 115 1638 16
35.375 8231 0 110 1643 16
35.5 8230 1 109 1643 17
35.625 8230 1 108 1644 17
35.75 8230 1 105 1647 17
35.875 8230 1 103 1649 17
36 8230 0 100 1653 17
36.125 8230 0 99 1654 17
36.25 8230 0 96 1657 17
36.375 8230 0 96 1657 17
36.5 8230 0 94 1659 17
36.625 8230 0 93 1660 17
36.75 8230 0 92 1661 17
36.875 8230 0 86 1666 18
37 8230 0 84 1668 18
37.125 8230 0 83 1669 18
37.25 8230 0 81 1671 18
37.375 8230 0 79 1673 18
37.5 8230 0 78 1674 18
37.625 8230 0 77 1675 18
37.75 8230 0 72 1680 18
37.875 8230 0 70 1682 18
38 8230 0 68 1684 18
38.125 8230 0 66 1686 18
38.25 8230 0 65 1687 18
38.375 8230 0 65 1687 18
38.5 8230 0 62 1690 18
38.625 8230 0 61 1691 18
38.75 8230 0 59 1693 18
38.875 8230 0 57 1695 18
39 8230 0 54 1698 18
39.125 8230 0 52 1700 18
39.25 8230 0 52 1700 18
39.375 8230 0 52 1700 18
39.5 8230 0 52 1700 18
39.625 8230 0 48 1704 18
39.75 8230 0 45 1707 18
39.875 8230 0 45 1707 18
40 8230 0 44 1708 18
40.125 8230 0 44 1708 18
40.25 8230 0 43 1709 18
40.375 8230 0 41 1711 18
40.5 8230 0 39 1713 18
40.625 8230 0 39 1713 18
40.75 8230 0 38 1713 19
40.875 8230 0 38 1713 19
41 8230 0 38 1713 19
41.125 8230 0 37 1714 19
41.25 8230 0 37 1714 19
41.375 8230 0 36 1715 19
41.5 8230 0 36 1715 19
41.625 8230 0 36 1715 19
41.75 8230 0 34 1717 19
41.875 8230 0 32 1719 19
42 8230 0 32 1719 19
42.125 8230 0 31 1720 19
42.25 8230 0 31 1720 19
42.375 8230 0 31 1720 19
42.5 8230 0 30 1721 19
42.625 8230 0 30 1721 19
42.75 8230 0 29 1722 19
42.875 8230 0 29 1722 19
43 8230 0 29 1722 19
43.125 8230 0 29 1722 19
43.25 8230 0 29 1722 19
43.375 8230 0 29 1722 19
43.5 8230 0 29 1722 19
43.625 8230 0 28 1723 19
43.75 8230 0 28 1723 19
43.875 8230 0 28 1723 19
44 8230 0 27 1724 19
44.125 8230 0 25 1726 19
44.25 8230 0 25 1726 19
44.375 8230 0 24 1727 19
44.5 8230 0 22 1729 19
44.625 8230 0 22 1729 19
44.75 8230 0 22 1729 19
44.875 8230 0 20 1731 19
45 8230 0 19 1732 19
45.125 8230 0 19 1732 19
45.25 8230 0 19 1732 19
45.375 8230 0 19 1732 19
45.5 8230 0 16 1735 19
45.625 8230 0 16 1735 19
45.75 8230 0 16 1735 19
45.875 8230 0 16 1735 19
46 8230 0 16 1735 19
46.125 8230 0 15 1736 19
46.25 8230 0 15 1736 19
46.375 8230 0 15 1736 19
46.5 8230 0 13 1738 19
46.625 8230 0 13 1738 19
46.75 8230 0 12 1739 19
46.875 8230 0 12 1739 19
47 8230 0 12 1739 19
47.125 8230 0 12 1739 19
47.25 8230 0 12 1739 19
47.375 8230 0 10 1741 19
47.5 8230 0 10 1741 19
47.625 8230 0 10 1741 19
47.75 8230 0 10 1741 19
47.875 8230 0 10 1741 19
48 8230 0 10 1741 19
48.125 8230 0 10 1741 19
48.25 8230 0 10 1741 19
48.375 8230 0 10 1741 19
48.5 8230 0 10 1741 19
48.625 8230 0 10 1741 19
48.75 8229 1 10 1741 19
48.875 8229 1 10 1741 19
49 8229 1 10 1741 19
49.125 8229 1 10 1741 19
49.25 8229 1 10 1741 19
49.375 8229 1 10 1741 19
49.5 8229 1 9 1742 19
49.625 8229 1 9 1742 19
49.75 8229 0 10 1742 19
49.875 8229 0 10 1742 19
50 8229 0 9 1743 19
50.125 8229 0 9 1743 19
50.25 8229 0 8 1744 19
50.375 8229 0 8 1744 19
50.5 8229 0 8 1744 19
50.625 8229 0 8 1744 19
50.75 8229 0 8 1744 19
50.875 8229 0 8 1744 19
51 8228 1 8 1744 19
51.125 8228 1 8 1744 19
51.25 8228 1 7 1745 19
51.375 8228 1 7 1745 19
51.5 8228 1 7 1745 19
51.625 8228 1 7 1745 19
51.75 8228 1 7 1745 19
51.875 8228 1 7 1745 19
52 8228 1 7 1745 19
52.125 8228 1 7 1745 19
52.25 8228 1 7 1745 19
52.375 8228 1 7 1745 19
52.5 8228 1 6 1746 19
52.625 8228 1 6 1746 19
52.75 8228 1 6 1746 19
52.875 8228 1 6 1746 19
53 8228 1 6 1746 19
53.125 8228 0 6 1747 19
53.25 8228 0 5 1748 19
53.375 8228 0 5 1748 19
53.5 8228 0 5 1748 19
53.625 8228 0 5 1748 19
53.75 8228 0 5 1748 19
53.875 8228 0 5 1748 19
54 8228 0 5 1748 19
54.125 8228 0 4 1749 19
54.25 8228 0 4 1749 19
54.375 8228 0 3 1750 19
54.5 8228 0 3 1750 19
54.625 8228 0 3 1750 19
54.75 8228 0 3 1750 19
54.875 8228 0 3 1750 19
55 8228 0 3 1750 19
55.125 8228 0 3 1750 19
55.25 8228 0 3 1750 19
55.375 8228 0 3 1750 19
55.5 8228 0 3 1750 19
55.625 8228 0 3 1750 19
55.75 8228 0 3 1750 19
55.875 8228 0 3 1750 19
56 8228 0 3 1750 19
56.125 8228 0 3 1750 19
56.25 8228 0 3 1750 19
56.375 8228 0 3 1750 19
56.5 8228 0 3 1750 19
56.625 8228 0 3 1750 19
56.75 8228 0 3 1750 19
56.875 8228 0 3 1750 19
57 8228 0 3 1750 19
57.125 8228 0 3 1750 19
57.25 8228 0 3 1750 19
57.375 8228 0 3 1750 19
57.5 8228 0 3 1750 19
57.625 8228 0 3 1750 19
57.75 8228 0 3 1750 19
57.875 8228 0 3 1750 19
58 8228 0 3 1750 19
58.125 8228 0 3 1750 19
58.25 8228 0 3 1750 19
58.375 8228 0 3 1750 19
58.5 8228 0 3 1750 19
58.625 8228 0 3 1750 19
58.75 8228 0 3 1750 19
58.875 8228 0 3 1750 19
59 8228 0 3 1750 19
59.125 8228 0 3 1750 19
59.25 8228 0 3 1750 19
59.375 8228 0 3 1750 19
59.5 8228 0 3 1750 19
59.625 8228 0 3 1750 19
59.75 8228 0 3 1750 19
59.875 8228 0 3 1750 19
60 8228 0 3 1750 19
60.125 8228 0 3 1750 19
60.25 8228 0 3 1750 19
60.375 8228 0 3 1750 19
60.5 8228 0 3 1750 19
60.625 8228 0 3 1750 19
60.75 8228 0 3 1750 19
60.875 8228 0 2 1751 19
61 8228 0 2 1751 19
61.125 8228 0 2 1751 19
61.25 8228 0 2 1751 19
61.375 8228 0 2 1751 19
61.5 8228 0 2 1751 19
61.625 8228 0 2 1751 19
61.75 8228 0 2 1751 19
61.875 8228 0 2 1751 19
62 8228 0 2 1751 19
62.125 8228 0 1 1752 19
62.25 8228 0 1 1752 19
62.375 8228 0 1 1752 19
62.5 8228 0 1 1752 19
62.625 8228 0 1 1752 19
62.75 8228 0 1 1752 19
62.875 8228 0 1 1752 19
63 8228 0 1 1752 19
63.125 8228 0 1 1752 19
63.25 8228 0 1 1752 19
63.375 8228 0 1 1752 19
63.5 8228 0 1 1752 19
63.625 8228 0 1 1752 19
63.75 8228 0 1 1752 19
63.875 8228 0 1 1752 19
64 8228 0 1 1752 19
64.125 8228 0 1 1752 19
64.25 8228 0 1 1752 19
64.375 8228 0 1 1752 19
64.5 8228 0 1 1752 19
64.625 8228 0 1 1752 19
64.75 8228 0 1 1752 19
64.875 8228 0 1 1752 19
65 8228 0 1 1752 19
65.125 8228 0 1 1752 19
65.25 8228 0 1 1752 19
65.375 8228 0 1 1752 19
65.5 8228 0 1 1752 19
65.625 8228 0 1 1752 19
65.75 8228 0 1 1752 19
65.875 8228 0 1 1752 19
66 8228 0 1 1752 19
66.125 8228 0 1 1752 19
66.25 8228 0 1 1752 19
66.375 8228 0 1 1752 19
66.5 8228 0 1 1752 19
66.625 8228 0 1 1752 19
66.75 8228 0 1 1752 19
66.875 8228 0 1 1752 19
67 8228 0 1 1752 19
67.125 8228 0 1 1752 19
67.25 8228 0 1 1752 19
67.375 8228 0 1 1752 19
67.5 8228 0 1 1752 19
67.625 8228 0 1 1752 19
67.75 8228 0 1 1752 19
67.875 8228 0 1 1752 19
68 8228 0 1 1752 19
68.125 8228 0 1 1752 19
68.25 8228 0 1 1752 19
68.375 8228 0 1 1752 19
68.5 8228 0 1 1752 19
68.625 8228 0 1 1752 19
68.75 8228 0 1 1752 19
68.875 8228 0 1 1752 19
69 8228 0 1 1752 19
69.125 8228 0 1 1752 19
69.25 8228 0 1 1752 19
69.375 8228 0 1 1752 19
69.5 8228 0 1 1752 19
69.625 8228 0 1 1752 19
69.75 8228 0 1 1752 19
69.875 8228 0 1 1752 19
70 8228 0 1 1752 19
70.125 8228 0 1 1752 19
70.25 8228 0 1 1752 19
70.375 8228 0 1 1752 19
70.5 8228 0 1 1752 19
70.625 8228 0 1 1752 19
70.75 8228 0 1 1752 19
70.875 8228 0 1 1752 19
71 8228 0 1 1752 19
71.125 8228 0 1 1752 19
71.25 8228 0 1 1752 19
71.375 8228 0 1 1752 19
71.5 8228 0 1 1752 19
71.625 8228 0 1 1752 19
71.75 8228 0 1 1752 19
71.875 8228 0 1 1752 19
72 8228 0 1 1752 19
72.125 8228 0 1 1752 19
72.25 8228 0 0 1753 19
