t S E I R D
0 9998 0 2 0 0
0.125 9998 0 2 0 0
0.25 9998 0 2 0 0
0.375 9998 0 2 0 0
0.5 9998 0 2 0 0
0.625 9998 0 2 0 0
0.75 9998 0 2 0 0
0.875 9998 0 2 0 0
1 9998 0 2 0 0
1.125 9998 0 2 0 0
1.25 9998 0 2 0 0
1.375 9998 0 2 0 0
1.5 9998 0 2 0 0
1.625 9998 0 2 0 0
1.75 9998 0 2 0 0
1.875 9998 0 2 0 0
2 9998 0 2 0 0
2.125 9998 0 2 0 0
2.25 9998 0 2 0 0
2.375 9998 0 1 1 0
2.5 9998 0 1 1 0
2.625 9997 1 1 1 0
2.75 9997 1 1 1 0
2.875 9997 1 1 1 0
3 9997 1 1 1 0
3.125 9997 1 1 1 0
3.25 9997 1 1 1 0
3.375 9997 0 2 1 0
3.5 9996 1 2 1 0
3.625 9996 1 1 2 0
3.75 9996 0 2 2 0
3.875 9995 1 2 2 0
4 9995 1 2 2 0
4.125 9995 1 2 2 0
4.25 9995 1 2 2 0
4.375 9995 1 2 2 0
4.5 9994 2 2 2 0
4.625 9993 2 3 2 0
4.75 9991 4 3 2 0
4.875 9989 6 3 2 0
5 9989 6 3 2 0
5.125 9989 6 3 2 0
5.25 9988 7 3 2 0
5.375 9987 6 4 3 0
5.5 9986 7 4 3 0
5.625 9984 9 4 3 0
5.75 9984 8 5 3 0
5.875 9983 8 6 3 0
6 9983 7 7 3 0
6.125 9980 9 7 4 0
6.25 9978 11 7 4 0
6.375 9974 14 8 4 0
6.5 9970 17 8 5 0
6.625 9958 27 10 5 0
6.75 9944 40 11 5 0
6.875 9934 47 14 5 0
7 9922 58 15 5 0
7.125 9907 68 20 5 0
7.25 9891 81 23 5 0
7.375 9875 93 25 7 0
7.5 9862 100 30 8 0
7.625 9855 101 36 8 0
7.75 9842 103 44 11 0
7.875 9828 106 55 11 0
8 9812 114 63 11 0
8.125 9794 125 69 12 0
8.25 9773 136 77 14 0
8.375 9764 138 84 14 0
8.5 9740 156 89 15 0
8.625 9726 159 100 15 0
8.75 9711 167 106 16 0
8.875 9686 182 115 17 0
9 9671 182 129 18 0
9.125 9646 196 137 21 0
9.25 9623 210 145 22 0
9.375 9590 230 155 25 0
9.5 9561 243 167 29 0
9.625 9538 254 176 32 0
9.75 9496 280 189 35 0
9.875 9446 302 208 44 0
10 9395 333 222 50 0
10.125 9337 375 231 57 0
10.25 9271 423 243 63 0
10.375 9208 458 266 68 0
10.5 9152 485 286 77 0
10.625 9077 535 304 84 0
10.75 9004 571 332 92 1
10.875 8993 552 358 96 1
11 8984 529 386 100 1
11.125 8979 502 415 103 1
11.25 8966 485 444 104 1
11.375 8954 470 461 114 1
11.5 8943 455 476 125 1
11.625 8934 436 497 132 1
11.75 8920 430 503 146 1
11.875 8914 406 522 157 1
12 8902 385 543 169 1
12.125 8891 375 553 180 1
12.25 8876 371 562 190 1
12.375 8865 356 579 198 2
12.5 8861 335 590 212 2
12.625 8857 315 605 221 2
12.75 8853 303 606 236 2
12.875 8843 299 605 251 2
13 8839 277 618 264 2
13.125 8833 270 616 279 2
13.25 8816 279 611 292 2
13.375 8808 272 615 303 2
13.5 8800 265 617 315 3
13.625 8799 249 618 331 3
13.75 8798 234 624 341 3
13.875 8796 221 626 353 4
14 8794 212 620 370 4
14.125 8788 204 625 379 4
14.25 8783 192 625 396 4
14.375 8776 186 626 408 4
14.5 8774 176 622 424 4
14.625 8770 166 627 433 4
14.75 8767 163 619 447 4
14.875 8764 159 614 459 4
15 8761 148 615 472 4
15.125 8757 141 616 482 4
15.25 8750 142 609 495 4
15.375 8745 140 605 506 4
15.5 8743 135 601 517 4
15.625 8742 125 604 525 4
15.75 8741 118 601 536 4
15.875 8737 116 601 542 4
16 8733 113 596 553 5
16.125 8730 108 587 569 6
16.25 8725 108 586 575 6
16.375 8725 97 584 588 6
16.5 8722 92 577 603 6
16.625 8720 85 576 613 6
16.75 8719 80 569 626 6
16.875 8715 80 561 638 6
17 8714 75 549 656 6
17.125 8712 74 538 670 6
17.25 8710 71 529 683 7
17.375 8708 69 521 695 7
17.5 8707 65 517 704 7
17.625 8706 58 518 711 7
17.75 8706 55 511 721 7
17.875 8704 55 501 732 8
18 8703 50 496 743 8
18.125 8702 49 489 752 8
18.25 8700 50 479 763 8
18.375 8699 50 473 770 8
18.5 8699 50 465 777 9
18.625 8696 47 464 784 9
18.75 8695 43 456 797 9
18.875 8693 43 448 807 9
19 8691 43 436 821 9
19.125 8690 42 426 833 9
19.25 8689 39 428 835 9
19.375 8687 40 419 845 9
19.5 8687 38 418 848 9
19.625 8687 35 410 859 9
19.75 8686 34 405 866 9
19.875 8686 32 400 873 9
20 8685 30 394 882 9
20.125 8683 31 391 886 9
20.25 8683 30 388 890 9
20.375 8682 28 388 893 9
20.5 8681 28 379 903 9
20.625 8681 27 368 915 9
20.75 8680 27 358 926 9
20.875 8680 27 352 932 9
21 8680 27 346 938 9
21.125 8678 27 343 943 9
21.25 8678 25 336 952 9
21.375 8677 23 327 964 9
21.5 8677 22 317 975 9
21.625 8675 21 314 981 9
21.75 8675 21 303 992 9
21.875 8675 20 300 996 9
22 8675 19 295 1002 9
22.125 8675 18 292 1006 9
22.25 8674 17 282 1015 12
22.375 8674 15 282 1017 12
22.5 8671 16 276 1025 12
22.625 8671 16 268 1033 12
22.75 8671 16 264 1037 12
22.875 8671 14 261 1042 12
23 8671 14 252 1051 12
23.125 8670 14 249 1055 12
23.25 8669 15 244 1060 12
23.375 8669 15 236 1068 12
23.5 8669 15 231 1073 12
23.625 8669 15 221 1083 12
23.75 8668 13 218 1089 12
23.875 8667 14 215 1092 12
24 8667 13 212 1096 12
24.125 8667 13 210 1098 12
24.25 8667 13 204 1104 12
24.375 8667 13 200 1108 12
24.5 8667 11 199 1111 12
24.625 8667 11 195 1115 12
24.75 8666 12 189 1120 13
24.875 8666 12 182 1127 13
25 8666 11 180 1130 13
25.125 8666 10 177 1134 13
25.25 8666 9 175 1137 13
25.375 8666 9 171 1141 13
25.5 8666 9 161 1151 13
25.625 8666 9 159 1153 13
25.75 8665 9 157 1156 13
25.875 8665 9 154 1159 13
26 8663 11 153 1160 13
26.125 8663 11 146 1167 13
26.25 8662 11 144 1169 14
26.375 8662 11 141 1172 14
26.5 8661 10 138 1177 14
26.625 8661 10 133 1182 14
26.75 8660 11 129 1186 14
26.875 8660 10 128 1188 14
27 8660 9 126 1190 15
27.125 8660 9 124 1192 15
27.25 8660 9 119 1197 15
27.375 8660 9 118 1198 15
27.5 8660 8 111 1206 15
27.625 8660 8 109 1208 15
27.75 8660 7 106 1212 15
27.875 8660 6 104 1215 15
28 8660 4 104 1217 15
28.125 8660 4 102 1219 15
28.25 8660 4 96 1224 16
28.375 8660 4 94 1226 16
28.5 8660 3 94 1227 16
28.625 8660 3 93 1228 16
28.75 8660 2 93 1229 16
28.875 8660 1 91 1232 16
29 8660 0 90 1234 16
29.125 8660 0 90 1234 16
29.25 8660 0 90 1234 16
29.375 8659 1 86 1238 16
29.5 8659 1 85 1239 16
29.625 8659 1 83 1241 16
29.75 8659 1 83 1241 16
29.875 8659 1 82 1242 16
30 8659 1 82 1242 16
30.125 8659 1 81 1243 16
30.25 8659 1 78 1246 16
30.375 8659 1 77 1247 16
30.5 8659 0 77 1248 16
30.625 8659 0 77 1248 16
30.75 8659 0 74 1251 16
30.875 8659 0 73 1252 16
31 8659 0 72 1253 16
31.125 8659 0 72 1253 16
31.25 8659 0 70 1255 16
31.375 8659 0 68 1257 16
31.5 8659 0 68 1257 16
31.625 8659 0 65 1260 16
31.75 8659 0 64 1261 16
31.875 8659 0 64 1261 16
32 8659 0 62 1263 16
32.125 8659 0 60 1265 16
32.25 8659 0 59 1266 16
32.375 8659 0 55 1270 16
32.5 8659 0 53 1272 16
32.625 8659 0 53 1272 16
32.75 8659 0 53 1272 16
32.875 8659 0 53 1272 16
33 8659 0 51 1274 16
33.125 8659 0 48 1276 17
33.25 8659 0 48 1276 17
33.375 8659 0 48 1276 17
33.5 8659 0 48 1276 17
33.625 8659 0 48 1276 17
33.75 8659 0 48 1276 17
33.875 8659 0 47 1277 17
34 8659 0 46 1278 17
34.125 8659 0 43 1281 17
34.25 8659 0 40 1284 17
34.375 8659 0 40 1284 17
34.5 8659 0 37 1287 17
34.625 8659 0 37 1287 17
34.75 8659 0 35 1289 17
34.875 8659 0 32 1292 17
35 8659 0 32 1292 17
35.125 8659 0 31 1293 17
35.25 8659 0 31 1293 17
35.375 8659 0 31 1293 17
35.5 8659 0 31 1293 17
35.625 8659 0 30 1294 17
35.75 8659 0 29 1295 17
35.875 8659 0 29 1295 17
36 8659 0 29 1295 17
36.125 8658 1 29 1295 17
36.25 8658 1 29 1295 17
36.375 8658 1 28 1296 17
36.5 8658 1 28 1296 17
36.625 8658 1 28 1296 17
36.75 8658 1 26 1298 17
36.875 8658 1 25 1299 17
37 8658 1 25 1299 17
37.125 8658 1 24 1300 17
37.25 8658 1 24 1300 17
37.375 8658 1 24 1300 17
37.5 8658 1 24 1300 17
37.625 8658 1 23 1301 17
37.75 8658 0 23 1302 17
37.875 8658 0 23 1302 17
38 8658 0 23 1302 17
38.125 8658 0 23 1302 17
38.25 8658 0 20 1305 17
38.375 8658 0 18 1307 17
38.5 8658 0 18 1307 17
38.625 8658 0 18 1307 17
38.75 8658 0 18 1307 17
38.875 8658 0 15 1310 17
39 8658 0 15 1310 17
39.125 8658 0 15 1310 17
39.25 8658 0 15 1310 17
39.375 8658 0 15 1310 17
39.5 8658 0 15 1310 17
39.625 8658 0 15 1310 17
39.75 8658 0 15 1310 17
39.875 8658 0 15 1310 17
40 8658 0 14 1311 17
40.125 8658 0 13 1312 17
40.25 8658 0 12 1313 17
40.375 8658 0 12 1313 17
40.5 8658 0 12 1313 17
40.625 8658 0 12 1313 17
40.75 8658 0 11 1314 17
40.875 8658 0 10 1315 17
41 8658 0 10 1315 17
41.125 8658 0 10 1315 17
41.25 8658 0 10 1315 17
41.375 8658 0 10 1315 17
41.5 8658 0 10 1315 17
41.625 8658 0 10 1315 17
41.75 8658 0 10 1315 17
41.875 8658 0 10 1315 17
42 8658 0 10 1315 17
42.125 8658 0 10 1315 17
42.25 8658 0 9 1316 17
42.375 8658 0 9 1316 17
42.5 8658 0 9 1316 17
42.625 8658 0 9 1316 17
42.75 8658 0 9 1316 17
42.875 8658 0 9 1316 17
43 8658 0 8 1317 17
43.125 8658 0 8 1317 17
43.25 8658 0 8 1317 17
43.375 8658 0 8 1317 17
43.5 8658 0 8 1317 17
43.625 8658 0 8 1317 17
43.75 8658 0 8 1317 17
43.875 8658 0 8 1317 17
44 8658 0 8 1317 17
44.125 8658 0 7 1318 17
44.25 8658 0 7 1318 17
44.375 8658 0 7 1318 17
44.5 8658 0 7 1318 17
44.625 8658 0 6 1319 17
44.75 8658 0 6 1319 17
44.875 8658 0 6 1319 17
45 8658 0 6 1319 17
45.125 8658 0 6 1319 17
45.25 8658 0 6 1319 17
45.375 8658 0 6 1319 17
45.5 8658 0 6 1319 17
45.625 8658 0 6 1319 17
45.75 8658 0 5 1320 17
45.875 8658 0 5 1320 17
46 8658 0 5 1320 17
46.125 8658 0 4 1321 17
46.25 8658 0 4 1321 17
46.375 8658 0 4 1321 17
46.5 8658 0 4 1321 17
46.625 8658 0 4 1321 17
46.75 8658 0 4 1321 17
46.875 8658 0 4 1321 17
47 8658 0 4 1321 17
47.125 8658 0 4 1321 17
47.25 8658 0 4 1321 17
47.375 8658 0 4 1321 17
47.5 8658 0 4 1321 17
47.625 8658 0 4 1321 17
47.75 8658 0 4 1321 17
47.875 8658 0 4 1321 17
48 8658 0 4 1321 17
48.125 8658 0 4 1321 17
48.25 8658 0 4 1321 17
48.375 8658 0 4 1321 17
48.5 8658 0 4 1321 17
48.625 8658 0 4 1321 17
48.75 8658 0 4 1321 17
48.875 8658 0 4 1321 17
49 8658 0 4 1321 17
49.125 8658 0 4 1321 17
49.25 8658 0 4 1321 17
49.375 8658 0 4 1321 17
49.5 8658 0 4 1321 17
49.625 8658 0 4 1321 17
49.75 8658 0 4 1321 17
49.875 8658 0 3 1322 17
50 8658 0 3 1322 17
50.125 8658 0 3 1322 17
50.25 8658 0 3 1322 17
50.375 8658 0 3 1322 17
50.5 8658 0 3 1322 17
50.625 8658 0 3 1322 17
50.75 8658 0 3 1322 17
50.875 8658 0 3 1322 17
51 8658 0 3 1322 17
51.125 8658 0 3 1322 17
51.25 8658 0 3 1322 17
51.375 8658 0 3 1322 17
51.5 8658 0 3 1322 17
51.625 8658 0 3 1322 17
51.75 8658 0 3 1322 17
51.875 8658 0 3 1322 17
52 8658 0 3 1322 17
52.125 8658 0 3 1322 17
52.25 8658 0 3 1322 17
52.375 8658 0 3 1322 17
52.5 8658 0 3 1322 17
52.625 8658 0 3 1322 17
52.75 8658 0 3 1322 17
52.875 8658 0 3 1322 17
53 8658 0 3 1322 17
53.125 8658 0 2 1323 17
53.25 8658 0 2 1323 17
53.375 8658 0 2 1323 17
53.5 8658 0 2 1323 17
53.625 8658 0 2 1323 17
53.75 8658 0 2 1323 17
53.875 8658 0 2 1323 17
54 8658 0 2 1323 17
54.125 8658 0 2 1323 17
54.25 8658 0 2 1323 17
54.375 8658 0 2 1323 17
54.5 8658 0 2 1323 17
54.625 8658 0 2 1323 17
54.75 8658 0 2 1323 17
54.875 8658 0 2 1323 17
55 8658 0 2 1323 17
55.125 8658 0 2 1323 17
55.25 8658 0 1 1324 17
55.375 8658 0 1 1324 17
55.5 8658 0 1 1324 17
55.625 8658 0 1 1324 17
55.75 8658 0 1 1324 17
55.875 8658 0 1 1324 17
56 8658 0 1 1324 17
56.125 8658 0 1 1324 17
56.25 8658 0 1 1324 17
56.375 8658 0 1 1324 17
56.5 8658 0 1 1324 17
56.625 8658 0 1 1324 17
56.75 8658 0 1 1324 17
56.875 8658 0 1 1324 17
57 8658 0 1 1324 17
57.125 8658 0 1 1324 17
57.25 8658 0 1 1324 17
57.375 8658 0 1 1324 17
57.5 8658 0 1 1324 17
57.625 8658 0 1 1324 17
57.75 8658 0 1 1324 17
57.875 8658 0 1 1324 17
58 8658 0 1 1324 17
58.125 8658 0 1 1324 17
58.25 8658 0 1 1324 17
58.375 8658 0 1 1324 17
58.5 8658 0 1 1324 17
58.625 8658 0 1 1324 17
58.75 8658 0 1 1324 17
58.875 8658 0 1 1324 17
59 8658 0 1 1324 17
59.125 8658 0 1 1324 17
59.25 8658 0 1 1324 17
59.375 8658 0 1 1324 17
59.5 8658 0 1 1324 17
59.625 8658 0 1 1324 17
59.75 8658 0 1 1324 17
59.875 8658 0 1 1324 17
60 8658 0 1 1324 17
60.125 8658 0 1 1324 17
60.25 8658 0 1 1324 17
60.375 8658 0 1 1324 17
60.5 8658 0 1 1324 17
60.625 8658 0 1 1324 17
60.75 8658 0 1 1324 17
60.875 8658 0 1 1324 17
61 8658 0 1 1324 17
61.125 8658 0 1 1324 17
61.25 8658 0 1 1324 17
61.375 8658 0 1 1324 17
61.5 8658 0 1 1324 17
61.625 8658 0 1 1324 17
61.75 8658 0 1 1324 17
61.875 8658 0 1 1324 17
62 8658 0 1 1324 17
62.125 8658 0 1 1324 17
62.25 8658 0 1 1324 17
62.375 8658 0 1 1324 17
62.5 8658 0 0 1325 17
