t S E I R D
0 9999 0 1 0 0
0.125 9999 0 1 0 0
0.25 9999 0 1 0 0
0.375 9999 0 1 0 0
0.5 9999 0 1 0 0
0.625 9999 0 1 0 0
0.75 9999 0 1 0 0
0.875 9999 0 1 0 0
1 9999 0 1 0 0
1.125 9999 0 1 0 0
1.25 9999 0 1 0 0
1.375 9999 0 1 0 0
1.5 9999 0 1 0 0
1.625 9999 0 1 0 0
1.75 9999 0 1 0 0
1.875 9999 0 1 0 0
2 9999 0 1 0 0
2.125 9999 0 1 0 0
2.25 9999 0 1 0 0
2.375 9999 0 1 0 0
2.5 9999 0 1 0 0
2.625 9999 0 1 0 0
2.75 9999 0 1 0 0
2.875 9999 0 1 0 0
3 9999 0 1 0 0
3.125 9999 0 1 0 0
3.25 9999 0 1 0 0
3.375 9999 0 1 0 0
3.5 9999 0 1 0 0
3.625 9999 0 1 0 0
3.75 9999 0 1 0 0
3.875 9998 1 1 0 0
4 9998 1 1 0 0
4.125 9998 1 1 0 0
4.25 9998 1 1 0 0
4.375 9998 1 1 0 0
4.5 9998 1 1 0 0
4.625 9998 1 1 0 0
4.75 9998 1 1 0 0
4.875 9998 1 1 0 0
5 9998 1 1 0 0
5.125 9998 1 1 0 0
5.25 9998 1 1 0 0
5.375 9998 1 1 0 0
5.5 9998 1 1 0 0
5.625 9998 1 1 0 0
5.75 9998 1 1 0 0
5.875 9998 1 1 0 0
6 9998 1 1 0 0
6.125 9998 1 1 0 0
6.25 9998 1 1 0 0
6.375 9998 1 1 0 0
6.5 9998 1 1 0 0
6.625 9997 2 1 0 0
6.75 9997 2 1 0 0
6.875 9997 2 0 1 0
7 9997 1 1 1 0
7.125 9997 1 1 1 0
7.25 9997 1 1 1 0
7.375 9997 1 1 1 0
7.5 9997 0 2 1 0
7.625 9997 0 2 1 0
7.75 9997 0 2 1 0
7.875 9997 0 1 2 0
8 9997 0 1 2 0
8.125 9997 0 1 2 0
8.25 9997 0 1 2 0
8.375 9996 1 1 2 0
8.5 9995 2 1 2 0
8.625 9995 2 1 2 0
8.75 9995 2 1 2 0
8.875 9995 2 1 2 0
9 9995 2 1 2 0
9.125 9995 2 0 3 0
9.25 9995 2 0 3 0
9.375 9995 1 1 3 0
9.5 9995 0 2 3 0
9.625 9995 0 2 3 0
9.75 9995 0 2 3 0
9.875 9995 0 2 3 0
10 9995 0 2 3 0
10.125 9995 0 2 3 0
10.25 9995 0 2 3 0
10.375 9995 0 2 3 0
10.5 9995 0 2 3 0
10.625 9994 1 2 3 0
10.75 9994 0 3 3 0
10.875 9994 0 3 3 0
11 9994 0 3 3 0
11.125 9994 0 3 3 0
11.25 9994 0 3 3 0
11.375 9994 0 3 3 0
11.5 9994 0 2 4 0
11.625 9994 0 2 4 0
11.75 9994 0 2 4 0
11.875 9994 0 2 4 0
12 9994 0 2 4 0
12.125 9994 0 2 4 0
12.25 9994 0 2 4 0
12.375 9994 0 2 4 0
12.5 9994 0 2 4 0
12.625 9994 0 2 4 0
12.75 9994 0 2 4 0
12.875 9994 0 2 4 0
13 9994 0 2 4 0
13.125 9994 0 2 4 0
13.25 9992 2 2 4 0
13.375 9991 3 2 4 0
13.5 9991 3 2 4 0
13.625 9991 3 2 4 0
13.75 9991 3 2 4 0
13.875 9991 3 2 4 0
14 9991 3 2 4 0
14.125 9991 3 2 4 0
14.25 9991 3 1 5 0
14.375 9991 3 1 5 0
14.5 9991 3 1 5 0
14.625 9991 3 1 5 0
14.75 9991 3 1 5 0
14.875 9991 2 2 5 0
15 9991 2 2 5 0
15.125 9991 2 2 5 0
15.25 9991 2 2 5 0
15.375 9991 2 2 5 0
15.5 9990 3 2 5 0
15.625 9990 3 2 5 0
15.75 9990 3 2 5 0
15.875 9990 3 2 5 0
16 9990 3 2 5 0
16.125 9990 3 2 5 0
16.25 9990 3 2 5 0
16.375 9990 3 2 5 0
16.5 9990 3 2 5 0
16.625 9990 3 2 5 0
16.75 9990 3 2 5 0
16.875 9990 3 2 5 0
17 9990 3 2 5 0
17.125 9990 3 2 5 0
17.25 9990 3 2 5 0
17.375 9990 3 2 5 0
17.5 9990 3 2 5 0
17.625 9990 3 2 5 0
17.75 9990 3 2 5 0
17.875 9990 3 2 5 0
18 9990 3 2 5 0
18.125 9990 3 2 5 0
18.25 9990 3 2 5 0
18.375 9990 3 2 5 0
18.5 9990 3 2 5 0
18.625 9990 3 2 5 0
18.75 9990 3 2 5 0
18.875 9990 3 2 5 0
19 9990 2 3 5 0
19.125 9987 5 3 5 0
19.25 9982 9 4 5 0
19.375 9975 15 5 5 0
19.5 9974 12 9 5 0
19.625 9971 13 11 5 0
19.75 9968 13 13 6 0
19.875 9966 13 15 6 0
20 9961 18 15 6 0
20.125 9957 21 15 7 0
20.25 9955 23 14 8 0
20.375 9949 27 16 8 0
20.5 9948 26 18 8 0
20.625 9944 28 18 10 0
20.75 9941 28 21 10 0
20.875 9936 33 21 10 0
21 9926 42 21 11 0
21.125 9920 46 23 11 0
21.25 9910 55 24 11 0
21.375 9901 61 26 12 0
21.5 9894 64 29 13 0
21.625 9884 67 36 13 0
21.75 9875 72 40 13 0
21.875 9857 85 45 13 0
22 9842 94 51 13 0
22.125 9826 103 56 15 0
22.25 9809 111 63 17 0
22.375 9790 123 69 18 0
22.5 9775 129 78 18 0
22.625 9760 134 86 20 0
22.75 9745 141 93 21 0
22.875 9732 148 98 22 0
23 9718 151 106 25 0
23.125 9702 157 116 25 0
23.25 9684 163 126 27 0
23.375 9667 171 130 32 0
23.5 9643 185 139 33 0
23.625 9613 195 154 38 0
23.75 9581 217 160 42 0
23.875 9556 225 174 45 0
24 9519 252 181 48 0
24.125 9483 281 184 52 0
24.25 9457 281 209 53 0
24.375 9418 299 230 53 0
24.5 9375 322 245 58 0
24.625 9333 343 258 66 0
24.75 9294 357 279 70 0
24.875 9243 384 303 70 0
25 9211 390 325 74 0
25.125 9170 419 333 78 0
25.25 9113 455 347 85 0
25.375 9064 477 369 89 1
25.5 9059 444 400 96 1
25.625 9056 415 426 102 1
25.75 9049 394 444 112 1
25.875 9046 378 454 121 1
26 9040 358 469 132 1
26.125 9032 348 479 140 1
26.25 9022 330 494 153 1
26.375 9014 310 512 163 1
26.5 9008 296 517 177 2
26.625 9006 277 528 187 2
26.75 9003 263 538 194 2
26.875 9000 254 540 203 3
27 8996 241 546 214 3
27.125 8993 228 551 225 3
27.25 8993 218 547 239 3
27.375 8992 207 549 249 3
27.5 8991 202 544 260 3
27.625 8986 192 546 273 3
27.75 8986 178 548 285 3
27.875 8983 169 551 294 3
28 8980 166 538 313 3
28.125 8976 163 533 325 3
28.25 8976 156 528 336 4
28.375 8974 147 532 343 4
28.5 8974 137 528 357 4
28.625 8974 131 522 369 4
28.75 8974 123 520 379 4
28.875 8974 115 521 386 4
29 8971 112 513 400 4
29.125 8968 106 505 417 4
29.25 8966 106 497 427 4
29.375 8964 103 495 434 4
29.5 8963 91 500 442 4
29.625 8959 89 496 452 4
29.75 8954 87 500 455 4
29.875 8953 80 497 466 4
30 8953 75 494 474 4
30.125 8951 72 484 489 4
30.25 8949 68 481 498 4
30.375 8945 66 478 507 4
30.5 8944 63 472 517 4
30.625 8942 62 463 529 4
30.75 8941 61 457 537 4
30.875 8940 59 451 546 4
31 8938 56 446 556 4
31.125 8937 50 442 567 4
31.25 8935 47 438 576 4
31.375 8935 46 431 584 4
31.5 8935 41 425 595 4
31.625 8933 41 422 600 4
31.75 8932 40 412 612 4
31.875 8932 39 402 623 4
32 8932 37 392 635 4
32.125 8931 36 383 646 4
32.25 8930 34 381 651 4
32.375 8930 32 379 655 4
32.5 8930 29 374 663 4
32.625 8929 27 371 669 4
32.75 8929 25 368 674 4
32.875 8928 25 362 681 4
33 8927 25 357 686 5
33.125 8927 24 350 694 5
33.25 8927 23 345 700 5
33.375 8926 17 349 703 5
33.5 8924 19 342 710 5
33.625 8923 17 336 719 5
33.75 8922 16 328 729 5
33.875 8922 16 325 732 5
34 8922 16 318 739 5
34.125 8920 16 314 745 5
34.25 8918 18 307 752 5
34.375 8918 15 306 756 5
34.5 8917 15 299 764 5
34.625 8916 16 291 772 5
34.75 8916 15 290 774 5
34.875 8916 14 289 776 5
35 8916 14 280 785 5
35.125 8916 11 276 792 5
35.25 8916 11 269 799 5
35.375 8916 11 266 802 5
35.5 8915 10 263 806 6
35.625 8915 10 258 811 6
35.75 8915 10 254 815 6
35.875 8915 7 255 817 6
36 8915 6 245 828 6
36.125 8914 7 242 831 6
36.25 8914 7 240 833 6
36.375 8914 6 235 839 6
36.5 8914 6 230 844 6
36.625 8914 6 230 844 6
36.75 8911 9 223 851 6
36.875 8910 8 221 855 6
37 8910 8 216 860 6
37.125 8910 7 214 863 6
37.25 8909 8 210 867 6
37.375 8909 8 208 869 6
37.5 8908 9 206 871 6
37.625 8908 8 200 878 6
37.75 8908 8 195 883 6
37.875 8908 8 191 887 6
38 8907 8 188 891 6
38.125 8905 10 186 893 6
38.25 8905 10 182 897 6
38.375 8905 9 175 905 6
38.5 8904 9 173 908 6
38.625 8903 9 169 913 6
38.75 8903 9 167 915 6
38.875 8903 9 164 918 6
39 8903 9 161 921 6
39.125 8903 9 159 923 6
39.25 8903 8 158 925 6
39.375 8903 8 157 926 6
39.5 8903 7 154 930 6
39.625 8903 6 148 937 6
39.75 8903 6 143 942 6
39.875 8903 5 144 942 6
40 8901 6 141 946 6
40.125 8901 5 141 947 6
40.25 8901 4 139 950 6
40.375 8901 4 134 955 6
40.5 8901 4 131 958 6
40.625 8901 4 125 964 6
40.75 8901 4 122 967 6
40.875 8901 4 118 971 6
41 8900 4 116 974 6
41.125 8899 4 111 980 6
41.25 8899 4 107 984 6
41.375 8898 4 107 985 6
41.5 8898 4 104 988 6
41.625 8898 3 102 990 7
41.75 8898 3 96 996 7
41.875 8897 3 97 996 7
42 8897 3 96 997 7
42.125 8896 4 95 998 7
42.25 8896 4 94 999 7
42.375 8896 3 92 1002 7
42.5 8896 3 91 1003 7
42.625 8896 3 88 1006 7
42.75 8896 3 88 1006 7
42.875 8896 3 87 1007 7
43 8896 3 85 1009 7
43.125 8896 3 84 1010 7
43.25 8896 3 83 1011 7
43.375 8896 3 82 1012 7
43.5 8896 3 77 1017 7
43.625 8896 2 77 1018 7
43.75 8896 2 75 1020 7
43.875 8896 2 75 1020 7
44 8895 3 74 1021 7
44.125 8895 3 74 1021 7
44.25 8895 3 74 1021 7
44.375 8895 3 74 1021 7
44.5 8895 3 72 1023 7
44.625 8895 3 71 1024 7
44.75 8895 3 68 1027 7
44.875 8895 3 66 1029 7
45 8895 3 65 1030 7
45.125 8895 3 63 1032 7
45.25 8895 3 61 1034 7
45.375 8895 3 60 1035 7
45.5 8895 3 57 1038 7
45.625 8895 3 56 1039 7
45.75 8895 3 53 1042 7
45.875 8895 3 52 1043 7
46 8895 3 51 1044 7
46.125 8895 3 51 1044 7
46.25 8895 3 51 1044 7
46.375 8895 3 49 1046 7
46.5 8895 3 47 1048 7
46.625 8895 3 45 1050 7
46.75 8895 3 44 1051 7
46.875 8895 3 44 1051 7
47 8895 3 42 1053 7
47.125 8895 3 42 1053 7
47.25 8895 3 42 1053 7
47.375 8895 3 41 1054 7
47.5 8895 3 40 1055 7
47.625 8895 3 40 1055 7
47.75 8895 2 38 1058 7
47.875 8895 1 38 1059 7
48 8895 1 38 1059 7
48.125 8895 1 37 1060 7
48.25 8895 1 37 1060 7
48.375 8895 1 36 1061 7
48.5 8895 1 36 1061 7
48.625 8895 1 36 1061 7
48.75 8895 1 36 1061 7
48.875 8895 0 36 1062 7
49 8895 0 34 1064 7
49.125 8895 0 32 1066 7
49.25 8895 0 32 1066 7
49.375 8895 0 32 1066 7
49.5 8895 0 31 1067 7
49.625 8895 0 31 1067 7
49.75 8895 0 31 1067 7
49.875 8895 0 31 1067 7
50 8895 0 31 1067 7
50.125 8895 0 30 1068 7
50.25 8895 0 29 1069 7
50.375 8895 0 29 1069 7
50.5 8895 0 27 1071 7
50.625 8895 0 26 1072 7
50.75 8895 0 26 1072 7
50.875 8895 0 26 1072 7
51 8895 0 25 1073 7
51.125 8895 0 25 1073 7
51.25 8895 0 25 1073 7
51.375 8895 0 24 1074 7
51.5 8895 0 22 1076 7
51.625 8895 0 22 1076 7
51.75 8895 0 22 1076 7
51.875 8895 0 21 1077 7
52 8895 0 21 1077 7
52.125 8895 0 21 1077 7
52.25 8895 0 21 1077 7
52.375 8895 0 19 1079 7
52.5 8895 0 19 1079 7
52.625 8895 0 19 1079 7
52.75 8895 0 19 1079 7
52.875 8895 0 19 1079 7
53 8895 0 18 1080 7
53.125 8895 0 17 1081 7
53.25 8895 0 17 1081 7
53.375 8895 0 17 1081 7
53.5 8895 0 17 1081 7
53.625 8895 0 17 1081 7
53.75 8895 0 17 1081 7
53.875 8895 0 17 1081 7
54 8895 0 16 1082 7
54.125 8895 0 16 1082 7
54.25 8895 0 16 1082 7
54.375 8895 0 16 1082 7
54.5 8895 0 16 1082 7
54.625 8895 0 15 1083 7
54.75 8895 0 15 1083 7
54.875 8895 0 15 1083 7
55 8895 0 15 1083 7
55.125 8895 0 15 1083 7
55.25 8895 0 15 1083 7
55.375 8895 0 15 1083 7
55.5 8895 0 15 1083 7
55.625 8895 0 15 1083 7
55.75 8895 0 14 1084 7
55.875 8895 0 14 1084 7
56 8895 0 14 1084 7
56.125 8895 0 14 1084 7
56.25 8895 0 13 1085 7
56.375 8895 0 13 1085 7
56.5 8895 0 12 1086 7
56.625 8895 0 12 1086 7
56.75 8895 0 11 1087 7
56.875 8895 0 11 1087 7
57 8895 0 11 1087 7
57.125 8895 0 11 1087 7
57.25 8895 0 11 1087 7
57.375 8895 0 11 1087 7
57.5 8895 0 11 1087 7
57.625 8895 0 11 1087 7
57.75 8895 0 11 1087 7
57.875 8895 0 11 1087 7
58 8895 0 11 1087 7
58.125 8895 0 10 1088 7
58.25 8895 0 10 1088 7
58.375 8895 0 10 1088 7
58.5 8895 0 10 1088 7
58.625 8895 0 10 1088 7
58.75 8895 0 10 1088 7
58.875 8895 0 10 1088 7
59 8895 0 9 1089 7
59.125 8895 0 9 1089 7
59.25 8895 0 9 1089 7
59.375 8895 0 9 1089 7
59.5 8895 0 9 1089 7
59.625 8895 0 8 1090 7
59.75 8895 0 8 1090 7
59.875 8895 0 8 1090 7
60 8895 0 8 1090 7
60.125 8895 0 7 1090 8
60.25 8895 0 7 1090 8
60.375 8895 0 6 1091 8
60.5 8895 0 6 1091 8
60.625 8895 0 6 1091 8
60.75 8895 0 6 1091 8
60.875 8895 0 6 1091 8
61 8895 0 6 1091 8
61.125 8895 0 5 1092 8
61.25 8895 0 5 1092 8
61.375 8895 0 5 1092 8
61.5 8895 0 5 1092 8
61.625 8895 0 5 1092 8
61.75 8895 0 5 1092 8
61.875 8895 0 5 1092 8
62 8895 0 4 1093 8
62.125 8895 0 3 1094 8
62.25 8895 0 3 1094 8
62.375 8895 0 3 1094 8
62.5 8895 0 3 1094 8
62.625 8895 0 3 1094 8
62.75 8895 0 3 1094 8
62.875 8895 0 2 1095 8
63 8895 0 2 1095 8
63.125 8895 0 2 1095 8
63.25 8895 0 2 1095 8
63.375 8895 0 2 1095 8
63.5 8895 0 2 1095 8
63.625 8895 0 2 1095 8
63.75 8895 0 2 1095 8
63.875 8895 0 2 1095 8
64 8895 0 2 1095 8
64.125 8895 0 2 1095 8
64.25 8895 0 2 1095 8
64.375 8895 0 2 1095 8
64.5 8895 0 2 1095 8
64.625 8895 0 2 1095 8
64.75 8895 0 2 1095 8
64.875 8895 0 2 1095 8
65 8895 0 2 1095 8
65.125 8895 0 2 1095 8
65.25 8895 0 2 1095 8
65.375 8895 0 1 1096 8
65.5 8895 0 1 1096 8
65.625 8895 0 1 1096 8
65.75 8895 0 1 1096 8
65.875 8895 0 1 1096 8
66 8895 0 1 1096 8
66.125 8895 0 1 1096 8
66.25 8895 0 1 1096 8
66.375 8895 0 1 1096 8
66.5 8895 0 1 1096 8
66.625 8895 0 1 1096 8
66.75 8895 0 1 1096 8
66.875 8895 0 1 1096 8
67 8895 0 1 1096 8
67.125 8895 0 1 1096 8
67.25 8895 0 1 1096 8
67.375 8895 0 1 1096 8
67.5 8895 0 1 1096 8
67.625 8895 0 1 1096 8
67.75 8895 0 1 1096 8
67.875 8895 0 1 1096 8
68 8895 0 1 1096 8
68.125 8895 0 1 1096 8
68.25 8895 0 1 1096 8
68.375 8895 0 1 1096 8
68.5 8895 0 1 1096 8
68.625 8895 0 1 1096 8
68.75 8895 0 1 1096 8
68.875 8895 0 1 1096 8
69 8895 0 1 1096 8
69.125 8895 0 1 1096 8
69.25 8895 0 1 1096 8
69.375 8895 0 1 1096 8
69.5 8895 0 1 1096 8
69.625 8895 0 1 1096 8
69.75 8895 0 1 1096 8
69.875 8895 0 1 1096 8
70 8895 0 1 1096 8
70.125 8895 0 1 1096 8
70.25 8895 0 1 1096 8
70.375 8895 0 1 1096 8
70.5 8895 0 1 1096 8
70.625 8895 0 1 1096 8
70.75 8895 0 1 1096 8
70.875 8895 0 1 1096 8
71 8895 0 1 1096 8
71.125 8895 0 1 1096 8
71.25 8895 0 1 1096 8
71.375 8895 0 1 1096 8
71.5 8895 0 1 1096 8
71.625 8895 0 1 1096 8
71.75 8895 0 1 1096 8
71.875 8895 0 1 1096 8
72 8895 0 1 1096 8
72.125 8895 0 1 1096 8
72.25 8895 0 1 1096 8
72.375 8895 0 1 1096 8
72.5 8895 0 1 1096 8
72.625 8895 0 1 1096 8
72.75 8895 0 1 1096 8
72.875 8895 0 1 1096 8
73 8895 0 1 1096 8
73.125 8895 0 1 1096 8
73.25 8895 0 1 1096 8
73.375 8895 0 1 1096 8
73.5 8895 0 1 1096 8
73.625 8895 0 1 1096 8
73.75 8895 0 0 1097 8
