t S E I R D
0 9999 0 1 0 0
0.125 9999 0 1 0 0
0.25 9999 0 1 0 0
0.375 9998 1 1 0 0
0.5 9998 1 1 0 0
0.625 9998 0 2 0 0
0.75 9998 0 2 0 0
0.875 9997 1 2 0 0
1 9997 1 2 0 0
1.125 9997 1 2 0 0
1.25 9997 1 2 0 0
1.375 9997 1 2 0 0
1.5 9997 1 2 0 0
1.625 9997 1 2 0 0
1.75 9997 0 3 0 0
1.875 9997 0 3 0 0
2 9997 0 3 0 0
2.125 9997 0 3 0 0
2.25 9997 0 3 0 0
2.375 9997 0 3 0 0
2.5 9997 0 3 0 0
2.625 9997 0 3 0 0
2.75 9997 0 3 0 0
2.875 9997 0 3 0 0
3 9997 0 3 0 0
3.125 9997 0 3 0 0
3.25 9997 0 3 0 0
3.375 9997 0 3 0 0
3.5 9997 0 2 1 0
3.625 9997 0 2 1 0
3.75 9996 1 2 1 0
3.875 9996 1 2 1 0
4 9996 1 2 1 0
4.125 9996 1 2 1 0
4.25 9996 1 2 1 0
4.375 9996 1 2 1 0
4.5 9996 1 2 1 0
4.625 9996 0 3 1 0
4.75 9995 1 3 1 0
4.875 9995 1 3 1 0
5 9994 2 3 1 0
5.125 9993 3 3 1 0
5.25 9992 3 4 1 0
5.375 9990 5 4 1 0
5.5 9988 6 5 1 0
5.625 9986 7 6 1 0
5.75 9985 8 5 2 0
5.875 9983 10 5 2 0
6 9983 9 6 2 0
6.125 9981 11 6 2 0
6.25 9980 12 5 3 0
6.375 9978 14 5 3 0
6.5 9977 15 5 3 0
6.625 9975 16 5 4 0
6.75 9975 16 5 4 0
6.875 9975 16 5 4 0
7 9975 15 6 4 0
7.125 9974 15 7 4 0
7.25 9970 17 9 4 0
7.375 9967 18 11 4 0
7.5 9967 16 13 4 0
7.625 9964 19 13 4 0
7.75 9960 23 13 4 0
7.875 9959 24 13 4 0
8 9957 26 13 4 0
8.125 9956 27 13 4 0
8.25 9952 30 14 4 0
8.375 9949 31 16 4 0
8.5 9949 29 18 4 0
8.625 9946 28 21 5 0
8.75 9943 31 21 5 0
8.875 9941 32 20 7 0
9 9939 33 20 8 0
9.125 9938 33 20 9 0
9.25 9936 33 21 10 0
9.375 9935 32 23 10 0
9.5 9931 33 26 10 0
9.625 9928 35 27 10 0
9.75 9926 37 27 10 0
9.875 9919 42 29 10 0
10 9916 43 31 10 0
10.125 9912 44 34 10 0
10.25 9909 44 36 11 0
10.375 9900 51 38 11 0
10.5 9898 50 40 12 0
10.625 9893 55 39 13 0
10.75 9889 56 42 13 0
10.875 9884 54 48 14 0
11 9879 55 49 17 0
11.125 9875 56 50 19 0
11.25 9873 54 52 21 0
11.375 9870 57 51 22 0
11.5 9867 59 52 22 0
11.625 9866 54 56 24 0
11.75 9859 57 59 25 0
11.875 9852 62 59 27 0
12 9849 63 61 27 0
12.125 9839 71 62 28 0
12.25 9831 70 71 28 0
12.375 9821 74 75 30 0
12.5 9807 86 75 32 0
12.625 9798 89 80 33 0
12.75 9778 101 86 35 0
12.875 9767 102 95 36 0
13 9755 109 98 38 0
13.125 9736 126 96 42 0
13.25 9713 141 101 45 0
13.375 9698 147 107 48 0
13.5 9686 146 117 51 0
13.625 9668 158 123 51 0
13.75 9645 175 124 56 0
13.875 9624 188 129 59 0
14 9607 190 141 62 0
14.125 9579 206 150 65 0
14.25 9554 221 157 68 0
14.375 9520 249 163 68 0
14.5 9498 252 179 71 0
14.625 9466 262 195 77 0
14.75 9416 294 207 83 0
14.875 9378 315 222 85 0
15 9344 329 237 90 0
15.125 9302 352 249 97 0
15.25 9262 365 270 103 0
15.375 9213 383 296 108 0
15.5 9170 398 317 115 0
15.625 9125 424 328 123 0
15.75 9080 449 342 129 0
15.875 9036 466 362 136 0
16 9000 476 383 141 0
16.125 8955 489 406 150 0
16.25 8905 514 425 156 0
16.375 8865 524 443 168 0
16.5 8829 528 468 175 0
16.625 8793 529 484 194 0
16.75 8761 533 504 202 0
16.875 8718 549 521 212 0
17 8670 565 537 227 1
17.125 8667 531 561 240 1
17.25 8660 508 582 249 1
17.375 8654 489 591 265 1
17.5 8647 461 609 282 1
17.625 8644 434 625 296 1
17.75 8636 416 648 299 1
17.875 8627 402 658 312 1
18 8619 372 681 327 1
18.125 8617 342 697 342 2
18.25 8614 328 705 351 2
18.375 8610 308 704 376 2
18.5 8608 287 716 387 2
18.625 8607 270 727 394 2
18.75 8603 260 718 416 3
18.875 8601 245 724 427 3
19 8599 231 723 443 4
19.125 8597 215 727 457 4
19.25 8596 203 717 480 4
19.375 8595 195 713 493 4
19.5 8593 183 710 509 5
19.625 8592 171 711 521 5
19.75 8591 164 706 534 5
19.875 8590 154 696 555 5
20 8587 150 694 564 5
20.125 8587 143 683 581 6
20.25 8587 136 678 593 6
20.375 8584 126 678 606 6
20.5 8584 115 682 613 6
20.625 8584 114 670 626 6
20.75 8584 106 665 638 7
20.875 8583 102 659 649 7
21 8580 98 654 661 7
21.125 8580 93 650 670 7
21.25 8579 88 636 690 7
21.375 8576 85 629 703 7
21.5 8576 79 617 721 7
21.625 8576 74 616 727 7
21.75 8576 73 604 740 7
21.875 8576 68 595 754 7
22 8576 68 586 763 7
22.125 8576 62 575 780 7
22.25 8574 59 574 786 7
22.375 8574 55 569 795 7
22.5 8573 54 559 807 7
22.625 8573 48 548 823 8
22.75 8573 44 541 834 8
22.875 8573 40 535 844 8
23 8573 40 522 857 8
23.125 8573 38 512 869 8
23.25 8570 41 501 880 8
23.375 8570 38 495 889 8
23.5 8570 35 491 896 8
23.625 8570 31 482 909 8
23.75 8569 30 479 914 8
23.875 8569 28 470 925 8
24 8569 24 462 937 8
24.125 8569 23 450 950 8
24.25 8569 22 441 960 8
24.375 8569 22 433 968 8
24.5 8568 23 418 983 8
24.625 8568 22 414 988 8
24.75 8568 17 413 994 8
24.875 8568 17 402 1005 8
25 8568 16 397 1011 8
25.125 8568 16 393 1015 8
25.25 8567 16 391 1018 8
25.375 8567 15 383 1027 8
25.5 8566 11 381 1034 8
25.625 8566 9 373 1044 8
25.75 8566 8 364 1054 8
25.875 8566 8 357 1061 8
26 8566 8 351 1067 8
26.125 8566 8 345 1073 8
26.25 8566 7 341 1078 8
26.375 8565 8 334 1085 8
26.5 8565 8 325 1094 8
26.625 8565 6 317 1104 8
26.75 8565 6 311 1110 8
26.875 8565 5 302 1120 8
27 8564 6 295 1127 8
27.125 8563 7 293 1129 8
27.25 8562 8 287 1135 8
27.375 8562 8 279 1143 8
27.5 8562 8 271 1151 8
27.625 8562 8 262 1160 8
27.75 8561 8 259 1164 8
27.875 8561 8 257 1166 8
28 8561 8 254 1169 8
28.125 8561 8 251 1171 9
28.25 8560 9 247 1175 9
28.375 8559 10 241 1181 9
28.5 8559 10 236 1186 9
28.625 8559 9 233 1190 9
28.75 8559 8 231 1193 9
28.875 8559 8 227 1197 9
29 8558 9 223 1201 9
29.125 8558 8 220 1205 9
29.25 8558 8 215 1209 10
29.375 8558 7 209 1215 11
29.5 8558 7 204 1220 11
29.625 8558 7 202 1222 11
29.75 8558 7 198 1226 11
29.875 8558 7 193 1231 11
30 8558 7 189 1235 11
30.125 8558 7 183 1241 11
30.25 8558 7 179 1245 11
30.375 8558 7 175 1249 11
30.5 8558 6 174 1251 11
30.625 8558 6 170 1255 11
30.75 8558 5 166 1260 11
30.875 8558 5 162 1264 11
31 8558 5 159 1267 11
31.125 8558 4 153 1274 11
31.25 8558 4 149 1278 11
31.375 8557 4 148 1280 11
31.5 8557 4 145 1283 11
31.625 8557 4 140 1288 11
31.75 8557 4 140 1288 11
31.875 8557 4 136 1292 11
32 8556 5 135 1293 11
32.125 8556 5 135 1293 11
32.25 8556 4 134 1295 11
32.375 8556 4 133 1296 11
32.5 8556 4 132 1297 11
32.625 8556 4 128 1301 11
32.75 8556 4 127 1302 11
32.875 8556 3 127 1303 11
33 8556 3 125 1305 11
33.125 8556 2 125 1306 11
33.25 8556 2 122 1309 11
33.375 8556 1 120 1312 11
33.5 8556 1 119 1313 11
33.625 8556 1 117 1315 11
33.75 8556 0 115 1318 11
33.875 8556 0 115 1318 11
34 8556 0 115 1318 11
34.125 8556 0 113 1320 11
34.25 8556 0 111 1322 11
34.375 8556 0 110 1323 11
34.5 8556 0 108 1325 11
34.625 8556 0 106 1327 11
34.75 8556 0 103 1330 11
34.875 8556 0 100 1333 11
35 8555 1 99 1334 11
35.125 8555 1 96 1337 11
35.25 8555 1 96 1337 11
35.375 8555 1 91 1342 11
35.5 8555 1 88 1345 11
35.625 8555 1 87 1346 11
35.75 8555 1 86 1347 11
35.875 8554 2 84 1349 11
36 8554 1 84 1350 11
36.125 8553 2 81 1353 11
36.25 8553 2 79 1355 11
36.375 8553 1 78 1357 11
36.5 8553 1 77 1358 11
36.625 8553 1 75 1360 11
36.75 8553 1 75 1360 11
36.875 8553 1 74 1361 11
37 8553 1 74 1361 11
37.125 8553 1 74 1361 11
37.25 8553 1 73 1362 11
37.375 8553 1 72 1363 11
37.5 8553 1 71 1364 11
37.625 8553 1 68 1367 11
37.75 8553 1 67 1368 11
37.875 8553 1 65 1370 11
38 8553 1 63 1372 11
38.125 8553 1 63 1372 11
38.25 8553 1 60 1375 11
38.375 8553 1 60 1375 11
38.5 8553 1 57 1378 11
38.625 8553 1 56 1379 11
38.75 8553 1 55 1380 11
38.875 8552 2 55 1380 11
39 8552 2 53 1382 11
39.125 8551 3 51 1384 11
39.25 8551 2 52 1384 11
39.375 8551 2 51 1385 11
39.5 8551 2 51 1385 11
39.625 8551 2 51 1385 11
39.75 8551 2 50 1386 11
39.875 8550 2 50 1387 11
40 8550 2 50 1387 11
40.125 8550 2 50 1387 11
40.25 8550 2 48 1389 11
40.375 8549 3 48 1389 11
40.5 8549 2 49 1389 11
40.625 8549 2 47 1391 11
40.75 8549 2 46 1392 11
40.875 8548 3 45 1393 11
41 8548 3 44 1394 11
41.125 8548 3 43 1395 11
41.25 8548 3 42 1396 11
41.375 8548 2 40 1399 11
41.5 8548 2 40 1399 11
41.625 8548 2 40 1399 11
41.75 8548 2 40 1399 11
41.875 8548 2 40 1399 11
42 8548 2 38 1401 11
42.125 8548 1 39 1401 11
42.25 8548 1 39 1401 11
42.375 8548 1 39 1401 11
42.5 8548 1 39 1401 11
42.625 8548 1 39 1401 11
42.75 8548 1 39 1401 11
42.875 8548 1 37 1403 11
43 8548 1 34 1406 11
43.125 8548 1 33 1407 11
43.25 8547 2 33 1407 11
43.375 8547 2 33 1407 11
43.5 8547 1 33 1408 11
43.625 8547 1 32 1409 11
43.75 8547 1 32 1409 11
43.875 8547 1 32 1409 11
44 8547 0 33 1409 11
44.125 8547 0 33 1409 11
44.25 8547 0 33 1409 11
44.375 8547 0 33 1409 11
44.5 8547 0 32 1410 11
44.625 8547 0 32 1410 11
44.75 8547 0 31 1411 11
44.875 8547 0 31 1411 11
45 8547 0 31 1411 11
45.125 8547 0 31 1411 11
45.25 8547 0 29 1413 11
45.375 8547 0 25 1417 11
45.5 8547 0 25 1417 11
45.625 8547 0 25 1417 11
45.75 8547 0 23 1419 11
45.875 8547 0 23 1419 11
46 8547 0 23 1419 11
46.125 8546 1 21 1421 11
46.25 8546 1 21 1421 11
46.375 8546 1 21 1421 11
46.5 8546 1 21 1421 11
46.625 8546 1 21 1421 11
46.75 8546 1 21 1421 11
46.875 8546 1 21 1421 11
47 8546 1 21 1421 11
47.125 8546 1 21 1421 11
47.25 8546 1 20 1422 11
47.375 8546 1 19 1423 11
47.5 8546 1 19 1423 11
47.625 8546 1 19 1423 11
47.75 8546 1 19 1423 11
47.875 8546 1 19 1423 11
48 8546 1 19 1423 11
48.125 8546 1 18 1424 11
48.25 8546 1 18 1424 11
48.375 8546 0 19 1424 11
48.5 8546 0 19 1424 11
48.625 8546 0 19 1424 11
48.75 8546 0 18 1425 11
48.875 8546 0 18 1425 11
49 8546 0 18 1425 11
49.125 8546 0 18 1425 11
49.25 8546 0 17 1426 11
49.375 8546 0 17 1426 11
49.5 8546 0 16 1427 11
49.625 8546 0 16 1427 11
49.75 8546 0 16 1427 11
49.875 8546 0 16 1427 11
50 8546 0 16 1427 11
50.125 8546 0 16 1427 11
50.25 8546 0 16 1427 11
50.375 8546 0 16 1427 11
50.5 8546 0 16 1427 11
50.625 8546 0 16 1427 11
50.75 8546 0 16 1427 11
50.875 8546 0 14 1429 11
51 8546 0 14 1429 11
51.125 8546 0 14 1429 11
51.25 8546 0 14 1429 11
51.375 8546 0 13 1430 11
51.5 8546 0 13 1430 11
51.625 8546 0 13 1430 11
51.75 8546 0 11 1432 11
51.875 8546 0 9 1434 11
52 8546 0 9 1434 11
52.125 8546 0 9 1434 11
52.25 8546 0 9 1434 11
52.375 8546 0 8 1435 11
52.5 8546 0 8 1435 11
52.625 8546 0 8 1435 11
52.75 8546 0 8 1435 11
52.875 8546 0 8 1435 11
53 8546 0 8 1435 11
53.125 8546 0 8 1435 11
53.25 8545 1 8 1435 11
53.375 8545 1 8 1435 11
53.5 8545 1 8 1435 11
53.625 8545 1 8 1435 11
53.75 8545 1 8 1435 11
53.875 8545 1 7 1436 11
54 8545 1 7 1436 11
54.125 8545 1 7 1436 11
54.25 8545 1 7 1436 11
54.375 8545 1 7 1436 11
54.5 8545 1 7 1436 11
54.625 8545 1 6 1437 11
54.75 8545 1 6 1437 11
54.875 8545 1 6 1437 11
55 8545 1 6 1437 11
55.125 8545 1 6 1437 11
55.25 8545 1 6 1437 11
55.375 8545 1 5 1438 11
55.5 8545 1 4 1439 11
55.625 8545 1 4 1439 11
55.75 8545 1 4 1439 11
55.875 8545 1 4 1439 11
56 8545 1 4 1439 11
56.125 8545 1 4 1439 11
56.25 8545 1 4 1439 11
56.375 8545 1 4 1439 11
56.5 8545 1 4 1439 11
56.625 8545 1 4 1439 11
56.75 8545 0 5 1439 11
56.875 8545 0 5 1439 11
57 8545 0 5 1439 11
57.125 8545 0 5 1439 11
57.25 8545 0 5 1439 11
57.375 8545 0 5 1439 11
57.5 8545 0 4 1439 12
57.625 8545 0 4 1439 12
57.75 8545 0 4 1439 12
57.875 8545 0 4 1439 12
58 8545 0 4 1439 12
58.125 8545 0 4 1439 12
58.25 8545 0 4 1439 12
58.375 8545 0 4 1439 12
58.5 8545 0 4 1439 12
58.625 8545 0 4 1439 12
58.75 8545 0 4 1439 12
58.875 8545 0 4 1439 12
59 8545 0 3 1440 12
59.125 8545 0 3 1440 12
59.25 8545 0 3 1440 12
59.375 8545 0 3 1440 12
59.5 8545 0 3 1440 12
59.625 8545 0 3 1440 12
59.75 8545 0 3 1440 12
59.875 8545 0 3 1440 12
60 8545 0 2 1441 12
60.125 8545 0 2 1441 12
60.25 8545 0 2 1441 12
60.375 8545 0 2 1441 12
60.5 8545 0 2 1441 12
60.625 8545 0 2 1441 12
60.75 8545 0 2 1441 12
60.875 8545 0 2 1441 12
61 8545 0 2 1441 12
61.125 8545 0 1 1442 12
61.25 8545 0 1 1442 12
61.375 8545 0 1 1442 12
61.5 8545 0 1 1442 12
61.625 8545 0 1 1442 12
61.75 8545 0 1 1442 12
61.875 8545 0 1 1442 12
62 8545 0 1 1442 12
62.125 8545 0 1 1442 12
62.25 8545 0 1 1442 12
62.375 8545 0 1 1442 12
62.5 8545 0 1 1442 12
62.625 8545 0 1 1442 12
62.75 8545 0 1 1442 12
62.875 8545 0 1 1442 12
63 8545 0 1 1442 12
63.125 8545 0 1 1442 12
63.25 8545 0 1 1442 12
63.375 8545 0 1 1442 12
63.5 8545 0 1 1442 12
63.625 8545 0 1 1442 12
63.75 8545 0 1 1442 12
63.875 8545 0 1 1442 12
64 8545 0 1 1442 12
64.125 8545 0 1 1442 12
64.25 8545 0 1 1442 12
64.375 8545 0 1 1442 12
64.5 8545 0 1 1442 12
64.625 8545 0 1 1442 12
64.75 8545 0 1 1442 12
64.875 8545 0 1 1442 12
65 8545 0 1 1442 12
65.125 8545 0 1 1442 12
65.25 8545 0 1 1442 12
65.375 8545 0 1 1442 12
65.5 8545 0 1 1442 12
65.625 8545 0 1 1442 12
65.75 8545 0 1 1442 12
65.875 8545 0 1 1442 12
66 8545 0 1 1442 12
66.125 8545 0 1 1442 12
66.25 8545 0 1 1442 12
66.375 8545 0 0 1443 12
