t S E I R D
0 9998 0 2 0 0
0.125 9998 0 2 0 0
0.25 9998 0 2 0 0
0.375 9998 0 2 0 0
0.5 9998 0 2 0 0
0.625 9998 0 2 0 0
0.75 9998 0 2 0 0
0.875 9998 0 2 0 0
1 9998 0 2 0 0
1.125 9997 1 2 0 0
1.25 9997 1 2 0 0
1.375 9996 2 2 0 0
1.5 9996 2 2 0 0
1.625 9995 3 2 0 0
1.75 9995 2 3 0 0
1.875 9995 2 3 0 0
2 9995 2 3 0 0
2.125 9995 2 3 0 0
2.25 9995 2 3 0 0
2.375 9995 2 3 0 0
2.5 9994 3 3 0 0
2.625 9993 4 3 0 0
2.75 9992 5 2 1 0
2.875 9992 5 2 1 0
3 9991 6 2 1 0
3.125 9991 6 2 1 0
3.25 9991 6 2 1 0
3.375 9991 6 2 1 0
3.5 9990 7 2 1 0
3.625 9989 8 2 1 0
3.75 9989 8 2 1 0
3.875 9989 7 3 1 0
4 9989 7 3 1 0
4.125 9989 6 4 1 0
4.25 9988 7 3 2 0
4.375 9988 7 2 3 0
4.5 9987 8 2 3 0
4.625 9987 8 1 4 0
4.75 9985 9 2 4 0
4.875 9984 8 4 4 0
5 9982 10 3 5 0
5.125 9981 11 3 5 0
5.25 9981 11 3 5 0
5.375 9980 12 3 5 0
5.5 9979 12 4 5 0
5.625 9979 12 4 5 0
5.75 9978 13 4 5 0
5.875 9977 13 5 5 0
6 9976 13 6 5 0
6.125 9975 13 7 5 0
6.25 9971 16 8 5 0
6.375 9970 14 11 5 0
6.5 9959 24 12 5 0
6.625 9951 30 14 5 0
6.75 9942 38 15 5 0
6.875 9935 44 16 5 0
7 9923 54 18 5 0
7.125 9914 57 23 6 0
7.25 9905 63 25 7 0
7.375 9897 68 28 7 0
7.5 9892 70 31 7 0
7.625 9885 73 35 7 0
7.75 9883 68 41 8 0
7.875 9880 68 44 8 0
8 9874 73 45 8 0
8.125 9871 70 51 8 0
8.25 9863 74 54 9 0
8.375 9849 84 57 10 0
8.5 9833 97 57 13 0
8.625 9823 103 58 16 0
8.75 9810 108 64 18 0
8.875 9790 125 67 18 0
9 9768 139 74 19 0
9.125 9745 152 82 21 0
9.25 9718 164 97 21 0
9.375 9686 192 99 23 0
9.5 9656 204 117 23 0
9.625 9627 226 121 26 0
9.75 9600 239 131 30 0
9.875 9570 258 139 33 0
10 9534 273 155 38 0
10.125 9498 291 168 42 1
10.25 9493 279 179 48 1
10.375 9489 269 188 53 1
10.5 9484 253 207 55 1
10.625 9480 243 214 62 1
10.75 9473 230 232 64 1
10.875 9468 223 241 67 1
11 9461 215 253 70 1
11.125 9452 216 255 76 1
11.25 9448 201 264 85 2
11.375 9443 196 265 94 2
11.5 9441 184 275 98 2
11.625 9435 179 279 105 2
11.75 9434 165 288 111 2
11.875 9432 153 300 113 2
12 9428 148 304 118 2
12.125 9423 143 304 128 2
12.25 9420 139 306 133 2
12.375 9418 135 308 137 2
12.5 9413 134 309 142 2
12.625 9410 127 313 148 2
12.75 9405 125 305 163 2
12.875 9401 120 309 168 2
13 9399 116 309 174 2
13.125 9395 115 304 184 2
13.25 9392 112 308 186 2
13.375 9390 103 315 190 2
13.5 9387 101 312 198 2
13.625 9385 97 313 203 2
13.75 9380 95 315 208 2
13.875 9376 94 313 215 2
14 9373 92 313 220 2
14.125 9371 84 320 223 2
14.25 9367 81 322 228 2
14.375 9365 80 313 240 2
14.5 9361 76 308 253 2
14.625 9358 74 305 261 2
14.75 9357 70 305 266 2
14.875 9354 68 303 273 2
15 9350 71 295 282 2
15.125 9349 70 286 293 2
15.25 9347 67 284 300 2
15.375 9347 63 279 309 2
15.5 9343 65 279 311 2
15.625 9341 62 281 314 2
15.75 9338 64 274 322 2
15.875 9335 64 273 326 2
16 9331 67 266 334 2
16.125 9330 63 265 340 2
16.25 9326 58 264 350 2
16.375 9322 59 261 356 2
16.5 9318 60 258 362 2
16.625 9314 61 254 369 2
16.75 9313 56 258 371 2
16.875 9313 52 258 375 2
17 9313 48 260 377 2
17.125 9312 45 261 380 2
17.25 9309 44 260 385 2
17.375 9308 40 259 391 2
17.5 9302 44 254 398 2
17.625 9301 42 254 401 2
17.75 9299 41 251 407 2
17.875 9297 42 248 411 2
18 9295 42 244 417 2
18.125 9294 41 244 419 2
18.25 9290 43 243 422 2
18.375 9290 37 246 425 2
18.5 9288 39 240 431 2
18.625 9287 39 235 437 2
18.75 9287 35 237 439 2
18.875 9286 32 238 442 2
19 9286 29 237 446 2
19.125 9286 28 235 449 2
19.25 9285 28 229 456 2
19.375 9283 27 227 461 2
19.5 9282 25 226 465 2
19.625 9278 25 222 473 2
19.75 9277 24 222 475 2
19.875 9276 24 217 481 2
20 9276 22 214 486 2
20.125 9275 22 212 489 2
20.25 9273 24 206 495 2
20.375 9273 24 199 502 2
20.5 9270 25 197 506 2
20.625 9266 27 199 506 2
20.75 9266 24 197 511 2
20.875 9265 23 196 514 2
21 9260 28 191 519 2
21.125 9259 25 191 523 2
21.25 9257 26 186 529 2
21.375 9255 27 185 531 2
21.5 9255 25 185 533 2
21.625 9254 25 183 536 2
21.75 9252 23 187 536 2
21.875 9249 24 187 538 2
22 9249 23 183 543 2
22.125 9247 19 184 548 2
22.25 9246 19 181 552 2
22.375 9243 18 180 557 2
22.5 9242 17 177 562 2
22.625 9240 19 173 566 2
22.75 9240 17 172 569 2
22.875 9239 18 170 571 2
23 9237 18 171 572 2
23.125 9235 19 169 575 2
23.25 9234 20 166 577 3
23.375 9233 20 163 581 3
23.5 9232 20 163 582 3
23.625 9232 20 160 585 3
23.75 9231 20 156 590 3
23.875 9230 20 156 591 3
24 9229 19 151 598 3
24.125 9229 18 146 604 3
24.25 9228 19 142 608 3
24.375 9228 16 142 611 3
24.5 9227 15 142 613 3
24.625 9226 15 138 618 3
24.75 9226 14 137 620 3
24.875 9226 14 137 620 3
25 9224 15 134 624 3
25.125 9224 15 132 626 3
25.25 9224 15 130 628 3
25.375 9224 15 126 632 3
25.5 9224 14 125 634 3
25.625 9223 14 125 635 3
25.75 9223 14 123 637 3
25.875 9222 15 118 642 3
26 9221 16 115 645 3
26.125 9221 15 113 648 3
26.25 9221 15 110 651 3
26.375 9220 16 105 656 3
26.5 9220 16 104 657 3
26.625 9218 18 102 659 3
26.75 9218 17 101 661 3
26.875 9218 14 103 662 3
27 9218 13 102 664 3
27.125 9218 12 103 664 3
27.25 9217 11 104 665 3
27.375 9214 13 104 666 3
27.5 9214 11 102 670 3
27.625 9213 12 100 672 3
27.75 9212 11 101 673 3
27.875 9212 11 100 674 3
28 9212 11 98 676 3
28.125 9212 11 97 677 3
28.25 9212 11 94 680 3
28.375 9212 10 93 682 3
28.5 9210 12 89 686 3
28.625 9210 11 87 689 3
28.75 9210 11 84 692 3
28.875 9210 11 83 693 3
29 9210 11 82 693 4
29.125 9210 11 81 694 4
29.25 9210 10 82 694 4
29.375 9210 10 81 695 4
29.5 9210 9 81 696 4
29.625 9209 8 81 698 4
29.75 9209 7 79 701 4
29.875 9209 6 77 704 4
30 9209 6 77 704 4
30.125 9209 6 75 706 4
30.25 9209 5 76 706 4
30.375 9207 7 73 709 4
30.5 9207 6 73 710 4
30.625 9207 6 71 712 4
30.75 9207 6 71 712 4
30.875 9207 6 71 712 4
31 9207 6 69 714 4
31.125 9207 5 69 715 4
31.25 9207 3 69 717 4
31.375 9207 3 68 718 4
31.5 9206 4 68 718 4
31.625 9205 5 67 719 4
31.75 9205 5 67 719 4
31.875 9205 5 64 722 4
32 9205 5 62 724 4
32.125 9204 6 61 725 4
32.25 9204 5 62 725 4
32.375 9204 4 60 728 4
32.5 9204 4 57 731 4
32.625 9203 5 56 732 4
32.75 9203 4 56 733 4
32.875 9202 5 56 733 4
33 9202 5 54 735 4
33.125 9202 5 53 736 4
33.25 9202 3 52 739 4
33.375 9202 3 51 739 5
33.5 9202 2 51 740 5
33.625 9202 2 50 741 5
33.75 9202 2 49 742 5
33.875 9202 2 48 743 5
34 9202 2 47 744 5
34.125 9202 2 46 744 6
34.25 9201 2 47 744 6
34.375 9201 2 46 745 6
34.5 9201 2 45 746 6
34.625 9201 2 44 747 6
34.75 9201 2 43 748 6
34.875 9201 2 41 750 6
35 9201 2 40 751 6
35.125 9201 2 39 752 6
35.25 9201 1 38 754 6
35.375 9201 1 37 755 6
35.5 9201 1 37 755 6
35.625 9201 1 36 756 6
35.75 9200 1 34 759 6
35.875 9200 1 33 760 6
36 9200 1 33 760 6
36.125 9200 1 33 760 6
36.25 9200 1 32 761 6
36.375 9200 1 30 763 6
36.5 9200 0 31 763 6
36.625 9200 0 31 763 6
36.75 9200 0 30 764 6
36.875 9200 0 30 764 6
37 9200 0 29 765 6
37.125 9200 0 26 768 6
37.25 9200 0 25 769 6
37.375 9200 0 25 769 6
37.5 9200 0 24 770 6
37.625 9200 0 24 770 6
37.75 9200 0 24 770 6
37.875 9200 0 24 770 6
38 9200 0 24 770 6
38.125 9200 0 24 770 6
38.25 9200 0 24 770 6
38.375 9200 0 24 770 6
38.5 9200 0 23 771 6
38.625 9200 0 22 772 6
38.75 9200 0 22 772 6
38.875 9200 0 20 774 6
39 9200 0 19 775 6
39.125 9200 0 18 776 6
39.25 9200 0 18 776 6
39.375 9200 0 18 776 6
39.5 9200 0 17 777 6
39.625 9200 0 17 777 6
39.75 9200 0 16 778 6
39.875 9200 0 16 778 6
40 9200 0 15 779 6
40.125 9200 0 14 780 6
40.25 9200 0 13 781 6
40.375 9200 0 13 781 6
40.5 9200 0 13 781 6
40.625 9200 0 13 781 6
40.75 9200 0 12 782 6
40.875 9200 0 10 784 6
41 9200 0 10 784 6
41.125 9200 0 10 784 6
41.25 9200 0 10 784 6
41.375 9200 0 10 784 6
41.5 9200 0 10 784 6
41.625 9200 0 10 784 6
41.75 9200 0 10 784 6
41.875 9200 0 10 784 6
42 9200 0 10 784 6
42.125 9200 0 10 784 6
42.25 9200 0 9 785 6
42.375 9200 0 9 785 6
42.5 9200 0 9 785 6
42.625 9200 0 9 785 6
42.75 9200 0 9 785 6
42.875 9200 0 9 785 6
43 9200 0 9 785 6
43.125 9200 0 9 785 6
43.25 9200 0 9 785 6
43.375 9200 0 9 785 6
43.5 9200 0 9 785 6
43.625 9200 0 9 785 6
43.75 9200 0 9 785 6
43.875 9200 0 9 785 6
44 9200 0 9 785 6
44.125 9200 0 9 785 6
44.25 9200 0 9 785 6
44.375 9200 0 9 785 6
44.5 9200 0 9 785 6
44.625 9200 0 9 785 6
44.75 9200 0 9 785 6
44.875 9200 0 8 786 6
45 9199 1 8 786 6
45.125 9199 1 8 786 6
45.25 9199 1 7 787 6
45.375 9199 1 7 787 6
45.5 9199 1 7 787 6
45.625 9199 1 7 787 6
45.75 9199 1 7 787 6
45.875 9199 1 7 787 6
46 9199 1 6 788 6
46.125 9199 1 6 788 6
46.25 9199 1 6 788 6
46.375 9199 1 6 788 6
46.5 9199 1 6 788 6
46.625 9199 1 6 788 6
46.75 9199 1 6 788 6
46.875 9199 1 6 788 6
47 9198 2 6 788 6
47.125 9198 1 7 788 6
47.25 9198 1 7 788 6
47.375 9198 1 7 788 6
47.5 9198 1 7 788 6
47.625 9198 1 7 788 6
47.75 9198 1 7 788 6
47.875 9198 1 6 789 6
48 9198 1 6 789 6
48.125 9198 1 6 789 6
48.25 9198 1 5 790 6
48.375 9198 1 5 790 6
48.5 9198 1 5 790 6
48.625 9198 1 5 790 6
48.75 9198 1 5 790 6
48.875 9198 1 5 790 6
49 9198 1 5 790 6
49.125 9198 1 5 790 6
49.25 9198 1 5 790 6
49.375 9198 1 5 790 6
49.5 9198 1 4 791 6
49.625 9198 1 3 792 6
49.75 9198 1 3 792 6
49.875 9198 1 3 792 6
50 9198 1 3 792 6
50.125 9198 1 3 792 6
50.25 9198 1 3 792 6
50.375 9198 1 3 792 6
50.5 9198 1 3 792 6
50.625 9198 0 4 792 6
50.75 9198 0 4 792 6
50.875 9198 0 4 792 6
51 9198 0 4 792 6
51.125 9198 0 4 792 6
51.25 9198 0 4 792 6
51.375 9198 0 4 792 6
51.5 9198 0 4 792 6
51.625 9198 0 4 792 6
51.75 9198 0 4 792 6
51.875 9198 0 4 792 6
52 9198 0 3 793 6
52.125 9198 0 3 793 6
52.25 9198 0 3 793 6
52.375 9198 0 3 793 6
52.5 9198 0 2 794 6
52.625 9198 0 2 794 6
52.75 9198 0 2 794 6
52.875 9198 0 2 794 6
53 9198 0 2 794 6
53.125 9198 0 2 794 6
53.25 9198 0 2 794 6
53.375 9198 0 2 794 6
53.5 9198 0 2 794 6
53.625 9198 0 2 794 6
53.75 9198 0 2 794 6
53.875 9198 0 2 794 6
54 9198 0 1 795 6
54.125 9198 0 1 795 6
54.25 9198 0 1 795 6
54.375 9198 0 1 795 6
54.5 9198 0 1 795 6
54.625 9198 0 1 795 6
54.75 9198 0 1 795 6
54.875 9198 0 1 795 6
55 9198 0 1 795 6
55.125 9198 0 1 795 6
55.25 9198 0 1 795 6
55.375 9198 0 1 795 6
55.5 9198 0 1 795 6
55.625 9198 0 1 795 6
55.75 9198 0 1 795 6
55.875 9198 0 1 795 6
56 9198 0 1 795 6
56.125 9198 0 1 795 6
56.25 9198 0 1 795 6
56.375 9198 0 1 795 6
56.5 9198 0 1 795 6
56.625 9198 0 1 795 6
56.75 9198 0 1 795 6
56.875 9198 0 1 795 6
57 9198 0 1 795 6
57.125 9198 0 1 795 6
57.25 9198 0 1 795 6
57.375 9198 0 1 795 6
57.5 9198 0 1 795 6
57.625 9198 0 1 795 6
57.75 9198 0 1 795 6
57.875 9198 0 1 795 6
58 9198 0 1 795 6
58.125 9198 0 1 795 6
58.25 9198 0 1 795 6
58.375 9198 0 1 795 6
58.5 9198 0 1 795 6
58.625 9198 0 1 795 6
58.75 9198 0 1 795 6
58.875 9198 0 1 795 6
59 9198 0 1 795 6
59.125 9198 0 1 795 6
59.25 9198 0 1 795 6
59.375 9198 0 1 795 6
59.5 9198 0 1 795 6
59.625 9198 0 1 795 6
59.75 9198 0 1 795 6
59.875 9198 0 1 795 6
60 9198 0 1 795 6
60.125 9198 0 1 795 6
60.25 9198 0 1 795 6
60.375 9198 0 1 795 6
60.5 9198 0 1 795 6
60.625 9198 0 1 795 6
60.75 9198 0 1 795 6
60.875 9198 0 1 795 6
61 9198 0 1 795 6
61.125 9198 0 1 795 6
61.25 9198 0 1 795 6
61.375 9198 0 1 795 6
61.5 9198 0 1 795 6
61.625 9198 0 1 795 6
61.75 9198 0 1 795 6
61.875 9198 0 1 795 6
62 9198 0 1 795 6
62.125 9198 0 1 795 6
62.25 9198 0 1 795 6
62.375 9198 0 1 795 6
62.5 9198 0 1 795 6
62.625 9198 0 1 795 6
62.75 9198 0 1 795 6
62.875 9198 0 1 795 6
63 9198 0 1 795 6
63.125 9198 0 1 795 6
63.25 9198 0 1 795 6
63.375 9198 0 1 795 6
63.5 9198 0 1 795 6
63.625 9198 0 1 795 6
63.75 9198 0 1 795 6
63.875 9198 0 1 795 6
64 9198 0 0 796 6
