t S E I R D
0 9998 0 2 0 0
0.125 9998 0 2 0 0
0.25 9998 0 2 0 0
0.375 9997 1 2 0 0
0.5 9997 1 2 0 0
0.625 9997 1 2 0 0
0.75 9997 1 2 0 0
0.875 9997 1 2 0 0
1 9996 2 2 0 0
1.125 9996 2 2 0 0
1.25 9996 2 2 0 0
1.375 9996 2 2 0 0
1.5 9996 2 2 0 0
1.625 9996 2 2 0 0
1.75 9996 2 2 0 0
1.875 9996 2 2 0 0
2 9996 2 2 0 0
2.125 9996 1 3 0 0
2.25 9996 1 3 0 0
2.375 9995 2 3 0 0
2.5 9995 1 4 0 0
2.625 9995 1 4 0 0
2.75 9994 2 4 0 0
2.875 9994 2 4 0 0
3 9994 2 4 0 0
3.125 9994 2 4 0 0
3.25 9992 4 4 0 0
3.375 9991 4 5 0 0
3.5 9990 5 5 0 0
3.625 9990 5 5 0 0
3.75 9989 5 6 0 0
3.875 9988 6 6 0 0
4 9988 5 7 0 0
4.125 9988 5 7 0 0
4.25 9987 5 8 0 0
4.375 9986 6 8 0 0
4.5 9985 7 7 1 0
4.625 9985 6 8 1 0
4.75 9983 8 8 1 0
4.875 9983 8 8 1 0
5 9980 11 8 1 0
5.125 9979 12 8 1 0
5.25 9978 13 8 1 0
5.375 9977 13 9 1 0
5.5 9975 13 11 1 0
5.625 9971 17 11 1 0
5.75 9968 19 12 1 0
5.875 9968 19 11 2 0
6 9965 18 14 3 0
6.125 9958 24 13 5 0
6.25 9956 24 15 5 0
6.375 9950 28 17 5 0
6.5 9943 32 20 5 0
6.625 9940 33 20 7 0
6.75 9932 39 21 8 0
6.875 9929 40 23 8 0
7 9924 41 27 8 0
7.125 9918 42 31 9 0
7.25 9909 50 31 10 0
7.375 9900 55 35 10 0
7.5 9894 58 38 10 0
7.625 9884 66 39 11 0
7.75 9874 71 43 12 0
7.875 9863 76 49 12 0
8 9842 96 50 12 0
8.125 9827 107 53 13 0
8.25 9805 120 58 16 1
8.375 9801 117 65 16 1
8.5 9799 114 69 17 1
8.625 9797 110 73 19 1
8.75 9794 110 75 20 1
8.875 9791 109 77 22 1
9 9788 109 75 27 1
9.125 9785 105 80 29 1
9.25 9783 97 90 29 1
9.375 9782 90 96 31 1
9.5 9778 88 99 34 1
9.625 9774 85 105 35 1
9.75 9771 81 111 36 1
9.875 9768 80 114 37 1
10 9766 79 114 40 1
10.125 9763 78 117 41 1
10.25 9761 76 121 41 1
10.375 9760 69 129 41 1
10.5 9758 69 127 45 1
10.625 9755 65 132 47 1
10.75 9755 62 133 49 1
10.875 9755 58 134 52 1
11 9751 58 134 56 1
11.125 9748 57 135 59 1
11.25 9744 56 138 61 1
11.375 9737 58 142 62 1
11.5 9731 60 143 65 1
11.625 9725 62 146 66 1
11.75 9719 67 143 70 1
11.875 9715 70 137 77 1
12 9711 72 136 80 1
12.125 9710 71 135 83 1
12.25 9706 73 131 89 1
12.375 9700 71 137 91 1
12.5 9697 68 140 94 1
12.625 9693 68 141 97 1
12.75 9691 65 144 99 1
12.875 9686 64 150 99 1
13 9682 61 154 102 1
13.125 9679 58 158 104 1
13.25 9675 59 157 108 1
13.375 9670 62 157 110 1
13.5 9667 63 155 114 1
13.625 9662 65 156 116 1
13.75 9659 66 156 118 1
13.875 9654 67 156 122 1
14 9648 67 159 125 1
14.125 9644 66 161 128 1
14.25 9640 68 162 129 1
14.375 9634 68 167 130 1
14.5 9630 65 171 133 1
14.625 9626 67 172 134 1
14.75 9622 67 174 136 1
14.875 9613 69 177 140 1
15 9608 71 174 146 1
15.125 9604 71 174 149 2
15.25 9604 66 175 153 2
15.375 9602 67 174 155 2
15.5 9601 64 171 162 2
15.625 9599 61 173 165 2
15.75 9597 58 177 166 2
15.875 9595 59 174 170 2
16 9594 58 169 177 2
16.125 9594 55 165 184 2
16.25 9592 53 167 186 2
16.375 9592 51 166 189 2
16.5 9591 48 167 192 2
16.625 9587 48 168 195 2
16.75 9584 50 163 201 2
16.875 9581 51 162 204 2
17 9579 50 162 207 2
17.125 9577 50 163 208 2
17.25 9574 49 165 210 2
17.375 9571 50 166 211 2
17.5 9570 49 163 216 2
17.625 9568 50 158 222 2
17.75 9564 51 158 225 2
17.875 9562 50 158 228 2
18 9560 47 158 233 2
18.125 9556 48 157 237 2
18.25 9551 52 156 239 2
18.375 9548 54 156 240 2
18.5 9546 51 159 242 2
18.625 9543 49 163 243 2
18.75 9536 53 161 248 2
18.875 9533 55 158 252 2
19 9527 58 160 253 2
19.125 9522 57 163 255 3
19.25 9522 54 159 261 4
19.375 9519 54 159 264 4
19.5 9517 53 157 269 4
19.625 9515 53 158 270 4
19.75 9515 48 160 273 4
19.875 9514 47 159 276 4
20 9514 45 156 281 4
20.125 9511 46 157 282 4
20.25 9510 45 156 285 4
20.375 9510 45 155 286 4
20.5 9509 43 153 291 4
20.625 9509 41 153 293 4
20.75 9507 40 153 296 4
20.875 9507 35 153 301 4
21 9506 36 146 308 4
21.125 9504 36 147 309 4
21.25 9504 31 147 313 5
21.375 9504 28 147 316 5
21.5 9503 25 146 321 5
21.625 9503 25 142 325 5
21.75 9502 25 141 327 5
21.875 9502 23 138 332 5
22 9501 24 135 335 5
22.125 9498 25 133 339 5
22.25 9497 25 124 349 5
22.375 9495 25 123 352 5
22.5 9494 26 122 353 5
22.625 9493 27 119 356 5
22.75 9493 25 119 358 5
22.875 9493 24 116 362 5
23 9493 22 116 364 5
23.125 9491 20 119 365 5
23.25 9490 20 118 367 5
23.375 9490 20 118 367 5
23.5 9490 18 114 373 5
23.625 9490 16 110 379 5
23.75 9489 17 108 381 5
23.875 9489 14 107 385 5
24 9486 13 109 387 5
24.125 9485 13 107 389 6
24.25 9485 12 105 392 6
24.375 9485 12 103 394 6
24.5 9485 11 100 398 6
24.625 9484 11 99 400 6
24.75 9484 9 97 404 6
24.875 9484 8 95 407 6
25 9484 7 91 412 6
25.125 9483 8 87 416 6
25.25 9483 8 84 419 6
25.375 9483 5 84 422 6
25.5 9482 4 85 423 6
25.625 9482 4 83 425 6
25.75 9482 4 83 425 6
25.875 9482 4 83 425 6
26 9482 4 83 425 6
26.125 9482 3 81 428 6
26.25 9481 4 79 430 6
26.375 9479 6 77 432 6
26.5 9479 5 77 433 6
26.625 9478 6 76 434 6
26.75 9478 6 74 436 6
26.875 9478 5 73 437 7
27 9478 5 72 438 7
27.125 9477 6 72 438 7
27.25 9476 7 72 438 7
27.375 9475 8 72 438 7
27.5 9475 6 72 440 7
27.625 9475 6 70 442 7
27.75 9474 6 69 444 7
27.875 9474 6 68 445 7
28 9474 6 68 445 7
28.125 9473 7 64 449 7
28.25 9473 6 64 450 7
28.375 9473 6 63 451 7
28.5 9473 6 63 451 7
28.625 9473 6 60 454 7
28.75 9473 6 57 457 7
28.875 9473 5 56 459 7
29 9473 5 55 460 7
29.125 9473 5 52 463 7
29.25 9472 6 51 464 7
29.375 9472 4 52 465 7
29.5 9472 4 49 468 7
29.625 9472 4 49 468 7
29.75 9472 3 49 469 7
29.875 9471 4 49 469 7
30 9471 4 48 470 7
30.125 9471 4 47 471 7
30.25 9471 4 47 471 7
30.375 9471 4 47 471 7
30.5 9471 4 46 472 7
30.625 9471 4 45 473 7
30.75 9470 4 46 473 7
30.875 9470 4 44 475 7
31 9470 4 42 477 7
31.125 9470 4 41 478 7
31.25 9470 3 42 478 7
31.375 9470 2 42 479 7
31.5 9470 2 41 480 7
31.625 9470 2 40 481 7
31.75 9470 2 38 483 7
31.875 9470 2 37 484 7
32 9470 2 36 485 7
32.125 9470 2 36 485 7
32.25 9469 3 35 486 7
32.375 9469 3 35 486 7
32.5 9468 4 35 486 7
32.625 9468 4 35 486 7
32.75 9468 4 34 487 7
32.875 9468 4 33 488 7
33 9468 4 30 491 7
33.125 9468 4 27 494 7
33.25 9468 4 26 495 7
33.375 9468 4 26 495 7
33.5 9468 3 27 495 7
33.625 9468 3 27 495 7
33.75 9468 3 27 495 7
33.875 9468 3 26 496 7
34 9468 3 25 497 7
34.125 9468 3 25 497 7
34.25 9468 3 25 497 7
34.375 9468 3 25 497 7
34.5 9468 3 25 497 7
34.625 9467 4 25 497 7
34.75 9467 4 25 497 7
34.875 9467 4 24 498 7
35 9467 3 25 498 7
35.125 9467 3 25 498 7
35.25 9467 3 21 502 7
35.375 9467 3 21 502 7
35.5 9467 3 20 503 7
35.625 9467 3 20 503 7
35.75 9467 3 19 504 7
35.875 9467 3 17 506 7
36 9467 3 17 506 7
36.125 9467 3 17 506 7
36.25 9467 3 17 506 7
36.375 9467 3 17 506 7
36.5 9467 3 17 506 7
36.625 9467 2 17 507 7
36.75 9467 2 17 507 7
36.875 9467 2 17 507 7
37 9466 3 17 507 7
37.125 9466 3 16 508 7
37.25 9466 3 16 508 7
37.375 9466 2 17 508 7
37.5 9466 2 17 508 7
37.625 9466 2 17 508 7
37.75 9466 1 17 509 7
37.875 9466 1 17 509 7
38 9466 1 16 510 7
38.125 9466 1 15 511 7
38.25 9466 1 15 511 7
38.375 9466 1 15 511 7
38.5 9466 1 15 511 7
38.625 9466 1 15 511 7
38.75 9466 1 14 512 7
38.875 9466 1 14 512 7
39 9466 1 14 512 7
39.125 9466 1 14 512 7
39.25 9466 1 14 512 7
39.375 9466 1 14 512 7
39.5 9466 1 14 512 7
39.625 9466 1 14 512 7
39.75 9466 1 14 512 7
39.875 9466 1 14 512 7
40 9466 1 14 512 7
40.125 9466 1 14 512 7
40.25 9466 1 13 513 7
40.375 9466 1 11 515 7
40.5 9466 1 11 515 7
40.625 9466 1 11 515 7
40.75 9466 1 11 515 7
40.875 9466 1 11 515 7
41 9466 1 11 515 7
41.125 9466 1 10 516 7
41.25 9466 1 10 516 7
41.375 9466 1 10 516 7
41.5 9466 1 10 516 7
41.625 9466 0 11 516 7
41.75 9466 0 11 516 7
41.875 9466 0 11 516 7
42 9466 0 11 516 7
42.125 9466 0 10 517 7
42.25 9466 0 10 517 7
42.375 9466 0 10 517 7
42.5 9466 0 10 517 7
42.625 9466 0 10 517 7
42.75 9466 0 10 517 7
42.875 9466 0 10 517 7
43 9466 0 10 517 7
43.125 9466 0 10 517 7
43.25 9466 0 10 517 7
43.375 9466 0 8 519 7
43.5 9466 0 8 519 7
43.625 9466 0 8 519 7
43.75 9466 0 8 519 7
43.875 9466 0 8 519 7
44 9466 0 8 519 7
44.125 9466 0 8 519 7
44.25 9466 0 8 519 7
44.375 9466 0 7 520 7
44.5 9466 0 7 520 7
44.625 9466 0 7 520 7
44.75 9466 0 6 521 7
44.875 9466 0 6 521 7
45 9466 0 6 521 7
45.125 9466 0 6 521 7
45.25 9466 0 6 521 7
45.375 9466 0 6 521 7
45.5 9466 0 6 521 7
45.625 9466 0 5 522 7
45.75 9466 0 5 522 7
45.875 9466 0 5 522 7
46 9466 0 5 522 7
46.125 9466 0 5 522 7
46.25 9466 0 5 522 7
46.375 9466 0 5 522 7
46.5 9466 0 5 522 7
46.625 9466 0 5 522 7
46.75 9466 0 5 522 7
46.875 9466 0 5 522 7
47 9466 0 5 522 7
47.125 9466 0 5 522 7
47.25 9466 0 5 522 7
47.375 9466 0 5 522 7
47.5 9466 0 5 522 7
47.625 9466 0 4 523 7
47.75 9466 0 4 523 7
47.875 9466 0 4 523 7
48 9466 0 4 523 7
48.125 9466 0 4 523 7
48.25 9466 0 4 523 7
48.375 9466 0 3 524 7
48.5 9466 0 3 524 7
48.625 9466 0 3 524 7
48.75 9466 0 3 524 7
48.875 9466 0 3 524 7
49 9466 0 3 524 7
49.125 9466 0 3 524 7
49.25 9466 0 3 524 7
49.375 9466 0 3 524 7
49.5 9466 0 3 524 7
49.625 9466 0 3 524 7
49.75 9466 0 3 524 7
49.875 9466 0 3 524 7
50 9465 1 3 524 7
50.125 9465 1 3 524 7
50.25 9465 1 3 524 7
50.375 9465 1 3 524 7
50.5 9465 1 3 524 7
50.625 9465 1 3 524 7
50.75 9465 1 3 524 7
50.875 9465 1 3 524 7
51 9465 1 3 524 7
51.125 9465 1 3 524 7
51.25 9465 1 3 524 7
51.375 9465 1 3 524 7
51.5 9465 1 3 524 7
51.625 9465 1 3 524 7
51.75 9465 1 3 524 7
51.875 9465 1 2 525 7
52 9465 1 1 526 7
52.125 9465 1 1 526 7
52.25 9465 1 1 526 7
52.375 9465 1 1 526 7
52.5 9465 1 1 526 7
52.625 9465 1 1 526 7
52.75 9465 1 1 526 7
52.875 9465 1 1 526 7
53 9465 1 1 526 7
53.125 9465 1 1 526 7
53.25 9465 1 1 526 7
53.375 9465 1 1 526 7
53.5 9465 1 1 526 7
53.625 9465 1 1 526 7
53.75 9465 1 1 526 7
53.875 9465 1 1 526 7
54 9465 1 1 526 7
54.125 9465 1 1 526 7
54.25 9465 1 0 527 7
54.375 9465 1 0 527 7
54.5 9465 1 0 527 7
54.625 9465 1 0 527 7
54.75 9465 1 0 527 7
54.875 9465 1 0 527 7
55 9465 1 0 527 7
55.125 9465 1 0 527 7
55.25 9465 1 0 527 7
55.375 9465 1 0 527 7
55.5 9465 0 1 527 7
55.625 9465 0 1 527 7
55.75 9465 0 1 527 7
55.875 9465 0 1 527 7
56 9465 0 1 527 7
56.125 9465 0 1 527 7
56.25 9465 0 1 527 7
56.375 9465 0 1 527 7
56.5 9465 0 1 527 7
56.625 9465 0 1 527 7
56.75 9465 0 1 527 7
56.875 9465 0 1 527 7
57 9465 0 1 527 7
57.125 9465 0 1 527 7
57.25 9465 0 1 527 7
57.375 9465 0 1 527 7
57.5 9465 0 1 527 7
57.625 9465 0 1 527 7
57.75 9465 0 1 527 7
57.875 9465 0 1 527 7
58 9465 0 1 527 7
58.125 9465 0 1 527 7
58.25 9465 0 1 527 7
58.375 9465 0 1 527 7
58.5 9465 0 1 527 7
58.625 9465 0 1 527 7
58.75 9465 0 1 527 7
58.875 9465 0 1 527 7
59 9465 0 1 527 7
59.125 9465 0 1 527 7
59.25 9465 0 1 527 7
59.375 9465 0 1 527 7
59.5 9465 0 1 527 7
59.625 9465 0 1 527 7
59.75 9465 0 1 527 7
59.875 9465 0 1 527 7
60 9465 0 1 527 7
60.125 9465 0 1 527 7
60.25 9465 0 1 527 7
60.375 9465 0 1 527 7
60.5 9465 0 1 527 7
60.625 9465 0 1 527 7
60.75 9465 0 1 527 7
60.875 9465 0 1 527 7
61 9465 0 1 527 7
61.125 9465 0 1 527 7
61.25 9465 0 1 527 7
61.375 9465 0 1 527 7
61.5 9465 0 1 527 7
61.625 9465 0 1 527 7
61.75 9465 0 1 527 7
61.875 9465 0 1 527 7
62 9465 0 1 527 7
62.125 9465 0 1 527 7
62.25 9465 0 1 527 7
62.375 9465 0 1 527 7
62.5 9465 0 1 527 7
62.625 9465 0 1 527 7
62.75 9465 0 1 527 7
62.875 9465 0 1 527 7
63 9465 0 1 527 7
63.125 9465 0 1 527 7
63.25 9465 0 1 527 7
63.375 9465 0 1 527 7
63.5 9465 0 1 527 7
63.625 9465 0 1 527 7
63.75 9465 0 1 527 7
63.875 9465 0 1 527 7
64 9465 0 1 527 7
64.125 9465 0 1 527 7
64.25 9465 0 1 527 7
64.375 9465 0 1 527 7
64.5 9465 0 1 527 7
64.625 9465 0 1 527 7
64.75 9465 0 1 527 7
64.875 9465 0 1 527 7
65 9465 0 1 527 7
65.125 9465 0 1 527 7
65.25 9465 0 1 527 7
65.375 9465 0 1 527 7
65.5 9465 0 1 527 7
65.625 9465 0 1 527 7
65.75 9465 0 1 527 7
65.875 9465 0 1 527 7
66 9465 0 1 527 7
66.125 9465 0 1 527 7
66.25 9465 0 1 527 7
66.375 9465 0 1 527 7
66.5 9465 0 0 528 7
