t S E I R D
0 9998 0 2 0 0
0.125 9997 1 2 0 0
0.25 9997 1 2 0 0
0.375 9997 1 2 0 0
0.5 9997 1 2 0 0
0.625 9997 1 2 0 0
0.75 9997 1 2 0 0
0.875 9996 2 2 0 0
1 9996 2 2 0 0
1.125 9996 2 2 0 0
1.25 9996 2 2 0 0
1.375 9996 1 3 0 0
1.5 9995 2 3 0 0
1.625 9995 2 3 0 0
1.75 9995 2 3 0 0
1.875 9995 2 2 1 0
2 9995 1 3 1 0
2.125 9987 9 3 1 0
2.25 9985 11 3 1 0
2.375 9981 15 3 1 0
2.5 9976 19 4 1 0
2.625 9972 19 8 1 0
2.75 9967 22 10 1 0
2.875 9960 29 10 1 0
3 9948 39 12 1 0
3.125 9940 44 14 2 0
3.25 9932 50 16 2 0
3.375 9921 57 20 2 0
3.5 9915 58 25 2 0
3.625 9912 58 27 3 0
3.75 9902 63 32 3 0
3.875 9897 64 36 3 0
4 9888 71 36 5 0
4.125 9880 76 38 6 0
4.25 9873 75 45 7 0
4.375 9860 83 49 8 0
4.5 9852 86 53 9 0
4.625 9847 85 58 10 0
4.75 9836 93 60 11 0
4.875 9826 99 64 11 0
5 9817 102 70 11 0
5.125 9806 109 73 12 0
5.25 9796 112 78 14 0
5.375 9780 119 83 18 0
5.5 9761 131 90 18 0
5.625 9743 139 98 20 0
5.75 9730 143 105 22 0
5.875 9705 153 117 25 0
6 9690 161 122 27 0
6.125 9667 177 129 27 0
6.25 9644 188 137 31 0
6.375 9620 203 142 35 0
6.5 9590 216 157 37 0
6.625 9561 230 168 41 0
6.75 9533 248 176 43 0
6.875 9499 266 187 48 0
7 9465 285 199 51 0
7.125 9427 307 213 53 0
7.25 9390 327 225 57 1
7.375 9354 342 240 63 1
7.5 9320 353 257 69 1
7.625 9294 352 277 76 1
7.75 9254 370 289 86 1
7.875 9220 380 307 92 1
8 9182 396 321 100 1
8.125 9138 409 344 108 1
8.25 9098 422 366 113 1
8.375 9055 444 382 117 2
8.5 9017 460 394 127 2
8.625 8982 468 414 134 2
8.75 8949 478 428 143 2
8.875 8925 475 449 149 2
9 8891 485 467 155 2
9.125 8865 481 489 163 2
9.25 8845 466 516 171 2
9.375 8818 465 535 180 2
9.5 8796 460 556 186 2
9.625 8766 457 581 193 3
9.75 8733 467 590 207 3
9.875 8719 448 608 222 3
10 8697 439 628 233 3
10.125 8682 430 640 245 3
10.25 8662 423 653 259 3
10.375 8645 421 657 274 3
10.5 8628 416 669 284 3
10.625 8618 401 671 307 3
10.75 8606 384 685 322 3
10.875 8588 373 698 338 3
11 8573 353 715 356 3
11.125 8553 349 719 376 3
11.25 8544 332 735 386 3
11.375 8533 320 742 401 4
11.5 8520 311 739 426 4
11.625 8513 294 749 440 4
11.75 8499 291 750 456 4
11.875 8492 279 757 468 4
12 8485 270 755 486 4
12.125 8473 266 750 507 4
12.25 8463 259 755 518 5
12.375 8453 245 760 537 5
12.5 8447 235 758 555 5
12.625 8440 233 759 563 5
12.75 8428 222 758 587 5
12.875 8421 213 758 603 5
13 8412 210 753 620 5
13.125 8407 199 749 640 5
13.25 8396 200 737 662 5
13.375 8391 192 738 674 5
13.5 8384 185 734 692 5
13.625 8378 181 725 711 5
13.75 8372 172 720 730 6
13.875 8369 163 715 746 7
14 8367 150 712 764 7
14.125 8361 148 711 772 8
14.25 8353 147 700 792 8
14.375 8347 141 692 812 8
14.5 8343 134 688 827 8
14.625 8341 130 686 835 8
14.75 8336 128 672 856 8
14.875 8336 116 674 866 8
15 8332 110 673 877 8
15.125 8329 107 669 887 8
15.25 8324 107 659 901 9
15.375 8323 104 641 923 9
15.5 8319 99 643 929 10
15.625 8314 100 633 943 10
15.75 8309 98 627 956 10
15.875 8309 92 620 969 10
16 8301 96 612 981 10
16.125 8297 94 600 999 10
16.25 8296 85 604 1005 10
16.375 8293 78 593 1026 10
16.5 8292 70 595 1033 10
16.625 8290 66 592 1042 10
16.75 8286 66 587 1051 10
16.875 8284 61 584 1061 10
17 8281 58 575 1076 10
17.125 8280 58 570 1082 10
17.25 8279 55 564 1092 10
17.375 8278 54 556 1102 10
17.5 8276 51 550 1113 10
17.625 8274 48 547 1121 10
17.75 8273 46 544 1127 10
17.875 8271 42 540 1137 10
18 8269 41 528 1152 10
18.125 8269 39 517 1165 10
18.25 8266 39 501 1184 10
18.375 8266 38 494 1192 10
18.5 8263 39 487 1201 10
18.625 8263 39 479 1209 10
18.75 8261 38 472 1219 10
18.875 8257 40 467 1226 10
19 8256 40 460 1234 10
19.125 8256 34 454 1246 10
19.25 8254 34 446 1256 10
19.375 8253 34 440 1263 10
19.5 8253 32 430 1275 10
19.625 8253 31 425 1281 10
19.75 8251 31 421 1287 10
19.875 8250 31 410 1299 10
20 8249 31 407 1303 10
20.125 8248 31 398 1313 10
20.25 8248 29 391 1321 11
20.375 8246 30 386 1327 11
20.5 8246 28 376 1339 11
20.625 8243 27 375 1344 11
20.75 8242 26 372 1349 11
20.875 8242 26 364 1357 11
21 8242 23 359 1365 11
21.125 8242 20 356 1371 11
21.25 8242 19 356 1372 11
21.375 8241 19 350 1379 11
21.5 8241 18 337 1393 11
21.625 8241 18 327 1403 11
21.75 8240 19 321 1409 11
21.875 8240 16 316 1416 12
22 8240 15 312 1421 12
22.125 8240 15 303 1430 12
22.25 8240 14 296 1438 12
22.375 8239 15 289 1445 12
22.5 8238 16 282 1452 12
22.625 8236 17 275 1460 12
22.75 8233 20 273 1462 12
22.875 8232 21 265 1470 12
23 8232 19 263 1474 12
23.125 8232 18 259 1479 12
23.25 8230 20 257 1481 12
23.375 8230 20 251 1486 13
23.5 8228 21 244 1494 13
23.625 8227 21 243 1496 13
23.75 8226 21 235 1505 13
23.875 8226 18 233 1510 13
24 8226 17 232 1512 13
24.125 8226 15 231 1515 13
24.25 8226 15 229 1517 13
24.375 8226 15 221 1524 14
24.5 8226 15 218 1527 14
24.625 8225 16 214 1531 14
24.75 8225 15 206 1540 14
24.875 8225 12 206 1543 14
25 8225 11 205 1545 14
25.125 8223 12 205 1546 14
25.25 8223 11 201 1551 14
25.375 8223 11 198 1554 14
25.5 8222 11 196 1557 14
25.625 8222 11 188 1565 14
25.75 8222 10 184 1570 14
25.875 8222 10 181 1573 14
26 8222 9 179 1576 14
26.125 8221 9 179 1577 14
26.25 8220 10 175 1581 14
26.375 8220 9 172 1585 14
26.5 8220 8 167 1591 14
26.625 8219 8 166 1592 15
26.75 8219 8 165 1593 15
26.875 8219 8 158 1600 15
27 8219 7 154 1605 15
27.125 8219 7 152 1607 15
27.25 8218 7 145 1615 15
27.375 8218 7 141 1619 15
27.5 8218 7 138 1622 15
27.625 8218 7 134 1626 15
27.75 8218 7 131 1628 16
27.875 8218 7 128 1631 16
28 8218 7 128 1631 16
28.125 8218 7 127 1632 16
28.25 8217 8 123 1636 16
28.375 8217 8 116 1643 16
28.5 8217 8 114 1645 16
28.625 8217 8 111 1648 16
28.75 8217 8 109 1650 16
28.875 8217 8 107 1652 16
29 8217 6 106 1655 16
29.125 8217 3 102 1662 16
29.25 8217 2 101 1664 16
29.375 8217 2 99 1666 16
29.5 8217 2 99 1666 16
29.625 8217 2 99 1666 16
29.75 8217 2 97 1668 16
29.875 8217 2 94 1671 16
30 8217 2 93 1672 16
30.125 8217 2 92 1673 16
30.25 8217 2 92 1673 16
30.375 8217 1 93 1673 16
30.5 8217 1 92 1674 16
30.625 8217 1 90 1676 16
30.75 8217 1 88 1678 16
30.875 8217 1 87 1679 16
31 8217 1 84 1682 16
31.125 8217 1 84 1682 16
31.25 8216 2 81 1685 16
31.375 8216 2 80 1686 16
31.5 8216 2 79 1687 16
31.625 8216 2 77 1688 17
31.75 8216 2 76 1689 17
31.875 8216 2 73 1691 18
32 8216 2 72 1692 18
32.125 8216 2 71 1693 18
32.25 8216 2 69 1694 19
32.375 8216 1 69 1695 19
32.5 8216 0 67 1698 19
32.625 8216 0 66 1699 19
32.75 8216 0 65 1700 19
32.875 8216 0 63 1702 19
33 8216 0 62 1703 19
33.125 8216 0 60 1705 19
33.25 8216 0 60 1705 19
33.375 8216 0 59 1706 19
33.5 8216 0 58 1707 19
33.625 8215 1 55 1710 19
33.75 8215 1 52 1713 19
33.875 8215 1 52 1713 19
34 8215 1 52 1713 19
34.125 8215 0 52 1714 19
34.25 8215 0 51 1715 19
34.375 8215 0 49 1717 19
34.5 8215 0 48 1718 19
34.625 8215 0 48 1718 19
34.75 8215 0 48 1718 19
34.875 8215 0 48 1718 19
35 8215 0 47 1719 19
35.125 8215 0 47 1719 19
35.25 8215 0 45 1721 19
35.375 8215 0 45 1721 19
35.5 8215 0 43 1723 19
35.625 8215 0 42 1724 19
35.75 8215 0 42 1724 19
35.875 8215 0 42 1724 19
36 8215 0 41 1725 19
36.125 8215 0 41 1725 19
36.25 8215 0 41 1725 19
36.375 8215 0 39 1727 19
36.5 8215 0 38 1728 19
36.625 8215 0 38 1728 19
36.75 8215 0 37 1729 19
36.875 8215 0 37 1729 19
37 8215 0 37 1729 19
37.125 8215 0 37 1729 19
37.25 8215 0 37 1729 19
37.375 8215 0 37 1729 19
37.5 8215 0 34 1732 19
37.625 8215 0 34 1732 19
37.75 8215 0 34 1732 19
37.875 8215 0 33 1733 19
38 8215 0 32 1734 19
38.125 8215 0 31 1735 19
38.25 8215 0 28 1738 19
38.375 8215 0 26 1740 19
38.5 8215 0 25 1741 19
38.625 8215 0 25 1741 19
38.75 8215 0 25 1741 19
38.875 8215 0 23 1743 19
39 8215 0 22 1744 19
39.125 8215 0 22 1744 19
39.25 8214 1 22 1744 19
39.375 8214 1 22 1744 19
39.5 8214 1 22 1744 19
39.625 8214 1 22 1744 19
39.75 8214 1 21 1745 19
39.875 8214 1 20 1746 19
40 8214 1 20 1746 19
40.125 8214 1 20 1746 19
40.25 8214 1 19 1747 19
40.375 8214 1 19 1747 19
40.5 8214 1 18 1748 19
40.625 8214 1 17 1749 19
40.75 8214 1 17 1749 19
40.875 8214 1 17 1749 19
41 8214 1 17 1749 19
41.125 8214 1 17 1749 19
41.25 8214 1 17 1749 19
41.375 8214 1 16 1750 19
41.5 8214 1 16 1750 19
41.625 8214 1 16 1750 19
41.75 8214 1 16 1750 19
41.875 8214 1 16 1750 19
42 8214 0 17 1750 19
42.125 8214 0 16 1751 19
42.25 8214 0 16 1751 19
42.375 8214 0 16 1751 19
42.5 8214 0 16 1751 19
42.625 8214 0 16 1751 19
42.75 8214 0 16 1751 19
42.875 8214 0 15 1752 19
43 8214 0 15 1752 19
43.125 8214 0 13 1754 19
43.25 8214 0 13 1754 19
43.375 8214 0 13 1754 19
43.5 8214 0 13 1754 19
43.625 8214 0 13 1754 19
43.75 8214 0 12 1755 19
43.875 8214 0 12 1755 19
44 8214 0 12 1755 19
44.125 8214 0 12 1755 19
44.25 8214 0 12 1755 19
44.375 8214 0 11 1756 19
44.5 8214 0 11 1756 19
44.625 8214 0 11 1756 19
44.75 8214 0 11 1756 19
44.875 8214 0 11 1756 19
45 8214 0 11 1756 19
45.125 8214 0 11 1756 19
45.25 8214 0 11 1756 19
45.375 8214 0 11 1756 19
45.5 8214 0 11 1756 19
45.625 8214 0 11 1756 19
45.75 8214 0 11 1756 19
45.875 8214 0 11 1756 19
46 8214 0 10 1757 19
46.125 8214 0 10 1757 19
46.25 8214 0 10 1757 19
46.375 8214 0 10 1757 19
46.5 8214 0 10 1757 19
46.625 8214 0 10 1757 19
46.75 8214 0 9 1758 19
46.875 8214 0 9 1758 19
47 8214 0 9 1758 19
47.125 8214 0 9 1758 19
47.25 8214 0 9 1758 19
47.375 8214 0 9 1758 19
47.5 8214 0 9 1758 19
47.625 8214 0 9 1758 19
47.75 8214 0 9 1758 19
47.875 8214 0 9 1758 19
48 8214 0 9 1758 19
48.125 8214 0 9 1758 19
48.25 8214 0 9 1758 19
48.375 8214 0 9 1758 19
48.5 8214 0 9 1758 19
48.625 8214 0 9 1758 19
48.75 8214 0 9 1758 19
48.875 8214 0 9 1758 19
49 8214 0 9 1758 19
49.125 8214 0 9 1758 19
49.25 8214 0 9 1758 19
49.375 8214 0 8 1759 19
49.5 8214 0 8 1759 19
49.625 8214 0 8 1759 19
49.75 8214 0 8 1759 19
49.875 8214 0 8 1759 19
50 8214 0 7 1760 19
50.125 8214 0 6 1761 19
50.25 8214 0 6 1761 19
50.375 8214 0 6 1761 19
50.5 8214 0 6 1761 19
50.625 8214 0 6 1761 19
50.75 8214 0 6 1761 19
50.875 8214 0 6 1761 19
51 8214 0 6 1761 19
51.125 8214 0 6 1761 19
51.25 8214 0 6 1761 19
51.375 8214 0 6 1761 19
51.5 8214 0 6 1761 19
51.625 8214 0 6 1761 19
51.75 8214 0 6 1761 19
51.875 8214 0 6 1761 19
52 8214 0 6 1761 19
52.125 8214 0 6 1761 19
52.25 8214 0 6 1761 19
52.375 8214 0 6 1761 19
52.5 8214 0 6 1761 19
52.625 8214 0 5 1762 19
52.75 8214 0 5 1762 19
52.875 8214 0 5 1762 19
53 8214 0 5 1762 19
53.125 8214 0 5 1762 19
53.25 8214 0 5 1762 19
53.375 8214 0 5 1762 19
53.5 8214 0 5 1762 19
53.625 8214 0 5 1762 19
53.75 8214 0 5 1762 19
53.875 8214 0 5 1762 19
54 8214 0 5 1762 19
54.125 8214 0 5 1762 19
54.25 8214 0 5 1762 19
54.375 8214 0 5 1762 19
54.5 8214 0 5 1762 19
54.625 8214 0 5 1762 19
54.75 8214 0 5 1762 19
54.875 8214 0 5 1762 19
55 8214 0 5 1762 19
55.125 8214 0 5 1762 19
55.25 8214 0 5 1762 19
55.375 8214 0 5 1762 19
55.5 8214 0 5 1762 19
55.625 8214 0 5 1762 19
55.75 8214 0 5 1762 19
55.875 8214 0 5 1762 19
56 8214 0 5 1762 19
56.125 8214 0 5 1762 19
56.25 8214 0 5 1762 19
56.375 8214 0 5 1762 19
56.5 8214 0 5 1762 19
56.625 8214 0 4 1763 19
56.75 8214 0 4 1763 19
56.875 8214 0 4 1763 19
57 8214 0 4 1763 19
57.125 8214 0 4 1763 19
57.25 8214 0 4 1763 19
57.375 8214 0 4 1763 19
57.5 8214 0 4 1763 19
57.625 8214 0 4 1763 19
57.75 8214 0 3 1764 19
57.875 8214 0 3 1764 19
58 8214 0 3 1764 19
58.125 8214 0 3 1764 19
58.25 8214 0 3 1764 19
58.375 8214 0 3 1764 19
58.5 8214 0 3 1764 19
58.625 8214 0 3 1764 19
58.75 8214 0 3 1764 19
58.875 8214 0 3 1764 19
59 8214 0 3 1764 19
59.125 8214 0 3 1764 19
59.25 8214 0 3 1764 19
59.375 8214 0 3 1764 19
59.5 8214 0 3 1764 19
59.625 8214 0 3 1764 19
59.75 8214 0 3 1764 19
59.875 8214 0 3 1764 19
60 8214 0 3 1764 19
60.125 8214 0 3 1764 19
60.25 8214 0 3 1764 19
60.375 8214 0 3 1764 19
60.5 8214 0 3 1764 19
60.625 8214 0 3 1764 19
60.75 8214 0 3 1764 19
60.875 8214 0 3 1764 19
61 8214 0 3 1764 19
61.125 8214 0 3 1764 19
61.25 8214 0 3 1764 19
61.375 8214 0 3 1764 19
61.5 8214 0 3 1764 19
61.625 8214 0 3 1764 19
61.75 8214 0 3 1764 19
61.875 8214 0 3 1764 19
62 8214 0 3 1764 19
62.125 8214 0 3 1764 19
62.25 8214 0 3 1764 19
62.375 8214 0 3 1764 19
62.5 8214 0 3 1764 19
62.625 8214 0 3 1764 19
62.75 8214 0 3 1764 19
62.875 8214 0 3 1764 19
63 8214 0 3 1764 19
63.125 8214 0 3 1764 19
63.25 8214 0 3 1764 19
63.375 8214 0 3 1764 19
63.5 8214 0 3 1764 19
63.625 8213 1 3 1764 19
63.75 8213 1 3 1764 19
63.875 8213 1 3 1764 19
64 8213 1 3 1764 19
64.125 8213 1 3 1764 19
64.25 8213 1 3 1764 19
64.375 8213 1 3 1764 19
64.5 8213 1 3 1764 19
64.625 8213 1 3 1764 19
64.75 8213 1 3 1764 19
64.875 8213 1 3 1764 19
65 8213 1 3 1764 19
65.125 8213 1 3 1764 19
65.25 8213 1 3 1764 19
65.375 8213 1 3 1764 19
65.5 8213 1 3 1764 19
65.625 8213 1 3 1764 19
65.75 8213 1 3 1764 19
65.875 8213 1 3 1764 19
66 8213 1 3 1764 19
66.125 8213 1 3 1764 19
66.25 8213 1 3 1764 19
66.375 8213 1 2 1765 19
66.5 8213 1 2 1765 19
66.625 8213 1 2 1765 19
66.75 8213 1 2 1765 19
66.875 8213 1 2 1765 19
67 8213 1 2 1765 19
67.125 8213 1 2 1765 19
67.25 8213 1 2 1765 19
67.375 8213 0 3 1765 19
67.5 8213 0 3 1765 19
67.625 8213 0 3 1765 19
67.75 8213 0 1 1767 19
67.875 8213 0 1 1767 19
68 8213 0 1 1767 19
68.125 8213 0 1 1767 19
68.25 8213 0 1 1767 19
68.375 8213 0 1 1767 19
68.5 8213 0 1 1767 19
68.625 8213 0 1 1767 19
68.75 8213 0 1 1767 19
68.875 8213 0 1 1767 19
69 8213 0 1 1767 19
69.125 8213 0 1 1767 19
69.25 8213 0 1 1767 19
69.375 8213 0 1 1767 19
69.5 8213 0 1 1767 19
69.625 8213 0 1 1767 19
69.75 8213 0 1 1767 19
69.875 8213 0 1 1767 19
70 8213 0 1 1767 19
70.125 8213 0 1 1767 19
70.25 8213 0 1 1767 19
70.375 8213 0 1 1767 19
70.5 8213 0 1 1767 19
70.625 8213 0 1 1767 19
70.75 8213 0 1 1767 19
70.875 8213 0 1 1767 19
71 8213 0 1 1767 19
71.125 8213 0 1 1767 19
71.25 8213 0 1 1767 19
71.375 8213 0 1 1767 19
71.5 8213 0 1 1767 19
71.625 8213 0 1 1767 19
71.75 8213 0 1 1767 19
71.875 8213 0 1 1767 19
72 8213 0 1 1767 19
72.125 8213 0 1 1767 19
72.25 8213 0 1 1767 19
72.375 8213 0 1 1767 19
72.5 8213 0 1 1767 19
72.625 8213 0 1 1767 19
72.75 8213 0 1 1767 19
72.875 8213 0 1 1767 19
73 8213 0 1 1767 19
73.125 8213 0 1 1767 19
73.25 8213 0 1 1767 19
73.375 8213 0 1 1767 19
73.5 8213 0 1 1767 19
73.625 8213 0 1 1767 19
73.75 8213 0 1 1767 19
73.875 8213 0 1 1767 19
74 8213 0 1 1767 19
74.125 8213 0 1 1767 19
74.25 8213 0 1 1767 19
74.375 8213 0 1 1767 19
74.5 8213 0 1 1767 19
74.625 8213 0 1 1767 19
74.75 8213 0 1 1767 19
74.875 8213 0 1 1767 19
75 8213 0 1 1767 19
75.125 8213 0 1 1767 19
75.25 8213 0 1 1767 19
75.375 8213 0 1 1767 19
75.5 8213 0 1 1767 19
75.625 8213 0 1 1767 19
75.75 8213 0 1 1767 19
75.875 8213 0 1 1767 19
76 8213 0 1 1767 19
76.125 8213 0 1 1767 19
76.25 8213 0 1 1767 19
76.375 8213 0 1 1767 19
76.5 8213 0 1 1767 19
76.625 8213 0 1 1767 19
76.75 8213 0 1 1767 19
76.875 8213 0 1 1767 19
77 8213 0 1 1767 19
77.125 8213 0 1 1767 19
77.25 8213 0 1 1767 19
77.375 8213 0 1 1767 19
77.5 8213 0 1 1767 19
77.625 8213 0 1 1767 19
77.75 8213 0 1 1767 19
77.875 8213 0 1 1767 19
78 8213 0 0 1768 19
