t S E I R D
0 9998 0 2 0 0
0.125 9998 0 2 0 0
0.25 9998 0 2 0 0
0.375 9998 0 2 0 0
0.5 9998 0 2 0 0
0.625 9998 0 2 0 0
0.75 9998 0 2 0 0
0.875 9998 0 2 0 0
1 9998 0 2 0 0
1.125 9998 0 2 0 0
1.25 9998 0 2 0 0
1.375 9998 0 2 0 0
1.5 9998 0 2 0 0
1.625 9998 0 2 0 0
1.75 9997 1 2 0 0
1.875 9997 1 2 0 0
2 9997 1 2 0 0
2.125 9997 1 2 0 0
2.25 9997 1 2 0 0
2.375 9996 2 2 0 0
2.5 9996 1 3 0 0
2.625 9995 2 2 1 0
2.75 9994 3 2 1 0
2.875 9994 3 2 1 0
3 9994 2 3 1 0
3.125 9993 3 3 1 0
3.25 9991 5 3 1 0
3.375 9988 8 3 1 0
3.5 9987 9 3 1 0
3.625 9985 10 4 1 0
3.75 9982 13 4 1 0
3.875 9982 12 5 1 0
4 9982 11 6 1 0
4.125 9982 11 6 1 0
4.25 9980 13 6 1 0
4.375 9979 14 6 1 0
4.5 9978 14 7 1 0
4.625 9977 15 7 1 0
4.75 9975 17 7 1 0
4.875 9975 14 10 1 0
5 9974 15 10 1 0
5.125 9973 14 12 1 0
5.25 9973 13 13 1 0
5.375 9970 16 13 1 0
5.5 9967 18 14 1 0
5.625 9966 17 15 2 0
5.75 9965 16 17 2 0
5.875 9964 16 18 2 0
6 9963 16 19 2 0
6.125 9944 35 19 2 0
6.25 9926 49 22 3 0
6.375 9898 74 24 4 0
6.5 9884 85 27 4 0
6.625 9861 104 31 4 0
6.75 9839 119 37 5 0
6.875 9816 136 43 5 0
7 9791 153 49 7 0
7.125 9758 175 56 11 0
7.25 9727 199 62 12 0
7.375 9688 220 79 13 0
7.5 9647 248 90 15 0
7.625 9604 277 103 16 0
7.75 9560 309 114 17 0
7.875 9518 332 133 17 0
8 9471 352 158 19 0
8.125 9427 377 173 23 0
8.25 9380 404 192 24 0
8.375 9333 424 214 29 0
8.5 9274 459 234 33 0
8.625 9208 500 252 40 0
8.75 9131 538 288 43 0
8.875 9052 576 323 49 0
9 8979 608 357 56 0
9.125 8899 662 373 66 0
9.25 8830 679 421 70 0
9.375 8739 728 454 79 0
9.5 8677 751 484 88 0
9.625 8592 779 534 95 0
9.75 8477 850 565 108 0
9.875 8374 910 595 121 0
10 8281 951 631 137 0
10.125 8170 1005 672 153 0
10.25 8059 1059 709 173 0
10.375 7956 1094 760 189 1
10.5 7839 1139 815 206 1
10.625 7726 1180 877 216 1
10.75 7607 1227 933 232 1
10.875 7492 1261 994 252 1
11 7396 1269 1063 271 1
11.125 7286 1303 1118 292 1
11.25 7172 1313 1193 320 2
11.375 7071 1345 1238 344 2
11.5 6990 1335 1301 372 2
11.625 6924 1321 1355 397 3
11.75 6842 1331 1405 419 3
11.875 6753 1339 1461 443 4
12 6689 1313 1515 479 4
12.125 6619 1297 1569 510 5
12.25 6554 1291 1612 538 5
12.375 6497 1280 1633 583 7
12.5 6438 1261 1688 606 7
12.625 6398 1212 1737 646 7
12.75 6352 1180 1780 681 7
12.875 6322 1143 1807 721 7
13 6286 1117 1828 761 8
13.125 6250 1083 1847 811 9
13.25 6219 1057 1865 850 9
13.375 6200 1012 1880 899 9
13.5 6179 954 1917 939 11
13.625 6151 918 1943 976 12
13.75 6123 884 1976 1005 12
13.875 6101 844 2000 1042 13
14 6084 804 2025 1073 14
14.125 6064 773 2033 1115 15
14.25 6049 741 2043 1152 15
14.375 6030 706 2048 1201 15
14.5 6017 678 2040 1247 18
14.625 6006 650 2040 1286 18
14.75 5994 620 2047 1321 18
14.875 5980 598 2012 1390 20
15 5966 577 2007 1429 21
15.125 5956 550 2005 1468 21
15.25 5951 531 1993 1504 21
15.375 5944 510 1967 1558 21
15.5 5939 482 1948 1610 21
15.625 5931 465 1929 1654 21
15.75 5922 439 1923 1693 23
15.875 5914 417 1906 1738 25
16 5909 398 1883 1785 25
16.125 5907 377 1866 1824 26
16.25 5902 359 1858 1855 26
16.375 5897 341 1836 1898 28
16.5 5894 326 1826 1926 28
16.625 5889 312 1800 1971 28
16.75 5885 293 1783 2010 29
16.875 5878 285 1753 2055 29
17 5874 278 1737 2081 30
17.125 5869 265 1719 2117 30
17.25 5866 252 1701 2151 30
17.375 5859 243 1679 2188 31
17.5 5858 232 1649 2229 32
17.625 5853 218 1630 2267 32
17.75 5850 204 1610 2304 32
17.875 5847 193 1591 2337 32
18 5845 184 1566 2372 33
18.125 5843 174 1545 2405 33
18.25 5842 164 1519 2442 33
18.375 5839 157 1503 2468 33
18.5 5837 147 1484 2498 34
18.625 5836 143 1465 2522 34
18.75 5835 138 1442 2551 34
18.875 5833 131 1416 2586 34
19 5831 125 1393 2617 34
19.125 5831 117 1370 2647 35
19.25 5828 113 1345 2679 35
19.375 5827 111 1318 2708 36
19.5 5825 103 1292 2743 37
19.625 5825 96 1272 2770 37
19.75 5825 89 1248 2801 37
19.875 5825 85 1229 2824 37
20 5822 87 1199 2855 37
20.125 5820 81 1178 2884 37
20.25 5820 75 1161 2907 37
20.375 5819 76 1146 2920 39
20.5 5819 69 1128 2945 39
20.625 5818 66 1115 2962 39
20.75 5818 64 1099 2979 40
20.875 5817 59 1078 3006 40
21 5817 57 1053 3032 41
21.125 5815 56 1032 3056 41
21.25 5814 57 1014 3074 41
21.375 5814 56 992 3097 41
21.5 5814 52 977 3116 41
21.625 5813 48 968 3130 41
21.75 5812 45 947 3154 42
21.875 5812 41 934 3171 42
22 5811 38 924 3185 42
22.125 5811 38 899 3210 42
22.25 5810 37 877 3234 42
22.375 5810 34 858 3256 42
22.5 5809 31 836 3282 42
22.625 5809 27 827 3295 42
22.75 5809 25 812 3312 42
22.875 5809 24 802 3323 42
23 5808 21 791 3338 42
23.125 5807 21 774 3356 42
23.25 5807 20 765 3366 42
23.375 5807 19 749 3383 42
23.5 5807 18 733 3400 42
23.625 5807 16 721 3414 42
23.75 5807 15 708 3428 42
23.875 5807 14 697 3440 42
24 5807 14 684 3453 42
24.125 5807 14 675 3462 42
24.25 5807 13 666 3472 42
24.375 5807 13 650 3487 43
24.5 5807 12 636 3501 44
24.625 5806 11 624 3515 44
24.75 5806 11 616 3523 44
24.875 5806 10 598 3541 45
25 5806 10 581 3558 45
25.125 5806 10 571 3568 45
25.25 5806 8 568 3573 45
25.375 5806 6 558 3585 45
25.5 5806 5 553 3591 45
25.625 5806 5 541 3603 45
25.75 5806 5 529 3615 45
25.875 5805 6 520 3624 45
26 5805 5 508 3636 46
26.125 5805 5 498 3646 46
26.25 5804 4 496 3650 46
26.375 5804 4 485 3661 46
26.5 5804 4 463 3683 46
26.625 5804 4 453 3693 46
26.75 5804 4 441 3705 46
26.875 5804 4 431 3715 46
27 5804 3 425 3722 46
27.125 5804 3 419 3728 46
27.25 5804 1 417 3732 46
27.375 5804 1 409 3740 46
27.5 5803 2 399 3750 46
27.625 5803 2 392 3757 46
27.75 5803 2 389 3760 46
27.875 5803 2 377 3772 46
28 5802 3 367 3782 46
28.125 5802 3 356 3793 46
28.25 5802 3 350 3798 47
28.375 5802 3 346 3802 47
28.5 5802 3 342 3806 47
28.625 5802 3 328 3820 47
28.75 5802 2 321 3828 47
28.875 5802 1 317 3833 47
29 5802 1 310 3840 47
29.125 5802 1 302 3848 47
29.25 5801 1 297 3854 47
29.375 5801 1 295 3856 47
29.5 5801 1 292 3859 47
29.625 5801 1 283 3868 47
29.75 5801 1 277 3874 47
29.875 5801 1 272 3879 47
30 5801 1 265 3886 47
30.125 5801 1 261 3890 47
30.25 5801 1 255 3896 47
30.375 5801 1 251 3900 47
30.5 5801 1 245 3906 47
30.625 5801 1 239 3912 47
30.75 5801 1 230 3921 47
30.875 5801 1 224 3927 47
31 5801 1 223 3928 47
31.125 5801 1 215 3935 48
31.25 5801 1 211 3939 48
31.375 5801 1 204 3946 48
31.5 5801 1 200 3950 48
31.625 5800 2 197 3953 48
31.75 5800 1 196 3955 48
31.875 5800 1 191 3960 48
32 5800 1 185 3966 48
32.125 5800 1 181 3970 48
32.25 5800 1 177 3974 48
32.375 5800 1 175 3976 48
32.5 5799 1 170 3981 49
32.625 5799 1 164 3987 49
32.75 5799 1 162 3989 49
32.875 5799 1 157 3994 49
33 5799 1 152 3999 49
33.125 5799 1 147 4004 49
33.25 5799 0 143 4009 49
33.375 5799 0 138 4014 49
33.5 5799 0 135 4017 49
33.625 5799 0 131 4021 49
33.75 5799 0 131 4021 49
33.875 5799 0 124 4028 49
34 5799 0 123 4029 49
34.125 5799 0 122 4030 49
34.25 5799 0 120 4032 49
34.375 5799 0 120 4032 49
34.5 5799 0 117 4035 49
34.625 5798 1 115 4037 49
34.75 5798 1 115 4037 49
34.875 5798 1 113 4039 49
35 5798 1 112 4040 49
35.125 5798 1 110 4042 49
35.25 5798 1 107 4045 49
35.375 5798 1 103 4049 49
35.5 5798 1 103 4049 49
35.625 5798 1 101 4051 49
35.75 5798 1 99 4053 49
35.875 5798 1 99 4053 49
36 5798 1 97 4055 49
36.125 5798 1 96 4056 49
36.25 5798 1 96 4056 49
36.375 5798 1 95 4057 49
36.5 5798 1 93 4059 49
36.625 5798 1 93 4059 49
36.75 5798 1 91 4061 49
36.875 5798 1 90 4062 49
37 5798 1 86 4066 49
37.125 5798 1 85 4067 49
37.25 5798 1 84 4068 49
37.375 5798 1 83 4069 49
37.5 5798 1 81 4071 49
37.625 5798 1 80 4072 49
37.75 5798 1 76 4076 49
37.875 5798 1 73 4079 49
38 5798 1 71 4081 49
38.125 5798 1 69 4083 49
38.25 5798 1 67 4085 49
38.375 5798 1 65 4087 49
38.5 5798 1 65 4087 49
38.625 5798 1 61 4091 49
38.75 5798 1 61 4091 49
38.875 5798 1 60 4092 49
39 5798 1 58 4094 49
39.125 5798 1 58 4094 49
39.25 5798 1 56 4096 49
39.375 5798 1 56 4096 49
39.5 5798 1 56 4096 49
39.625 5798 1 55 4097 49
39.75 5798 1 53 4099 49
39.875 5798 0 52 4101 49
40 5798 0 51 4102 49
40.125 5798 0 49 4104 49
40.25 5798 0 49 4104 49
40.375 5798 0 47 4106 49
40.5 5798 0 46 4107 49
40.625 5798 0 45 4108 49
40.75 5798 0 43 4110 49
40.875 5798 0 42 4111 49
41 5798 0 40 4113 49
41.125 5798 0 40 4113 49
41.25 5798 0 40 4113 49
41.375 5798 0 40 4113 49
41.5 5798 0 39 4114 49
41.625 5798 0 35 4118 49
41.75 5798 0 35 4118 49
41.875 5798 0 35 4118 49
42 5798 0 35 4118 49
42.125 5798 0 35 4118 49
42.25 5798 0 35 4118 49
42.375 5798 0 35 4118 49
42.5 5798 0 32 4121 49
42.625 5798 0 32 4121 49
42.75 5798 0 32 4121 49
42.875 5798 0 30 4123 49
43 5798 0 28 4125 49
43.125 5798 0 28 4125 49
43.25 5798 0 27 4126 49
43.375 5798 0 27 4126 49
43.5 5798 0 27 4126 49
43.625 5798 0 26 4127 49
43.75 5798 0 26 4127 49
43.875 5798 0 26 4127 49
44 5798 0 26 4127 49
44.125 5798 0 26 4127 49
44.25 5798 0 23 4130 49
44.375 5798 0 23 4130 49
44.5 5798 0 23 4130 49
44.625 5798 0 23 4130 49
44.75 5798 0 23 4130 49
44.875 5798 0 22 4131 49
45 5798 0 19 4134 49
45.125 5798 0 18 4135 49
45.25 5798 0 17 4136 49
45.375 5798 0 16 4137 49
45.5 5798 0 16 4137 49
45.625 5798 0 16 4137 49
45.75 5798 0 16 4137 49
45.875 5798 0 15 4138 49
46 5798 0 15 4138 49
46.125 5798 0 14 4139 49
46.25 5798 0 13 4140 49
46.375 5798 0 13 4140 49
46.5 5798 0 13 4140 49
46.625 5798 0 13 4140 49
46.75 5798 0 13 4140 49
46.875 5798 0 13 4140 49
47 5798 0 13 4140 49
47.125 5798 0 13 4140 49
47.25 5798 0 12 4141 49
47.375 5798 0 12 4141 49
47.5 5798 0 12 4141 49
47.625 5798 0 12 4141 49
47.75 5798 0 12 4141 49
47.875 5798 0 12 4141 49
48 5798 0 12 4141 49
48.125 5798 0 12 4141 49
48.25 5798 0 12 4141 49
48.375 5798 0 12 4141 49
48.5 5798 0 12 4141 49
48.625 5798 0 12 4141 49
48.75 5798 0 12 4141 49
48.875 5798 0 12 4141 49
49 5798 0 12 4141 49
49.125 5798 0 12 4141 49
49.25 5798 0 11 4142 49
49.375 5798 0 11 4142 49
49.5 5798 0 11 4142 49
49.625 5798 0 11 4142 49
49.75 5798 0 11 4142 49
49.875 5798 0 10 4143 49
50 5798 0 10 4143 49
50.125 5798 0 10 4143 49
50.25 5798 0 10 4143 49
50.375 5798 0 8 4144 50
50.5 5798 0 8 4144 50
50.625 5798 0 8 4144 50
50.75 5798 0 7 4145 50
50.875 5798 0 7 4145 50
51 5798 0 7 4145 50
51.125 5798 0 7 4145 50
51.25 5798 0 7 4145 50
51.375 5798 0 7 4145 50
51.5 5798 0 7 4145 50
51.625 5798 0 7 4145 50
51.75 5798 0 6 4146 50
51.875 5798 0 6 4146 50
52 5798 0 5 4147 50
52.125 5798 0 5 4147 50
52.25 5798 0 4 4148 50
52.375 5798 0 3 4149 50
52.5 5798 0 3 4149 50
52.625 5798 0 3 4149 50
52.75 5798 0 3 4149 50
52.875 5798 0 3 4149 50
53 5798 0 2 4150 50
53.125 5798 0 2 4150 50
53.25 5798 0 2 4150 50
53.375 5798 0 2 4150 50
53.5 5798 0 2 4150 50
53.625 5798 0 2 4150 50
53.75 5798 0 2 4150 50
53.875 5798 0 1 4151 50
54 5798 0 1 4151 50
54.125 5798 0 1 4151 50
54.25 5798 0 1 4151 50
54.375 5798 0 1 4151 50
54.5 5798 0 1 4151 50
54.625 5798 0 1 4151 50
54.75 5798 0 1 4151 50
54.875 5798 0 1 4151 50
55 5798 0 1 4151 50
55.125 5798 0 1 4151 50
55.25 5798 0 1 4151 50
55.375 5798 0 1 4151 50
55.5 5798 0 1 4151 50
55.625 5798 0 1 4151 50
55.75 5798 0 1 4151 50
55.875 5798 0 1 4151 50
56 5798 0 1 4151 50
56.125 5798 0 1 4151 50
56.25 5798 0 1 4151 50
56.375 5798 0 1 4151 50
56.5 5798 0 1 4151 50
56.625 5798 0 1 4151 50
56.75 5798 0 1 4151 50
56.875 5798 0 1 4151 50
57 5798 0 1 4151 50
57.125 5798 0 1 4151 50
57.25 5798 0 1 4151 50
57.375 5798 0 1 4151 50
57.5 5798 0 1 4151 50
57.625 5798 0 1 4151 50
57.75 5798 0 1 4151 50
57.875 5798 0 1 4151 50
58 5798 0 1 4151 50
58.125 5798 0 1 4151 50
58.25 5798 0 1 4151 50
58.375 5798 0 1 4151 50
58.5 5798 0 1 4151 50
58.625 5798 0 1 4151 50
58.75 5798 0 1 4151 50
58.875 5798 0 1 4151 50
59 5798 0 1 4151 50
59.125 5798 0 1 4151 50
59.25 5798 0 1 4151 50
59.375 5798 0 1 4151 50
59.5 5798 0 1 4151 50
59.625 5798 0 1 4151 50
59.75 5798 0 1 4151 50
59.875 5798 0 1 4151 50
60 5798 0 1 4151 50
60.125 5798 0 0 4152 50
