t S E I R D
0 9999 0 1 0 0
0.125 9999 0 1 0 0
0.25 9999 0 1 0 0
0.375 9999 0 1 0 0
0.5 9999 0 1 0 0
0.625 9999 0 1 0 0
0.75 9999 0 1 0 0
0.875 9999 0 1 0 0
1 9999 0 1 0 0
1.125 9999 0 1 0 0
1.25 9999 0 1 0 0
1.375 9999 0 1 0 0
1.5 9999 0 1 0 0
1.625 9999 0 1 0 0
1.75 9999 0 1 0 0
1.875 9999 0 1 0 0
2 9999 0 1 0 0
2.125 9999 0 1 0 0
2.25 9999 0 1 0 0
2.375 9998 1 1 0 0
2.5 9998 1 1 0 0
2.625 9998 1 1 0 0
2.75 9998 1 1 0 0
2.875 9998 1 1 0 0
3 9998 1 1 0 0
3.125 9998 1 1 0 0
3.25 9998 1 1 0 0
3.375 9998 1 1 0 0
3.5 9998 1 1 0 0
3.625 9998 1 1 0 0
3.75 9998 1 1 0 0
3.875 9998 1 1 0 0
4 9998 1 1 0 0
4.125 9998 1 1 0 0
4.25 9998 1 1 0 0
4.375 9998 1 1 0 0
4.5 9998 1 1 0 0
4.625 9998 1 1 0 0
4.75 9998 1 1 0 0
4.875 9998 1 1 0 0
5 9998 1 1 0 0
5.125 9998 1 1 0 0
5.25 9998 1 1 0 0
5.375 9998 1 1 0 0
5.5 9998 1 1 0 0
5.625 9998 1 1 0 0
5.75 9998 1 1 0 0
5.875 9998 1 1 0 0
6 9998 1 1 0 0
6.125 9998 1 1 0 0
6.25 9998 1 1 0 0
6.375 9998 1 1 0 0
6.5 9998 1 1 0 0
6.625 9998 1 1 0 0
6.75 9998 1 1 0 0
6.875 9998 1 1 0 0
7 9998 1 1 0 0
7.125 9998 1 1 0 0
7.25 9998 1 1 0 0
7.375 9998 1 1 0 0
7.5 9998 1 1 0 0
7.625 9998 1 1 0 0
7.75 9998 1 1 0 0
7.875 9998 1 1 0 0
8 9998 0 2 0 0
8.125 9998 0 2 0 0
8.25 9998 0 2 0 0
8.375 9998 0 2 0 0
8.5 9998 0 2 0 0
8.625 9998 0 1 1 0
8.75 9998 0 1 1 0
8.875 9997 1 1 1 0
9 9997 1 1 1 0
9.125 9997 1 1 1 0
9.25 9997 1 1 1 0
9.375 9997 1 1 1 0
9.5 9996 2 1 1 0
9.625 9996 2 1 1 0
9.75 9996 2 1 1 0
9.875 9996 2 1 1 0
10 9996 1 2 1 0
10.125 9995 2 2 1 0
10.25 9994 3 2 1 0
10.375 9993 4 2 1 0
10.5 9992 4 3 1 0
10.625 9987 9 3 1 0
10.75 9985 9 5 1 0
10.875 9982 11 6 1 0
11 9981 12 6 1 0
11.125 9977 16 6 1 0
11.25 9976 15 8 1 0
11.375 9974 17 7 2 0
11.5 9973 18 7 2 0
11.625 9972 18 8 2 0
11.75 9970 19 9 2 0
11.875 9969 20 9 2 0
12 9967 21 10 2 0
12.125 9964 24 10 2 0
12.25 9959 27 12 2 0
12.375 9957 28 13 2 0
12.5 9956 29 11 4 0
12.625 9955 28 13 4 0
12.75 9954 28 14 4 0
12.875 9953 27 16 4 0
13 9953 26 17 4 0
13.125 9953 23 20 4 0
13.25 9951 23 22 4 0
13.375 9951 22 23 4 0
13.5 9951 21 24 4 0
13.625 9951 21 20 8 0
13.75 9950 21 19 10 0
13.875 9948 22 20 10 0
14 9947 23 19 11 0
14.125 9945 25 19 11 0
14.25 9943 25 19 13 0
14.375 9943 25 19 13 0
14.5 9943 23 20 14 0
14.625 9942 22 22 14 0
14.75 9941 22 22 15 0
14.875 9940 22 23 15 0
15 9932 26 26 16 0
15.125 9921 37 26 16 0
15.25 9911 46 27 16 0
15.375 9903 50 31 16 0
15.5 9892 59 30 19 0
15.625 9884 63 33 20 0
15.75 9874 70 36 20 0
15.875 9857 84 37 22 0
16 9844 90 44 22 0
16.125 9838 92 48 22 0
16.25 9827 97 52 24 0
16.375 9808 112 56 24 0
16.5 9799 115 61 25 0
16.625 9786 121 66 26 1
16.75 9783 114 75 27 1
16.875 9778 110 84 27 1
17 9772 111 89 27 1
17.125 9769 107 94 29 1
17.25 9764 106 99 30 1
17.375 9761 102 103 33 1
17.5 9757 99 108 35 1
17.625 9753 92 116 38 1
17.75 9746 95 119 39 1
17.875 9738 97 124 40 1
18 9724 103 131 41 1
18.125 9712 108 131 48 1
18.25 9693 118 139 49 1
18.375 9658 143 145 53 1
18.5 9627 164 154 54 1
18.625 9603 174 164 58 1
18.75 9579 192 165 63 1
18.875 9557 201 174 67 1
19 9525 226 178 70 1
19.125 9489 246 189 75 1
19.25 9467 256 189 87 1
19.375 9437 267 205 90 1
19.5 9417 269 214 99 1
19.625 9402 265 225 107 1
19.75 9382 276 229 112 1
19.875 9363 274 241 121 1
20 9348 274 254 122 2
20.125 9326 280 267 125 2
20.25 9299 294 274 131 2
20.375 9279 296 285 138 2
20.5 9256 308 289 145 2
20.625 9228 317 304 149 2
20.75 9205 315 324 154 2
20.875 9183 320 337 158 2
21 9163 314 355 166 2
21.125 9146 310 366 176 2
21.25 9126 315 372 184 3
21.375 9098 320 388 191 3
21.5 9076 323 402 196 3
21.625 9048 336 407 206 3
21.75 9033 328 423 213 3
21.875 9008 333 428 228 3
22 8982 340 441 234 3
22.125 8957 350 448 242 3
22.25 8938 351 458 250 3
22.375 8923 354 461 259 3
22.5 8895 363 469 270 3
22.625 8865 366 488 278 3
22.75 8848 362 499 288 3
22.875 8819 364 518 296 3
23 8791 372 526 308 3
23.125 8765 382 531 319 3
23.25 8742 383 543 328 4
23.375 8711 395 549 341 4
23.5 8679 392 565 359 5
23.625 8653 393 581 368 5
23.75 8625 401 589 380 5
23.875 8608 389 598 400 5
24 8587 381 618 408 6
24.125 8560 378 638 418 6
24.25 8538 370 659 426 7
24.375 8498 381 684 430 7
24.5 8471 385 696 440 8
24.625 8445 392 699 456 8
24.75 8422 395 698 477 8
24.875 8395 398 710 489 8
25 8354 414 713 511 8
25.125 8316 423 730 523 8
25.25 8288 426 740 538 8
25.375 8260 426 750 556 8
25.5 8231 423 771 567 8
25.625 8212 407 784 589 8
25.75 8182 410 796 604 8
25.875 8160 411 803 618 8
26 8136 411 805 639 9
26.125 8110 407 820 654 9
26.25 8091 396 836 668 9
26.375 8070 397 844 680 9
26.5 8038 409 849 693 11
26.625 8015 404 865 705 11
26.75 7997 397 875 720 11
26.875 7973 399 881 736 11
27 7945 409 876 759 11
27.125 7931 399 888 771 11
27.25 7913 395 890 791 11
27.375 7893 389 897 810 11
27.5 7870 392 903 824 11
27.625 7846 392 909 842 11
27.75 7821 390 911 867 11
27.875 7793 394 921 881 11
28 7768 398 921 902 11
28.125 7751 389 925 924 11
28.25 7728 382 942 937 11
28.375 7706 382 944 957 11
28.5 7687 374 953 975 11
28.625 7664 376 960 989 11
28.75 7640 387 946 1015 12
28.875 7622 380 948 1038 12
29 7601 380 951 1056 12
29.125 7582 379 953 1074 12
29.25 7570 367 944 1106 13
29.375 7546 366 944 1131 13
29.5 7530 359 951 1147 13
29.625 7516 352 953 1166 13
29.75 7500 351 945 1191 13
29.875 7479 349 947 1212 13
30 7463 346 950 1228 13
30.125 7449 336 956 1245 14
30.25 7433 331 960 1262 14
30.375 7420 319 962 1285 14
30.5 7407 310 969 1300 14
30.625 7393 309 961 1322 15
30.75 7375 307 960 1342 16
30.875 7367 296 961 1360 16
31 7351 296 953 1384 16
31.125 7337 290 947 1410 16
31.25 7323 281 948 1432 16
31.375 7305 280 952 1446 17
31.5 7288 280 955 1460 17
31.625 7277 277 955 1474 17
31.75 7268 267 958 1490 17
31.875 7259 248 972 1504 17
32 7241 258 954 1530 17
32.125 7230 253 944 1556 17
32.25 7214 254 940 1574 18
32.375 7205 245 944 1588 18
32.5 7192 246 934 1609 19
32.625 7180 240 920 1641 19
32.75 7170 237 913 1661 19
32.875 7157 236 912 1676 19
33 7147 233 906 1695 19
33.125 7139 221 910 1711 19
33.25 7127 220 905 1729 19
33.375 7122 214 898 1747 19
33.5 7112 208 898 1763 19
33.625 7105 197 902 1777 19
33.75 7093 199 896 1793 19
33.875 7080 198 892 1811 19
34 7070 192 881 1838 19
34.125 7058 194 872 1856 20
34.25 7048 195 859 1878 20
34.375 7037 197 856 1890 20
34.5 7028 195 852 1905 20
34.625 7016 197 846 1921 20
34.75 7007 198 833 1941 21
34.875 6998 199 818 1964 21
35 6987 198 815 1979 21
35.125 6977 197 799 2006 21
35.25 6967 191 791 2029 22
35.375 6960 189 784 2045 22
35.5 6952 187 779 2060 22
35.625 6942 183 773 2080 22
35.75 6937 181 756 2104 22
35.875 6930 179 742 2127 22
36 6924 176 735 2142 23
36.125 6918 166 734 2159 23
36.25 6908 169 728 2172 23
36.375 6903 168 715 2191 23
36.5 6895 163 717 2202 23
36.625 6891 154 722 2210 23
36.75 6877 161 716 2223 23
36.875 6869 158 710 2239 24
37 6864 155 703 2254 24
37.125 6857 149 705 2265 24
37.25 6847 154 695 2280 24
37.375 6840 151 692 2293 24
37.5 6835 145 692 2304 24
37.625 6830 142 686 2318 24
37.75 6826 137 680 2333 24
37.875 6822 129 681 2344 24
38 6813 131 668 2364 24
38.125 6809 128 660 2379 24
38.25 6800 134 644 2398 24
38.375 6795 128 642 2411 24
38.5 6782 128 638 2428 24
38.625 6773 129 631 2443 24
38.75 6762 134 626 2454 24
38.875 6757 126 629 2464 24
39 6750 125 629 2472 24
39.125 6740 123 628 2485 24
39.25 6737 118 623 2498 24
39.375 6733 115 618 2510 24
39.5 6723 117 611 2525 24
39.625 6717 116 606 2537 24
39.75 6715 110 597 2554 24
39.875 6712 108 592 2564 24
40 6706 108 584 2578 24
40.125 6699 111 575 2591 24
40.25 6696 109 571 2600 24
40.375 6693 105 569 2609 24
40.5 6690 102 561 2623 24
40.625 6686 98 556 2636 24
40.75 6679 99 556 2642 24
40.875 6675 100 543 2658 24
41 6669 99 536 2672 24
41.125 6666 91 541 2678 24
41.25 6664 83 536 2693 24
41.375 6660 81 523 2711 25
41.5 6656 78 521 2720 25
41.625 6650 83 506 2735 26
41.75 6645 82 500 2747 26
41.875 6640 84 494 2756 26
42 6639 83 482 2769 27
42.125 6636 86 477 2774 27
42.25 6631 83 475 2784 27
42.375 6630 77 475 2791 27
42.5 6625 78 467 2803 27
42.625 6621 80 463 2809 27
42.75 6619 78 460 2816 27
42.875 6616 76 459 2822 27
43 6612 76 448 2836 28
43.125 6609 75 442 2846 28
43.25 6605 68 445 2854 28
43.375 6599 68 442 2863 28
43.5 6594 67 439 2872 28
43.625 6590 66 437 2879 28
43.75 6584 68 433 2887 28
43.875 6583 59 436 2894 28
44 6580 59 431 2902 28
44.125 6579 57 425 2911 28
44.25 6578 56 415 2923 28
44.375 6577 57 406 2932 28
44.5 6576 55 404 2937 28
44.625 6573 54 404 2941 28
44.75 6571 53 401 2947 28
44.875 6569 52 394 2956 29
45 6569 51 383 2968 29
45.125 6568 49 375 2979 29
45.25 6565 51 370 2985 29
45.375 6555 54 368 2994 29
45.5 6551 56 360 3004 29
45.625 6550 53 354 3014 29
45.75 6548 53 347 3023 29
45.875 6544 51 347 3029 29
46 6542 46 347 3036 29
46.125 6541 44 346 3040 29
46.25 6537 44 348 3042 29
46.375 6536 44 343 3048 29
46.5 6536 41 344 3050 29
46.625 6534 41 341 3055 29
46.75 6532 36 337 3066 29
46.875 6531 33 331 3076 29
47 6531 30 320 3090 29
47.125 6527 33 316 3095 29
47.25 6526 32 311 3102 29
47.375 6524 31 307 3109 29
47.5 6522 32 302 3115 29
47.625 6517 35 298 3121 29
47.75 6517 32 295 3127 29
47.875 6516 32 289 3134 29
48 6515 30 287 3139 29
48.125 6514 29 283 3145 29
48.25 6511 31 275 3154 29
48.375 6511 27 277 3156 29
48.5 6511 25 274 3161 29
48.625 6509 24 272 3166 29
48.75 6507 23 271 3170 29
48.875 6505 23 270 3173 29
49 6504 21 268 3178 29
49.125 6504 20 263 3184 29
49.25 6502 19 260 3190 29
49.375 6501 18 256 3196 29
49.5 6501 17 252 3201 29
49.625 6500 14 251 3205 30
49.75 6500 11 249 3210 30
49.875 6499 11 243 3217 30
50 6498 12 238 3222 30
50.125 6496 13 232 3229 30
50.25 6495 14 230 3231 30
50.375 6494 15 230 3231 30
50.5 6493 16 226 3235 30
50.625 6491 16 225 3238 30
50.75 6489 16 225 3240 30
50.875 6489 14 222 3245 30
51 6488 14 220 3248 30
51.125 6488 13 218 3251 30
51.25 6487 14 215 3254 30
51.375 6487 13 213 3257 30
51.5 6487 13 208 3262 30
51.625 6483 16 202 3268 31
51.75 6482 15 198 3274 31
51.875 6479 17 196 3277 31
52 6476 20 191 3282 31
52.125 6474 19 191 3285 31
52.25 6473 19 188 3289 31
52.375 6471 20 188 3290 31
52.5 6470 19 185 3295 31
52.625 6470 17 183 3299 31
52.75 6470 16 180 3303 31
52.875 6470 15 176 3308 31
53 6470 15 176 3308 31
53.125 6469 15 176 3309 31
53.25 6466 18 172 3312 32
53.375 6466 18 166 3318 32
53.5 6465 19 162 3322 32
53.625 6464 19 158 3327 32
53.75 6464 18 156 3330 32
53.875 6463 18 155 3332 32
54 6462 18 156 3332 32
54.125 6461 19 152 3336 32
54.25 6460 18 150 3340 32
54.375 6459 17 151 3341 32
54.5 6458 16 150 3344 32
54.625 6457 17 147 3347 32
54.75 6456 16 147 3349 32
54.875 6455 15 143 3355 32
55 6455 13 142 3358 32
55.125 6454 12 141 3361 32
55.25 6454 12 137 3365 32
55.375 6453 13 135 3367 32
55.5 6452 14 130 3372 32
55.625 6451 13 128 3376 32
55.75 6449 13 127 3379 32
55.875 6448 14 126 3380 32
56 6448 14 124 3382 32
56.125 6448 13 123 3384 32
56.25 6446 15 122 3385 32
56.375 6445 12 123 3388 32
56.5 6444 13 122 3389 32
56.625 6443 12 124 3389 32
56.75 6443 12 121 3392 32
56.875 6442 13 116 3397 32
57 6442 13 115 3398 32
57.125 6442 12 115 3399 32
57.25 6440 12 115 3401 32
57.375 6440 12 111 3405 32
57.5 6440 12 108 3408 32
57.625 6440 11 107 3410 32
57.75 6439 12 104 3413 32
57.875 6439 12 101 3416 32
58 6439 11 98 3420 32
58.125 6439 11 96 3422 32
58.25 6439 10 96 3423 32
58.375 6437 11 95 3425 32
58.5 6437 9 96 3426 32
58.625 6435 9 95 3429 32
58.75 6435 8 94 3431 32
58.875 6434 8 94 3432 32
59 6434 7 93 3434 32
59.125 6434 6 93 3435 32
59.25 6434 6 89 3439 32
59.375 6433 5 89 3440 33
59.5 6432 6 87 3442 33
59.625 6432 6 87 3442 33
59.75 6429 9 87 3442 33
59.875 6429 8 86 3444 33
60 6429 8 86 3444 33
60.125 6428 8 86 3445 33
60.25 6428 7 83 3449 33
60.375 6428 5 84 3450 33
60.5 6428 5 82 3452 33
60.625 6426 7 82 3452 33
60.75 6426 6 82 3453 33
60.875 6426 6 80 3455 33
61 6426 5 78 3458 33
61.125 6425 6 78 3458 33
61.25 6425 5 78 3459 33
61.375 6425 4 77 3461 33
61.5 6425 4 75 3463 33
61.625 6424 4 74 3465 33
61.75 6423 4 72 3468 33
61.875 6423 4 72 3468 33
62 6423 4 70 3470 33
62.125 6423 3 70 3471 33
62.25 6423 3 66 3475 33
62.375 6423 3 65 3476 33
62.5 6423 3 65 3476 33
62.625 6422 4 63 3478 33
62.75 6422 4 62 3479 33
62.875 6422 4 61 3480 33
63 6422 4 60 3481 33
63.125 6422 2 61 3482 33
63.25 6422 1 61 3483 33
63.375 6422 0 60 3485 33
63.5 6421 1 58 3487 33
63.625 6421 1 57 3488 33
63.75 6421 1 57 3488 33
63.875 6420 2 56 3489 33
64 6420 2 55 3490 33
64.125 6420 2 53 3492 33
64.25 6420 2 53 3492 33
64.375 6420 2 52 3493 33
64.5 6420 1 50 3496 33
64.625 6419 2 50 3496 33
64.75 6419 2 50 3496 33
64.875 6419 2 50 3496 33
65 6419 2 48 3498 33
65.125 6419 2 46 3500 33
65.25 6419 2 46 3500 33
65.375 6419 2 45 3501 33
65.5 6419 2 45 3501 33
65.625 6419 2 44 3502 33
65.75 6417 4 43 3503 33
65.875 6417 4 41 3505 33
66 6417 4 38 3508 33
66.125 6416 5 38 3508 33
66.25 6416 4 38 3509 33
66.375 6416 3 39 3509 33
66.5 6416 3 36 3512 33
66.625 6416 3 36 3512 33
66.75 6416 3 35 3513 33
66.875 6416 3 35 3513 33
67 6416 2 36 3513 33
67.125 6416 2 36 3513 33
67.25 6415 3 36 3513 33
67.375 6415 3 35 3514 33
67.5 6414 3 35 3515 33
67.625 6414 3 35 3515 33
67.75 6414 3 33 3517 33
67.875 6414 3 33 3517 33
68 6414 3 31 3519 33
68.125 6414 3 30 3520 33
68.25 6414 2 29 3522 33
68.375 6414 1 30 3522 33
68.5 6414 1 30 3522 33
68.625 6414 1 29 3523 33
68.75 6414 1 29 3523 33
68.875 6414 1 28 3524 33
69 6413 2 28 3524 33
69.125 6413 2 28 3524 33
69.25 6412 2 29 3524 33
69.375 6412 1 30 3524 33
69.5 6412 1 30 3524 33
69.625 6412 1 30 3524 33
69.75 6412 1 30 3524 33
69.875 6412 1 30 3524 33
70 6412 1 29 3525 33
70.125 6412 1 28 3526 33
70.25 6412 1 28 3526 33
70.375 6412 1 28 3526 33
70.5 6412 1 28 3526 33
70.625 6412 1 27 3527 33
70.75 6412 1 27 3527 33
70.875 6412 1 26 3528 33
71 6411 2 24 3530 33
71.125 6411 2 24 3530 33
71.25 6411 2 24 3530 33
71.375 6411 2 24 3530 33
71.5 6411 2 24 3530 33
71.625 6411 2 23 3531 33
71.75 6411 2 22 3532 33
71.875 6411 2 22 3532 33
72 6411 2 22 3532 33
72.125 6411 2 22 3532 33
72.25 6411 2 20 3534 33
72.375 6411 2 20 3534 33
72.5 6411 2 19 3535 33
72.625 6411 2 18 3536 33
72.75 6411 1 18 3537 33
72.875 6411 1 17 3538 33
73 6411 1 17 3538 33
73.125 6411 1 17 3538 33
73.25 6411 1 17 3538 33
73.375 6411 1 17 3538 33
73.5 6411 1 17 3538 33
73.625 6411 1 17 3538 33
73.75 6411 1 15 3540 33
73.875 6411 1 14 3541 33
74 6411 1 14 3541 33
74.125 6410 2 14 3541 33
74.25 6410 2 14 3541 33
74.375 6410 2 14 3541 33
74.5 6410 2 13 3542 33
74.625 6410 2 13 3542 33
74.75 6410 2 13 3542 33
74.875 6410 2 12 3543 33
75 6410 2 12 3543 33
75.125 6410 2 12 3543 33
75.25 6409 2 13 3543 33
75.375 6409 2 13 3543 33
75.5 6409 2 13 3543 33
75.625 6409 2 11 3545 33
75.75 6409 2 10 3546 33
75.875 6409 1 11 3546 33
76 6409 1 11 3546 33
76.125 6409 1 11 3546 33
76.25 6409 1 11 3546 33
76.375 6409 1 11 3546 33
76.5 6409 1 11 3546 33
76.625 6409 1 11 3546 33
76.75 6409 1 11 3546 33
76.875 6409 1 11 3546 33
77 6409 1 11 3546 33
77.125 6409 1 11 3546 33
77.25 6408 2 11 3546 33
77.375 6408 2 10 3547 33
77.5 6408 2 9 3548 33
77.625 6408 2 9 3548 33
77.75 6407 3 9 3548 33
77.875 6406 4 8 3549 33
78 6406 3 9 3549 33
78.125 6406 3 9 3549 33
78.25 6405 4 9 3549 33
78.375 6405 2 11 3549 33
78.5 6405 2 10 3550 33
78.625 6404 3 10 3550 33
78.75 6404 3 10 3550 33
78.875 6404 3 10 3550 33
79 6404 3 10 3550 33
79.125 6404 3 10 3550 33
79.25 6404 3 10 3550 33
79.375 6404 2 11 3550 33
79.5 6404 1 12 3550 33
79.625 6404 1 12 3550 33
79.75 6404 0 13 3550 33
79.875 6404 0 13 3550 33
80 6404 0 13 3550 33
80.125 6404 0 13 3550 33
80.25 6404 0 12 3551 33
80.375 6404 0 12 3551 33
80.5 6404 0 12 3551 33
80.625 6404 0 11 3552 33
80.75 6404 0 11 3552 33
80.875 6404 0 10 3553 33
81 6404 0 10 3553 33
81.125 6403 1 10 3553 33
81.25 6402 2 10 3553 33
81.375 6402 2 10 3553 33
81.5 6402 2 9 3554 33
81.625 6402 2 9 3554 33
81.75 6402 2 9 3554 33
81.875 6402 2 9 3554 33
82 6402 2 9 3554 33
82.125 6401 3 8 3555 33
82.25 6400 3 9 3555 33
82.375 6400 3 9 3555 33
82.5 6400 2 10 3555 33
82.625 6399 1 12 3555 33
82.75 6398 2 12 3555 33
82.875 6398 2 12 3555 33
83 6398 2 12 3555 33
83.125 6398 2 11 3556 33
83.25 6398 2 10 3557 33
83.375 6398 2 10 3557 33
83.5 6398 2 10 3557 33
83.625 6398 2 10 3557 33
83.75 6398 1 11 3557 33
83.875 6398 1 11 3557 33
84 6397 2 11 3557 33
84.125 6397 2 11 3557 33
84.25 6397 2 11 3557 33
84.375 6397 2 11 3557 33
84.5 6397 2 10 3558 33
84.625 6397 2 10 3558 33
84.75 6397 2 10 3558 33
84.875 6397 1 11 3558 33
85 6397 1 11 3558 33
85.125 6397 1 11 3558 33
85.25 6397 1 11 3558 33
85.375 6397 1 11 3558 33
85.5 6397 1 10 3559 33
85.625 6397 1 10 3559 33
85.75 6397 1 10 3559 33
85.875 6397 1 10 3559 33
86 6397 1 10 3559 33
86.125 6397 1 9 3560 33
86.25 6397 1 9 3560 33
86.375 6397 1 9 3560 33
86.5 6397 1 9 3560 33
86.625 6397 1 9 3560 33
86.75 6397 1 9 3560 33
86.875 6397 1 8 3561 33
87 6397 1 7 3562 33
87.125 6397 1 7 3562 33
87.25 6397 1 7 3562 33
87.375 6397 1 7 3562 33
87.5 6397 1 7 3562 33
87.625 6397 1 7 3562 33
87.75 6397 1 7 3562 33
87.875 6397 1 6 3563 33
88 6397 1 6 3563 33
88.125 6397 1 6 3563 33
88.25 6397 1 6 3563 33
88.375 6397 1 6 3563 33
88.5 6397 1 6 3563 33
88.625 6397 1 5 3564 33
88.75 6397 1 5 3564 33
88.875 6397 1 5 3564 33
89 6396 2 5 3564 33
89.125 6396 2 4 3565 33
89.25 6396 2 4 3565 33
89.375 6396 2 4 3565 33
89.5 6396 2 4 3565 33
89.625 6395 2 5 3565 33
89.75 6395 2 5 3565 33
89.875 6395 2 5 3565 33
90 6395 2 5 3565 33
90.125 6395 2 5 3565 33
90.25 6395 2 5 3565 33
90.375 6395 2 5 3565 33
90.5 6395 2 5 3565 33
90.625 6395 2 5 3565 33
90.75 6395 2 5 3565 33
90.875 6395 2 5 3565 33
91 6395 2 5 3565 33
91.125 6395 2 5 3565 33
91.25 6395 2 5 3565 33
91.375 6395 2 5 3565 33
91.5 6395 2 5 3565 33
91.625 6395 2 5 3565 33
91.75 6395 2 5 3565 33
91.875 6395 2 5 3565 33
92 6395 1 6 3565 33
92.125 6395 1 6 3565 33
92.25 6395 1 6 3565 33
92.375 6395 1 6 3565 33
92.5 6395 1 6 3565 33
92.625 6395 1 6 3565 33
92.75 6395 1 6 3565 33
92.875 6395 1 6 3565 33
93 6395 1 6 3565 33
93.125 6395 1 6 3565 33
93.25 6395 1 6 3565 33
93.375 6395 1 6 3565 33
93.5 6395 1 6 3565 33
93.625 6395 1 6 3565 33
93.75 6395 1 6 3565 33
93.875 6395 1 6 3565 33
94 6395 1 5 3566 33
94.125 6395 1 5 3566 33
94.25 6395 1 5 3566 33
94.375 6395 1 5 3566 33
94.5 6395 1 5 3566 33
94.625 6395 1 5 3566 33
94.75 6395 1 5 3566 33
94.875 6395 1 5 3566 33
95 6395 1 5 3566 33
95.125 6395 1 5 3566 33
95.25 6395 1 5 3566 33
95.375 6395 1 5 3566 33
95.5 6395 1 5 3566 33
95.625 6395 1 5 3566 33
95.75 6395 1 5 3566 33
95.875 6395 1 5 3566 33
96 6395 1 5 3566 33
96.125 6395 1 5 3566 33
96.25 6395 1 5 3566 33
96.375 6395 1 5 3566 33
96.5 6395 1 4 3567 33
96.625 6395 0 5 3567 33
96.75 6395 0 5 3567 33
96.875 6395 0 5 3567 33
97 6395 0 5 3567 33
97.125 6395 0 5 3567 33
97.25 6395 0 5 3567 33
97.375 6395 0 5 3567 33
97.5 6395 0 5 3567 33
97.625 6395 0 5 3567 33
97.75 6395 0 5 3567 33
97.875 6395 0 5 3567 33
98 6395 0 4 3568 33
98.125 6395 0 4 3568 33
98.25 6395 0 4 3568 33
98.375 6395 0 4 3568 33
98.5 6395 0 4 3568 33
98.625 6395 0 4 3568 33
98.75 6395 0 4 3568 33
98.875 6395 0 4 3568 33
99 6395 0 4 3568 33
99.125 6395 0 4 3568 33
99.25 6395 0 4 3568 33
99.375 6395 0 4 3568 33
99.5 6395 0 4 3568 33
99.625 6395 0 4 3568 33
99.75 6395 0 4 3568 33
99.875 6395 0 4 3568 33
100 6395 0 4 3568 33
100.125 6395 0 4 3568 33
100.25 6395 0 4 3568 33
100.375 6395 0 4 3568 33
100.5 6395 0 4 3568 33
100.625 6395 0 4 3568 33
100.75 6394 1 4 3568 33
100.875 6394 1 4 3568 33
101 6394 1 3 3569 33
101.125 6394 1 3 3569 33
101.25 6394 1 3 3569 33
101.375 6394 1 3 3569 33
101.5 6394 1 3 3569 33
101.625 6394 1 3 3569 33
101.75 6394 1 3 3569 33
101.875 6394 1 3 3569 33
102 6394 1 3 3569 33
102.125 6394 1 3 3569 33
102.25 6394 1 3 3569 33
102.375 6394 1 3 3569 33
102.5 6394 1 3 3569 33
102.625 6394 1 3 3569 33
102.75 6394 1 2 3570 33
102.875 6394 1 2 3570 33
103 6394 1 2 3570 33
103.125 6394 1 2 3570 33
103.25 6394 1 2 3570 33
103.375 6394 1 2 3570 33
103.5 6394 1 2 3570 33
103.625 6394 1 2 3570 33
103.75 6394 1 2 3570 33
103.875 6394 1 2 3570 33
104 6394 1 2 3570 33
104.125 6394 1 2 3570 33
104.25 6394 1 2 3570 33
104.375 6394 1 2 3570 33
104.5 6394 1 2 3570 33
104.625 6394 1 2 3570 33
104.75 6394 1 2 3570 33
104.875 6394 1 2 3570 33
105 6394 1 2 3570 33
105.125 6394 0 3 3570 33
105.25 6394 0 3 3570 33
105.375 6394 0 3 3570 33
105.5 6394 0 3 3570 33
105.625 6394 0 3 3570 33
105.75 6394 0 3 3570 33
105.875 6394 0 3 3570 33
106 6394 0 3 3570 33
106.125 6394 0 3 3570 33
106.25 6394 0 3 3570 33
106.375 6394 0 3 3570 33
106.5 6394 0 3 3570 33
106.625 6394 0 2 3571 33
106.75 6394 0 2 3571 33
106.875 6394 0 2 3571 33
107 6394 0 2 3571 33
107.125 6394 0 2 3571 33
107.25 6394 0 2 3571 33
107.375 6394 0 2 3571 33
107.5 6394 0 2 3571 33
107.625 6394 0 1 3572 33
107.75 6394 0 1 3572 33
107.875 6394 0 1 3572 33
108 6394 0 1 3572 33
108.125 6394 0 1 3572 33
108.25 6394 0 1 3572 33
108.375 6394 0 1 3572 33
108.5 6394 0 1 3572 33
108.625 6394 0 1 3572 33
108.75 6394 0 1 3572 33
108.875 6393 1 1 3572 33
109 6393 1 1 3572 33
109.125 6393 1 1 3572 33
109.25 6393 1 1 3572 33
109.375 6393 1 1 3572 33
109.5 6393 1 1 3572 33
109.625 6393 1 1 3572 33
109.75 6393 1 1 3572 33
109.875 6393 1 1 3572 33
110 6393 1 1 3572 33
110.125 6393 1 1 3572 33
110.25 6393 1 1 3572 33
110.375 6393 1 1 3572 33
110.5 6393 1 1 3572 33
110.625 6393 0 2 3572 33
110.75 6393 0 2 3572 33
110.875 6393 0 2 3572 33
111 6393 0 2 3572 33
111.125 6393 0 2 3572 33
111.25 6393 0 2 3572 33
111.375 6393 0 2 3572 33
111.5 6393 0 2 3572 33
111.625 6393 0 2 3572 33
111.75 6393 0 2 3572 33
111.875 6393 0 2 3572 33
112 6393 0 1 3573 33
112.125 6393 0 1 3573 33
112.25 6393 0 1 3573 33
112.375 6393 0 1 3573 33
112.5 6393 0 1 3573 33
112.625 6393 0 0 3574 33
