t S E I R D
0 9998 0 2 0 0
0.125 9998 0 2 0 0
0.25 9998 0 2 0 0
0.375 9998 0 2 0 0
0.5 9998 0 2 0 0
0.625 9997 1 2 0 0
0.75 9996 2 2 0 0
0.875 9996 2 2 0 0
1 9996 2 2 0 0
1.125 9996 2 2 0 0
1.25 9996 2 2 0 0
1.375 9996 2 2 0 0
1.5 9996 2 2 0 0
1.625 9996 2 2 0 0
1.75 9996 2 2 0 0
1.875 9996 2 2 0 0
2 9996 1 3 0 0
2.125 9995 2 3 0 0
2.25 9995 2 3 0 0
2.375 9995 2 3 0 0
2.5 9995 1 4 0 0
2.625 9995 0 5 0 0
2.75 9975 20 5 0 0
2.875 9951 44 5 0 0
3 9939 52 9 0 0
3.125 9920 69 11 0 0
3.25 9906 78 16 0 0
3.375 9884 99 15 2 0
3.5 9865 112 20 3 0
3.625 9833 133 31 3 0
3.75 9817 145 35 3 0
3.875 9803 147 47 3 0
4 9783 159 55 3 0
4.125 9757 175 64 4 0
4.25 9732 184 77 6 1
4.375 9705 198 89 7 1
4.5 9680 210 99 10 1
4.625 9659 220 109 11 1
4.75 9636 228 122 13 1
4.875 9610 242 134 13 1
5 9594 244 146 15 1
5.125 9572 255 156 16 1
5.25 9542 270 168 19 1
5.375 9517 277 185 20 1
5.5 9487 288 202 22 1
5.625 9462 296 215 26 1
5.75 9427 311 228 33 1
5.875 9399 324 239 36 2
6 9358 345 255 40 2
6.125 9332 346 275 45 2
6.25 9293 356 302 47 2
6.375 9249 377 319 53 2
6.5 9192 407 340 59 2
6.625 9153 418 365 62 2
6.75 9105 441 381 71 2
6.875 9063 464 392 79 2
7 9004 490 413 91 2
7.125 8963 503 436 96 2
7.25 8912 533 448 105 2
7.375 8869 535 482 112 2
7.5 8822 551 497 128 2
7.625 8757 588 514 139 2
7.75 8688 622 542 146 2
7.875 8644 631 563 160 2
8 8574 659 590 175 2
8.125 8513 684 610 191 2
8.25 8442 724 631 201 2
8.375 8390 727 672 209 2
8.5 8340 731 701 226 2
8.625 8267 758 737 236 2
8.75 8210 778 756 254 2
8.875 8154 787 785 272 2
9 8088 799 825 286 2
9.125 8021 816 861 300 2
9.25 7939 853 887 319 2
9.375 7865 881 918 334 2
9.5 7796 904 946 351 3
9.625 7727 915 980 375 3
9.75 7661 925 1015 396 3
9.875 7587 931 1069 410 3
10 7529 930 1102 435 4
10.125 7463 927 1138 468 4
10.25 7401 932 1170 493 4
10.375 7326 962 1194 514 4
10.5 7263 962 1230 541 4
10.625 7189 974 1275 558 4
10.75 7115 979 1310 592 4
10.875 7049 987 1339 621 4
11 6971 998 1382 645 4
11.125 6911 996 1409 680 4
11.25 6829 1017 1443 707 4
11.375 6758 1024 1482 731 5
11.5 6711 1005 1508 769 7
11.625 6647 1002 1546 796 9
11.75 6580 1008 1576 827 9
11.875 6520 999 1615 855 11
12 6467 1002 1637 883 11
12.125 6412 999 1655 923 11
12.25 6352 991 1682 964 11
12.375 6300 977 1700 1011 12
12.5 6259 958 1722 1049 12
12.625 6213 936 1759 1080 12
12.75 6159 931 1791 1106 13
12.875 6111 926 1817 1132 14
13 6058 926 1847 1155 14
13.125 6014 912 1873 1186 15
13.25 5960 912 1887 1225 16
13.375 5923 888 1909 1264 16
13.5 5866 889 1928 1301 16
13.625 5813 885 1955 1331 16
13.75 5776 880 1958 1368 18
13.875 5730 878 1970 1403 19
14 5688 877 1973 1443 19
14.125 5643 867 1996 1474 20
14.25 5612 856 2007 1505 20
14.375 5575 838 2020 1544 23
14.5 5548 816 2028 1585 23
14.625 5511 804 2043 1619 23
14.75 5480 779 2065 1652 24
14.875 5446 760 2084 1686 24
15 5413 762 2066 1735 24
15.125 5391 739 2068 1778 24
15.25 5367 720 2065 1823 25
15.375 5339 707 2064 1864 26
15.5 5315 686 2074 1898 27
15.625 5287 676 2061 1949 27
15.75 5259 656 2073 1985 27
15.875 5237 643 2066 2027 27
16 5207 636 2062 2068 27
16.125 5179 618 2061 2115 27
16.25 5157 596 2072 2148 27
16.375 5137 578 2073 2185 27
16.5 5108 566 2071 2228 27
16.625 5081 556 2065 2270 28
16.75 5057 547 2054 2313 29
16.875 5033 534 2045 2359 29
17 5008 527 2029 2405 31
17.125 4983 525 2027 2434 31
17.25 4968 504 2026 2471 31
17.375 4941 493 2018 2517 31
17.5 4915 484 2015 2554 32
17.625 4895 478 1998 2597 32
17.75 4873 474 1973 2648 32
17.875 4863 453 1960 2692 32
18 4846 445 1942 2735 32
18.125 4827 437 1931 2772 33
18.25 4805 441 1912 2809 33
18.375 4786 428 1912 2841 33
18.5 4769 423 1901 2873 34
18.625 4756 404 1891 2915 34
18.75 4740 403 1864 2959 34
18.875 4729 387 1862 2987 35
19 4712 376 1853 3023 36
19.125 4695 367 1835 3066 37
19.25 4680 358 1834 3090 38
19.375 4662 358 1819 3123 38
19.5 4650 351 1804 3157 38
19.625 4635 336 1797 3194 38
19.75 4627 325 1771 3239 38
19.875 4616 318 1752 3276 38
20 4598 317 1739 3308 38
20.125 4583 308 1737 3334 38
20.25 4575 294 1725 3368 38
20.375 4564 288 1703 3407 38
20.5 4552 285 1684 3440 39
20.625 4541 279 1671 3470 39
20.75 4528 275 1658 3500 39
20.875 4520 265 1642 3534 39
21 4505 263 1614 3578 40
21.125 4493 260 1584 3623 40
21.25 4480 262 1561 3657 40
21.375 4466 262 1545 3687 40
21.5 4452 264 1521 3722 41
21.625 4450 245 1509 3755 41
21.75 4443 238 1495 3782 42
21.875 4435 232 1482 3808 43
22 4431 219 1473 3834 43
22.125 4423 213 1455 3866 43
22.25 4414 211 1446 3886 43
22.375 4403 207 1427 3920 43
22.5 4392 205 1413 3947 43
22.625 4388 196 1388 3984 44
22.75 4378 199 1370 4009 44
22.875 4374 192 1355 4035 44
23 4369 189 1344 4054 44
23.125 4366 178 1329 4083 44
23.25 4362 168 1313 4113 44
23.375 4357 168 1284 4147 44
23.5 4348 163 1280 4165 44
23.625 4341 160 1271 4184 44
23.75 4332 162 1247 4215 44
23.875 4328 159 1217 4251 45
24 4321 161 1196 4277 45
24.125 4316 162 1179 4298 45
24.25 4310 155 1156 4334 45
24.375 4303 153 1140 4359 45
24.5 4300 146 1123 4386 45
24.625 4296 140 1101 4418 45
24.75 4292 134 1091 4438 45
24.875 4280 142 1066 4466 46
25 4276 136 1052 4490 46
25.125 4273 127 1041 4513 46
25.25 4272 123 1026 4533 46
25.375 4269 121 1012 4552 46
25.5 4267 118 997 4572 46
25.625 4264 114 978 4597 47
25.75 4261 108 962 4622 47
25.875 4253 109 948 4642 48
26 4252 101 935 4664 48
26.125 4248 100 925 4679 48
26.25 4247 95 905 4705 48
26.375 4247 93 885 4727 48
26.5 4244 88 874 4744 50
26.625 4238 87 862 4763 50
26.75 4237 82 850 4781 50
26.875 4236 76 836 4802 50
27 4233 70 830 4816 51
27.125 4230 66 825 4828 51
27.25 4227 67 812 4843 51
27.375 4225 63 794 4867 51
27.5 4224 58 783 4884 51
27.625 4219 61 768 4900 52
27.75 4215 58 761 4914 52
27.875 4214 57 749 4928 52
28 4213 54 736 4945 52
28.125 4209 55 719 4965 52
28.25 4206 51 713 4978 52
28.375 4202 51 704 4991 52
28.5 4199 53 691 5005 52
28.625 4198 50 675 5025 52
28.75 4197 46 672 5033 52
28.875 4194 46 659 5049 52
29 4194 41 644 5069 52
29.125 4189 43 624 5092 52
29.25 4185 45 615 5103 52
29.375 4183 45 610 5110 52
29.5 4180 47 599 5122 52
29.625 4179 46 587 5136 52
29.75 4177 47 577 5147 52
29.875 4176 45 571 5156 52
30 4176 42 557 5173 52
30.125 4175 41 549 5183 52
30.25 4173 38 537 5200 52
30.375 4172 37 532 5207 52
30.5 4169 40 517 5222 52
30.625 4168 39 506 5235 52
30.75 4165 41 498 5244 52
30.875 4164 39 489 5256 52
31 4163 37 487 5261 52
31.125 4162 34 484 5268 52
31.25 4162 33 474 5279 52
31.375 4160 34 464 5290 52
31.5 4158 34 460 5296 52
31.625 4158 33 450 5307 52
31.75 4156 32 439 5321 52
31.875 4155 28 430 5335 52
32 4155 27 424 5342 52
32.125 4155 26 420 5347 52
32.25 4154 26 408 5360 52
32.375 4152 27 397 5372 52
32.5 4150 28 392 5378 52
32.625 4150 26 388 5384 52
32.75 4149 27 379 5393 52
32.875 4145 29 372 5402 52
33 4144 27 364 5413 52
33.125 4142 28 362 5416 52
33.25 4141 28 352 5427 52
33.375 4141 25 350 5432 52
33.5 4140 25 344 5439 52
33.625 4138 26 330 5454 52
33.75 4137 26 321 5464 52
33.875 4137 23 317 5471 52
34 4137 22 313 5476 52
34.125 4136 21 305 5486 52
34.25 4136 19 298 5495 52
34.375 4136 18 291 5503 52
34.5 4135 17 289 5507 52
34.625 4135 17 285 5511 52
34.75 4133 19 278 5518 52
34.875 4133 18 272 5525 52
35 4132 16 268 5532 52
35.125 4131 16 262 5539 52
35.25 4128 18 256 5546 52
35.375 4128 17 253 5550 52
35.5 4128 16 250 5554 52
35.625 4128 15 247 5558 52
35.75 4126 17 241 5564 52
35.875 4126 16 238 5568 52
36 4125 17 231 5575 52
36.125 4125 17 228 5578 52
36.25 4124 18 222 5584 52
36.375 4124 18 218 5588 52
36.5 4122 18 219 5589 52
36.625 4122 18 213 5595 52
36.75 4122 16 214 5596 52
36.875 4121 16 211 5600 52
37 4121 16 208 5603 52
37.125 4119 17 204 5608 52
37.25 4118 17 201 5612 52
37.375 4118 15 200 5615 52
37.5 4117 15 198 5618 52
37.625 4116 15 196 5621 52
37.75 4115 16 195 5622 52
37.875 4115 14 193 5626 52
38 4114 15 188 5630 53
38.125 4114 14 183 5636 53
38.25 4114 14 180 5639 53
38.375 4114 13 178 5642 53
38.5 4111 15 177 5644 53
38.625 4111 14 173 5649 53
38.75 4110 13 172 5652 53
38.875 4109 14 169 5655 53
39 4108 15 167 5657 53
39.125 4108 14 163 5662 53
39.25 4108 13 159 5667 53
39.375 4108 12 159 5668 53
39.5 4108 11 159 5669 53
39.625 4108 11 154 5674 53
39.75 4107 11 151 5678 53
39.875 4107 10 145 5685 53
40 4107 10 144 5686 53
40.125 4107 10 141 5689 53
40.25 4107 10 138 5692 53
40.375 4107 9 138 5693 53
40.5 4107 9 134 5697 53
40.625 4107 8 133 5699 53
40.75 4107 8 130 5702 53
40.875 4106 8 125 5708 53
41 4105 9 121 5712 53
41.125 4105 9 118 5715 53
41.25 4105 9 116 5717 53
41.375 4105 9 114 5719 53
41.5 4105 9 112 5721 53
41.625 4103 10 112 5722 53
41.75 4103 10 111 5723 53
41.875 4103 9 110 5725 53
42 4101 9 110 5727 53
42.125 4101 8 108 5730 53
42.25 4101 7 108 5731 53
42.375 4100 8 107 5732 53
42.5 4100 8 104 5734 54
42.625 4100 8 101 5737 54
42.75 4100 5 104 5737 54
42.875 4100 5 102 5739 54
43 4100 4 100 5742 54
43.125 4100 4 95 5747 54
43.25 4100 4 95 5747 54
43.375 4100 3 93 5750 54
43.5 4100 3 93 5750 54
43.625 4100 3 90 5753 54
43.75 4100 3 88 5755 54
43.875 4100 3 86 5757 54
44 4100 2 87 5757 54
44.125 4100 2 84 5760 54
44.25 4100 2 84 5760 54
44.375 4100 2 81 5763 54
44.5 4099 3 79 5765 54
44.625 4098 4 78 5766 54
44.75 4098 4 77 5767 54
44.875 4098 4 77 5767 54
45 4098 4 75 5769 54
45.125 4098 3 76 5769 54
45.25 4098 2 75 5771 54
45.375 4098 2 74 5772 54
45.5 4098 2 70 5776 54
45.625 4098 2 68 5778 54
45.75 4098 1 66 5781 54
45.875 4098 1 66 5781 54
46 4098 1 63 5784 54
46.125 4098 1 63 5784 54
46.25 4098 1 63 5784 54
46.375 4098 1 61 5786 54
46.5 4098 1 61 5786 54
46.625 4098 1 58 5789 54
46.75 4098 1 57 5790 54
46.875 4098 1 57 5790 54
47 4098 1 54 5793 54
47.125 4098 1 53 5794 54
47.25 4098 1 53 5794 54
47.375 4098 1 52 5795 54
47.5 4098 1 52 5795 54
47.625 4098 1 52 5795 54
47.75 4098 1 51 5796 54
47.875 4098 1 50 5797 54
48 4098 1 47 5800 54
48.125 4098 1 46 5801 54
48.25 4098 1 45 5802 54
48.375 4098 0 45 5803 54
48.5 4098 0 44 5804 54
48.625 4098 0 42 5806 54
48.75 4098 0 41 5807 54
48.875 4098 0 41 5807 54
49 4098 0 40 5808 54
49.125 4098 0 40 5808 54
49.25 4098 0 40 5808 54
49.375 4098 0 40 5808 54
49.5 4098 0 39 5809 54
49.625 4098 0 38 5810 54
49.75 4098 0 37 5811 54
49.875 4098 0 37 5811 54
50 4098 0 37 5811 54
50.125 4098 0 34 5814 54
50.25 4098 0 34 5814 54
50.375 4098 0 34 5814 54
50.5 4098 0 34 5814 54
50.625 4098 0 34 5814 54
50.75 4098 0 34 5814 54
50.875 4098 0 33 5815 54
51 4098 0 33 5815 54
51.125 4098 0 33 5815 54
51.25 4098 0 33 5815 54
51.375 4098 0 33 5815 54
51.5 4098 0 33 5815 54
51.625 4098 0 32 5816 54
51.75 4098 0 32 5816 54
51.875 4098 0 31 5817 54
52 4098 0 31 5817 54
52.125 4098 0 31 5817 54
52.25 4098 0 30 5818 54
52.375 4098 0 29 5819 54
52.5 4098 0 29 5819 54
52.625 4098 0 28 5820 54
52.75 4098 0 27 5821 54
52.875 4098 0 27 5821 54
53 4098 0 26 5822 54
53.125 4098 0 25 5823 54
53.25 4098 0 25 5823 54
53.375 4098 0 25 5823 54
53.5 4098 0 24 5824 54
53.625 4098 0 24 5824 54
53.75 4098 0 24 5824 54
53.875 4098 0 23 5825 54
54 4098 0 22 5826 54
54.125 4098 0 20 5828 54
54.25 4098 0 19 5829 54
54.375 4098 0 19 5829 54
54.5 4098 0 18 5830 54
54.625 4098 0 18 5830 54
54.75 4098 0 18 5830 54
54.875 4098 0 18 5830 54
55 4098 0 18 5830 54
55.125 4098 0 16 5832 54
55.25 4098 0 16 5832 54
55.375 4098 0 14 5834 54
55.5 4098 0 13 5835 54
55.625 4098 0 13 5835 54
55.75 4098 0 13 5835 54
55.875 4098 0 12 5836 54
56 4098 0 12 5836 54
56.125 4098 0 12 5836 54
56.25 4098 0 11 5837 54
56.375 4098 0 10 5838 54
56.5 4098 0 10 5838 54
56.625 4098 0 10 5838 54
56.75 4098 0 10 5838 54
56.875 4098 0 10 5838 54
57 4098 0 10 5838 54
57.125 4098 0 10 5838 54
57.25 4098 0 10 5838 54
57.375 4098 0 10 5838 54
57.5 4098 0 10 5838 54
57.625 4098 0 9 5839 54
57.75 4098 0 9 5839 54
57.875 4098 0 9 5839 54
58 4098 0 9 5839 54
58.125 4098 0 9 5839 54
58.25 4098 0 8 5840 54
58.375 4098 0 8 5840 54
58.5 4098 0 8 5840 54
58.625 4098 0 8 5840 54
58.75 4098 0 8 5840 54
58.875 4098 0 8 5840 54
59 4098 0 8 5840 54
59.125 4098 0 8 5840 54
59.25 4098 0 8 5840 54
59.375 4098 0 8 5840 54
59.5 4098 0 8 5840 54
59.625 4098 0 8 5840 54
59.75 4098 0 8 5840 54
59.875 4098 0 8 5840 54
60 4098 0 6 5842 54
60.125 4098 0 6 5842 54
60.25 4098 0 6 5842 54
60.375 4098 0 5 5843 54
60.5 4098 0 5 5843 54
60.625 4098 0 5 5843 54
60.75 4098 0 5 5843 54
60.875 4098 0 5 5843 54
61 4098 0 5 5843 54
61.125 4098 0 5 5843 54
61.25 4098 0 5 5843 54
61.375 4098 0 5 5843 54
61.5 4098 0 4 5844 54
61.625 4098 0 4 5844 54
61.75 4098 0 4 5844 54
61.875 4098 0 4 5844 54
62 4098 0 4 5844 54
62.125 4098 0 4 5844 54
62.25 4098 0 4 5844 54
62.375 4098 0 4 5844 54
62.5 4098 0 4 5844 54
62.625 4098 0 4 5844 54
62.75 4098 0 4 5844 54
62.875 4098 0 4 5844 54
63 4098 0 4 5844 54
63.125 4098 0 4 5844 54
63.25 4098 0 4 5844 54
63.375 4098 0 4 5844 54
63.5 4098 0 4 5844 54
63.625 4098 0 4 5844 54
63.75 4098 0 4 5844 54
63.875 4098 0 4 5844 54
64 4098 0 4 5844 54
64.125 4098 0 4 5844 54
64.25 4098 0 4 5844 54
64.375 4098 0 4 5844 54
64.5 4098 0 4 5844 54
64.625 4098 0 4 5844 54
64.75 4098 0 4 5844 54
64.875 4098 0 4 5844 54
65 4098 0 4 5844 54
65.125 4098 0 4 5844 54
65.25 4098 0 4 5844 54
65.375 4098 0 4 5844 54
65.5 4098 0 3 5845 54
65.625 4098 0 3 5845 54
65.75 4098 0 3 5845 54
65.875 4098 0 3 5845 54
66 4098 0 3 5845 54
66.125 4098 0 3 5845 54
66.25 4098 0 2 5846 54
66.375 4098 0 2 5846 54
66.5 4098 0 2 5846 54
66.625 4098 0 2 5846 54
66.75 4098 0 2 5846 54
66.875 4098 0 2 5846 54
67 4098 0 2 5846 54
67.125 4098 0 2 5846 54
67.25 4098 0 2 5846 54
67.375 4098 0 2 5846 54
67.5 4098 0 2 5846 54
67.625 4098 0 2 5846 54
67.75 4098 0 2 5846 54
67.875 4098 0 2 5846 54
68 4098 0 2 5846 54
68.125 4098 0 2 5846 54
68.25 4098 0 2 5846 54
68.375 4098 0 2 5846 54
68.5 4098 0 2 5846 54
68.625 4098 0 2 5846 54
68.75 4098 0 2 5846 54
68.875 4098 0 2 5846 54
69 4098 0 2 5846 54
69.125 4098 0 2 5846 54
69.25 4098 0 2 5846 54
69.375 4098 0 2 5846 54
69.5 4098 0 2 5846 54
69.625 4098 0 2 5846 54
69.75 4098 0 1 5847 54
69.875 4098 0 1 5847 54
70 4098 0 1 5847 54
70.125 4098 0 1 5847 54
70.25 4098 0 1 5847 54
70.375 4098 0 1 5847 54
70.5 4098 0 1 5847 54
70.625 4098 0 1 5847 54
70.75 4098 0 1 5847 54
70.875 4098 0 1 5847 54
71 4098 0 1 5847 54
71.125 4098 0 1 5847 54
71.25 4098 0 1 5847 54
71.375 4098 0 1 5847 54
71.5 4098 0 1 5847 54
71.625 4098 0 1 5847 54
71.75 4098 0 1 5847 54
71.875 4098 0 1 5847 54
72 4098 0 1 5847 54
72.125 4098 0 1 5847 54
72.25 4098 0 1 5847 54
72.375 4098 0 1 5847 54
72.5 4098 0 1 5847 54
72.625 4098 0 1 5847 54
72.75 4098 0 1 5847 54
72.875 4098 0 1 5847 54
73 4098 0 1 5847 54
73.125 4098 0 1 5847 54
73.25 4098 0 1 5847 54
73.375 4098 0 1 5847 54
73.5 4098 0 1 5847 54
73.625 4098 0 1 5847 54
73.75 4098 0 1 5847 54
73.875 4098 0 1 5847 54
74 4098 0 1 5847 54
74.125 4098 0 1 5847 54
74.25 4098 0 1 5847 54
74.375 4098 0 1 5847 54
74.5 4098 0 1 5847 54
74.625 4098 0 1 5847 54
74.75 4098 0 1 5847 54
74.875 4098 0 1 5847 54
75 4098 0 1 5847 54
75.125 4098 0 1 5847 54
75.25 4098 0 1 5847 54
75.375 4098 0 1 5847 54
75.5 4098 0 1 5847 54
75.625 4098 0 1 5847 54
75.75 4098 0 1 5847 54
75.875 4098 0 1 5847 54
76 4098 0 1 5847 54
76.125 4098 0 1 5847 54
76.25 4098 0 1 5847 54
76.375 4098 0 1 5847 54
76.5 4098 0 1 5847 54
76.625 4098 0 1 5847 54
76.75 4098 0 1 5847 54
76.875 4098 0 1 5847 54
77 4098 0 1 5847 54
77.125 4098 0 0 5848 54
