t S E I R D
0 9998 0 2 0 0
0.125 9997 1 2 0 0
0.25 9996 2 2 0 0
0.375 9996 2 2 0 0
0.5 9996 2 2 0 0
0.625 9995 3 2 0 0
0.75 9995 3 2 0 0
0.875 9994 4 2 0 0
1 9994 4 2 0 0
1.125 9993 5 2 0 0
1.25 9993 5 2 0 0
1.375 9993 5 2 0 0
1.5 9993 5 2 0 0
1.625 9993 5 2 0 0
1.75 9993 5 2 0 0
1.875 9993 5 2 0 0
2 9993 5 2 0 0
2.125 9993 5 2 0 0
2.25 9993 5 2 0 0
2.375 9993 5 2 0 0
2.5 9993 5 2 0 0
2.625 9993 4 3 0 0
2.75 9993 4 3 0 0
2.875 9993 4 3 0 0
3 9993 4 3 0 0
3.125 9992 5 3 0 0
3.25 9992 5 3 0 0
3.375 9992 5 3 0 0
3.5 9992 5 3 0 0
3.625 9992 5 3 0 0
3.75 9992 4 4 0 0
3.875 9987 7 6 0 0
4 9987 6 6 1 0
4.125 9987 6 6 1 0
4.25 9983 10 6 1 0
4.375 9982 11 6 1 0
4.5 9981 11 6 2 0
4.625 9981 11 6 2 0
4.75 9981 10 7 2 0
4.875 9981 10 7 2 0
5 9980 10 8 2 0
5.125 9977 13 8 2 0
5.25 9975 14 9 2 0
5.375 9975 13 10 2 0
5.5 9974 13 10 3 0
5.625 9971 16 10 3 0
5.75 9969 18 9 4 0
5.875 9969 18 9 4 0
6 9969 17 10 4 0
6.125 9968 17 11 4 0
6.25 9966 18 12 4 0
6.375 9966 15 15 4 0
6.5 9966 13 16 5 0
6.625 9965 13 17 5 0
6.75 9964 13 18 5 0
6.875 9961 14 20 5 0
7 9956 19 20 5 0
7.125 9956 18 21 5 0
7.25 9954 17 24 5 0
7.375 9948 23 23 6 0
7.5 9934 36 24 6 0
7.625 9924 44 26 6 0
7.75 9916 47 31 6 0
7.875 9907 52 35 6 0
8 9893 62 39 6 0
8.125 9874 78 41 7 0
8.25 9860 89 44 7 0
8.375 9852 95 46 7 0
8.5 9837 104 51 8 0
8.625 9821 117 52 10 0
8.75 9802 125 62 11 0
8.875 9791 128 68 13 0
9 9779 134 71 16 0
9.125 9756 151 77 16 0
9.25 9736 165 81 18 0
9.375 9721 172 87 20 0
9.5 9698 184 94 24 0
9.625 9671 196 106 27 0
9.75 9640 219 112 29 0
9.875 9616 230 124 30 0
10 9586 249 130 35 0
10.125 9560 257 146 37 0
10.25 9522 279 156 43 0
10.375 9484 297 174 45 0
10.5 9452 317 185 46 0
10.625 9401 346 206 47 0
10.75 9347 379 221 53 0
10.875 9273 433 236 58 0
11 9214 470 254 62 0
11.125 9143 512 279 66 0
11.25 9080 541 307 72 0
11.375 9037 554 329 80 0
11.5 8969 583 362 86 0
11.625 8899 611 399 91 0
11.75 8833 651 414 102 0
11.875 8764 686 441 109 0
12 8694 702 489 115 0
12.125 8621 722 534 123 0
12.25 8524 766 577 133 0
12.375 8455 796 602 147 0
12.5 8378 835 623 164 0
12.625 8299 858 665 178 0
12.75 8207 894 705 193 1
12.875 8171 881 736 210 2
13 8133 862 772 231 2
13.125 8108 833 810 246 3
13.25 8076 799 860 262 3
13.375 8043 785 883 285 4
13.5 8026 760 903 307 4
13.625 7989 751 929 327 4
13.75 7955 754 941 344 6
13.875 7924 743 959 368 6
14 7899 721 980 394 6
14.125 7864 712 1005 413 6
14.25 7833 699 1031 431 6
14.375 7811 689 1044 450 6
14.5 7781 671 1076 466 6
14.625 7754 647 1103 490 6
14.75 7724 635 1126 509 6
14.875 7698 618 1137 541 6
15 7671 602 1159 562 6
15.125 7637 602 1171 584 6
15.25 7620 579 1178 616 7
15.375 7590 573 1195 635 7
15.5 7564 560 1214 655 7
15.625 7531 558 1224 680 7
15.75 7505 537 1255 696 7
15.875 7477 532 1259 725 7
16 7441 535 1268 748 8
16.125 7412 535 1265 780 8
16.25 7378 543 1264 807 8
16.375 7355 537 1261 839 8
16.5 7329 532 1268 863 8
16.625 7302 532 1269 889 8
16.75 7277 526 1267 922 8
16.875 7247 520 1273 952 8
17 7212 525 1276 979 8
17.125 7192 519 1277 1004 8
17.25 7166 516 1275 1034 9
17.375 7139 516 1280 1055 10
17.5 7120 497 1293 1079 11
17.625 7091 501 1295 1102 11
17.75 7073 476 1305 1135 11
17.875 7047 473 1300 1169 11
18 7023 472 1302 1192 11
18.125 6990 480 1297 1221 12
18.25 6965 479 1294 1249 13
18.375 6945 462 1310 1269 14
18.5 6931 448 1311 1296 14
18.625 6902 441 1310 1332 15
18.75 6887 422 1322 1354 15
18.875 6872 413 1317 1383 15
19 6857 404 1317 1406 16
19.125 6835 393 1319 1437 16
19.25 6817 375 1331 1461 16
19.375 6798 366 1333 1487 16
19.5 6778 363 1336 1507 16
19.625 6757 358 1339 1530 16
19.75 6735 358 1341 1550 16
19.875 6714 355 1335 1580 16
20 6690 359 1331 1604 16
20.125 6672 343 1342 1627 16
20.25 6641 354 1330 1659 16
20.375 6619 354 1323 1688 16
20.5 6603 341 1329 1711 16
20.625 6580 348 1327 1729 16
20.75 6562 336 1332 1754 16
20.875 6548 324 1322 1790 16
21 6527 325 1310 1822 16
21.125 6511 322 1305 1846 16
21.25 6490 320 1295 1879 16
21.375 6476 310 1296 1901 17
21.5 6454 310 1296 1923 17
21.625 6443 304 1286 1950 17
21.75 6424 306 1281 1972 17
21.875 6404 317 1258 2003 18
22 6384 317 1252 2028 19
22.125 6367 305 1254 2054 20
22.25 6349 306 1244 2081 20
22.375 6331 303 1235 2111 20
22.5 6311 304 1235 2130 20
22.625 6289 310 1228 2153 20
22.75 6277 299 1223 2181 20
22.875 6252 299 1223 2206 20
23 6244 290 1210 2236 20
23.125 6227 291 1200 2262 20
23.25 6215 278 1193 2294 20
23.375 6203 272 1186 2319 20
23.5 6193 266 1173 2348 20
23.625 6174 267 1160 2379 20
23.75 6161 270 1140 2409 20
23.875 6156 259 1131 2433 21
24 6137 253 1125 2464 21
24.125 6125 254 1110 2488 23
24.25 6115 254 1099 2509 23
24.375 6108 248 1085 2535 24
24.5 6101 245 1073 2557 24
24.625 6093 245 1055 2583 24
24.75 6088 235 1047 2606 24
24.875 6082 225 1039 2630 24
25 6067 223 1038 2647 25
25.125 6055 218 1035 2667 25
25.25 6049 212 1026 2688 25
25.375 6043 205 1006 2720 26
25.5 6032 198 1005 2739 26
25.625 6014 196 1005 2759 26
25.75 6003 187 1002 2782 26
25.875 5988 190 986 2810 26
26 5977 184 978 2834 27
26.125 5969 183 968 2853 27
26.25 5966 171 953 2883 27
26.375 5960 168 938 2907 27
26.5 5950 164 936 2923 27
26.625 5942 166 927 2938 27
26.75 5931 169 923 2950 27
26.875 5923 168 907 2975 27
27 5915 165 903 2990 27
27.125 5903 169 890 3011 27
27.25 5894 170 878 3031 27
27.375 5886 168 866 3053 27
27.5 5879 157 871 3066 27
27.625 5871 157 866 3079 27
27.75 5862 155 857 3099 27
27.875 5859 144 861 3109 27
28 5849 145 849 3130 27
28.125 5844 140 843 3146 27
28.25 5837 137 840 3159 27
28.375 5831 133 840 3169 27
28.5 5824 132 835 3182 27
28.625 5815 134 822 3202 27
28.75 5812 126 818 3217 27
28.875 5808 115 811 3239 27
29 5803 112 804 3253 28
29.125 5798 113 792 3269 28
29.25 5796 103 782 3289 30
29.375 5791 103 760 3316 30
29.5 5783 101 753 3333 30
29.625 5776 105 744 3345 30
29.75 5768 109 731 3362 30
29.875 5761 112 721 3376 30
30 5754 110 716 3390 30
30.125 5749 111 708 3401 31
30.25 5745 109 699 3416 31
30.375 5739 111 688 3431 31
30.5 5737 107 676 3449 31
30.625 5733 107 671 3458 31
30.75 5726 109 664 3469 32
30.875 5723 105 659 3481 32
31 5720 103 651 3494 32
31.125 5714 102 652 3500 32
31.25 5711 100 639 3518 32
31.375 5706 98 634 3530 32
31.5 5700 99 625 3544 32
31.625 5696 100 618 3554 32
31.75 5694 95 611 3567 33
31.875 5689 93 608 3577 33
32 5684 93 595 3595 33
32.125 5682 87 585 3613 33
32.25 5679 85 580 3623 33
32.375 5676 86 569 3636 33
32.5 5671 82 569 3645 33
32.625 5663 86 564 3654 33
32.75 5659 86 555 3667 33
32.875 5654 83 549 3681 33
33 5651 82 542 3692 33
33.125 5648 82 535 3702 33
33.25 5646 77 529 3715 33
33.375 5643 77 522 3725 33
33.5 5640 74 518 3735 33
33.625 5635 74 514 3744 33
33.75 5633 67 512 3755 33
33.875 5629 65 508 3765 33
34 5627 63 503 3774 33
34.125 5622 67 493 3785 33
34.25 5618 67 487 3795 33
34.375 5614 70 477 3806 33
34.5 5610 67 472 3818 33
34.625 5607 67 460 3832 34
34.75 5604 68 449 3845 34
34.875 5602 67 444 3853 34
35 5600 65 439 3862 34
35.125 5596 64 438 3868 34
35.25 5594 64 429 3879 34
35.375 5590 64 423 3888 35
35.5 5588 59 426 3892 35
35.625 5585 60 422 3898 35
35.75 5583 59 413 3910 35
35.875 5582 57 412 3914 35
36 5579 59 407 3920 35
36.125 5577 54 407 3927 35
36.25 5575 51 407 3931 36
36.375 5571 55 401 3937 36
36.5 5570 54 395 3945 36
36.625 5568 53 391 3952 36
36.75 5566 50 389 3959 36
36.875 5563 51 380 3970 36
37 5561 51 376 3976 36
37.125 5560 46 377 3981 36
37.25 5555 50 367 3992 36
37.375 5551 52 357 4004 36
37.5 5549 50 351 4014 36
37.625 5543 55 346 4020 36
37.75 5542 52 340 4030 36
37.875 5541 50 336 4037 36
38 5537 50 329 4048 36
38.125 5537 45 328 4054 36
38.25 5536 40 329 4059 36
38.375 5535 40 320 4068 37
38.5 5533 39 316 4075 37
38.625 5530 40 313 4080 37
38.75 5529 38 309 4086 38
38.875 5529 35 304 4094 38
39 5528 35 298 4099 40
39.125 5525 35 292 4108 40
39.25 5524 35 284 4117 40
39.375 5522 35 281 4122 40
39.5 5519 35 279 4127 40
39.625 5518 36 268 4138 40
39.75 5516 36 263 4145 40
39.875 5516 34 261 4148 41
40 5515 33 255 4156 41
40.125 5514 31 254 4160 41
40.25 5513 28 253 4165 41
40.375 5511 30 249 4169 41
40.5 5508 28 247 4176 41
40.625 5508 26 240 4185 41
40.75 5505 29 237 4188 41
40.875 5503 30 236 4190 41
41 5502 31 227 4199 41
41.125 5500 28 224 4207 41
41.25 5500 28 219 4212 41
41.375 5496 32 213 4218 41
41.5 5495 31 211 4221 42
41.625 5492 32 210 4224 42
41.75 5489 30 213 4226 42
41.875 5489 29 208 4230 44
42 5486 30 206 4234 44
42.125 5485 29 201 4240 45
42.25 5484 28 199 4244 45
42.375 5484 26 200 4245 45
42.5 5484 25 197 4249 45
42.625 5482 25 194 4254 45
42.75 5481 23 193 4258 45
42.875 5481 23 190 4261 45
43 5481 22 185 4267 45
43.125 5480 22 175 4278 45
43.25 5478 23 175 4279 45
43.375 5476 24 172 4282 46
43.5 5476 23 169 4286 46
43.625 5475 22 168 4289 46
43.75 5473 24 166 4291 46
43.875 5471 26 165 4292 46
44 5471 26 158 4299 46
44.125 5470 25 154 4305 46
44.25 5469 25 151 4309 46
44.375 5467 25 151 4311 46
44.5 5466 24 151 4313 46
44.625 5466 21 151 4316 46
44.75 5466 19 148 4321 46
44.875 5465 19 149 4321 46
45 5465 18 144 4327 46
45.125 5465 16 144 4329 46
45.25 5464 16 139 4334 47
45.375 5464 15 139 4335 47
45.5 5464 14 138 4337 47
45.625 5462 15 136 4340 47
45.75 5462 15 135 4341 47
45.875 5462 14 129 4348 47
46 5462 14 128 4349 47
46.125 5462 13 125 4353 47
46.25 5462 12 125 4354 47
46.375 5462 9 126 4356 47
46.5 5462 9 125 4357 47
46.625 5462 9 121 4361 47
46.75 5462 9 120 4362 47
46.875 5462 8 117 4366 47
47 5462 7 116 4368 47
47.125 5461 8 115 4369 47
47.25 5461 7 113 4372 47
47.375 5461 7 110 4375 47
47.5 5461 7 107 4378 47
47.625 5460 8 104 4381 47
47.75 5458 10 98 4387 47
47.875 5457 10 96 4390 47
48 5457 9 94 4393 47
48.125 5457 8 93 4395 47
48.25 5457 7 92 4397 47
48.375 5457 5 94 4397 47
48.5 5457 5 92 4399 47
48.625 5457 4 90 4402 47
48.75 5457 3 89 4404 47
48.875 5457 3 88 4405 47
49 5457 3 87 4406 47
49.125 5453 7 84 4409 47
49.25 5452 7 84 4410 47
49.375 5451 8 82 4412 47
49.5 5450 9 77 4417 47
49.625 5450 8 78 4417 47
49.75 5450 8 75 4420 47
49.875 5450 8 75 4420 47
50 5449 9 74 4421 47
50.125 5449 7 76 4421 47
50.25 5449 7 74 4423 47
50.375 5449 7 71 4426 47
50.5 5449 7 71 4426 47
50.625 5449 7 70 4427 47
50.75 5449 7 68 4429 47
50.875 5449 6 69 4429 47
51 5448 6 69 4429 48
51.125 5447 7 67 4431 48
51.25 5445 9 67 4431 48
51.375 5445 7 68 4432 48
51.5 5445 6 69 4432 48
51.625 5444 7 69 4432 48
51.75 5443 8 69 4432 48
51.875 5443 8 67 4434 48
52 5443 8 65 4436 48
52.125 5443 7 63 4439 48
52.25 5443 7 61 4441 48
52.375 5443 6 62 4441 48
52.5 5443 5 61 4443 48
52.625 5443 5 56 4447 49
52.75 5443 4 56 4448 49
52.875 5443 4 56 4448 49
53 5443 4 55 4449 49
53.125 5441 6 53 4451 49
53.25 5441 6 51 4453 49
53.375 5441 6 50 4454 49
53.5 5441 5 50 4455 49
53.625 5441 3 51 4456 49
53.75 5441 2 51 4457 49
53.875 5441 2 50 4458 49
54 5441 1 51 4458 49
54.125 5441 1 49 4460 49
54.25 5441 1 48 4461 49
54.375 5441 1 47 4462 49
54.5 5441 1 46 4463 49
54.625 5441 1 45 4464 49
54.75 5441 1 43 4466 49
54.875 5441 1 42 4467 49
55 5441 1 42 4467 49
55.125 5441 1 41 4468 49
55.25 5441 1 40 4469 49
55.375 5441 1 40 4469 49
55.5 5441 1 39 4470 49
55.625 5441 1 38 4471 49
55.75 5441 1 38 4471 49
55.875 5441 1 36 4473 49
56 5440 2 36 4473 49
56.125 5440 2 35 4474 49
56.25 5440 1 36 4474 49
56.375 5440 1 36 4474 49
56.5 5439 2 36 4474 49
56.625 5439 2 35 4475 49
56.75 5439 2 34 4476 49
56.875 5439 1 35 4476 49
57 5439 1 34 4477 49
57.125 5439 1 34 4477 49
57.25 5439 1 32 4479 49
57.375 5439 1 31 4480 49
57.5 5439 1 31 4480 49
57.625 5439 1 31 4480 49
57.75 5437 3 31 4480 49
57.875 5437 2 32 4480 49
58 5437 2 32 4480 49
58.125 5437 2 32 4480 49
58.25 5436 3 31 4481 49
58.375 5436 3 31 4481 49
58.5 5436 3 29 4483 49
58.625 5436 3 28 4484 49
58.75 5436 3 28 4484 49
58.875 5436 3 28 4484 49
59 5436 3 27 4485 49
59.125 5436 3 27 4485 49
59.25 5436 3 27 4485 49
59.375 5436 3 27 4485 49
59.5 5436 3 27 4485 49
59.625 5436 3 27 4485 49
59.75 5436 3 26 4486 49
59.875 5435 4 25 4487 49
60 5435 2 27 4487 49
60.125 5435 2 26 4488 49
60.25 5435 2 26 4488 49
60.375 5435 2 25 4489 49
60.5 5435 2 25 4489 49
60.625 5435 2 25 4489 49
60.75 5435 2 25 4489 49
60.875 5435 1 26 4489 49
61 5433 3 26 4489 49
61.125 5433 3 25 4490 49
61.25 5433 2 25 4491 49
61.375 5433 2 24 4492 49
61.5 5433 1 25 4492 49
61.625 5433 1 25 4492 49
61.75 5433 1 25 4492 49
61.875 5433 1 25 4492 49
62 5433 1 25 4492 49
62.125 5433 1 24 4493 49
62.25 5433 1 24 4493 49
62.375 5433 1 24 4493 49
62.5 5433 1 24 4493 49
62.625 5433 1 24 4493 49
62.75 5433 1 24 4493 49
62.875 5433 1 21 4496 49
63 5433 1 20 4497 49
63.125 5433 0 21 4497 49
63.25 5432 1 21 4497 49
63.375 5432 1 21 4497 49
63.5 5432 1 20 4498 49
63.625 5432 1 20 4498 49
63.75 5432 1 19 4499 49
63.875 5432 1 19 4499 49
64 5432 1 18 4500 49
64.125 5432 1 18 4500 49
64.25 5432 1 18 4500 49
64.375 5432 1 17 4501 49
64.5 5432 1 17 4501 49
64.625 5432 1 17 4501 49
64.75 5432 1 17 4501 49
64.875 5432 1 17 4501 49
65 5432 1 17 4501 49
65.125 5432 1 17 4501 49
65.25 5432 1 17 4501 49
65.375 5432 1 17 4501 49
65.5 5432 1 14 4504 49
65.625 5432 0 15 4504 49
65.75 5432 0 14 4505 49
65.875 5432 0 14 4505 49
66 5432 0 14 4505 49
66.125 5432 0 14 4505 49
66.25 5432 0 13 4506 49
66.375 5432 0 13 4506 49
66.5 5432 0 13 4506 49
66.625 5432 0 13 4506 49
66.75 5432 0 13 4506 49
66.875 5432 0 13 4506 49
67 5432 0 12 4507 49
67.125 5432 0 10 4509 49
67.25 5432 0 9 4510 49
67.375 5432 0 8 4511 49
67.5 5432 0 8 4511 49
67.625 5432 0 8 4511 49
67.75 5432 0 8 4511 49
67.875 5432 0 8 4511 49
68 5432 0 8 4511 49
68.125 5432 0 8 4511 49
68.25 5432 0 7 4512 49
68.375 5432 0 7 4512 49
68.5 5432 0 6 4513 49
68.625 5432 0 6 4513 49
68.75 5432 0 5 4514 49
68.875 5432 0 5 4514 49
69 5432 0 5 4514 49
69.125 5432 0 5 4514 49
69.25 5432 0 5 4514 49
69.375 5432 0 5 4514 49
69.5 5432 0 5 4514 49
69.625 5432 0 4 4515 49
69.75 5432 0 4 4515 49
69.875 5432 0 4 4515 49
70 5432 0 4 4515 49
70.125 5432 0 4 4515 49
70.25 5432 0 4 4515 49
70.375 5432 0 4 4515 49
70.5 5432 0 4 4515 49
70.625 5432 0 4 4515 49
70.75 5432 0 3 4516 49
70.875 5432 0 3 4516 49
71 5432 0 3 4516 49
71.125 5432 0 3 4516 49
71.25 5432 0 3 4516 49
71.375 5432 0 3 4516 49
71.5 5432 0 2 4517 49
71.625 5432 0 2 4517 49
71.75 5432 0 2 4517 49
71.875 5432 0 2 4517 49
72 5432 0 2 4517 49
72.125 5432 0 2 4517 49
72.25 5432 0 2 4517 49
72.375 5432 0 1 4518 49
72.5 5432 0 1 4518 49
72.625 5432 0 1 4518 49
72.75 5432 0 1 4518 49
72.875 5432 0 1 4518 49
73 5432 0 1 4518 49
73.125 5432 0 1 4518 49
73.25 5432 0 1 4518 49
73.375 5432 0 1 4518 49
73.5 5432 0 1 4518 49
73.625 5432 0 1 4518 49
73.75 5432 0 1 4518 49
73.875 5432 0 1 4518 49
74 5432 0 1 4518 49
74.125 5432 0 1 4518 49
74.25 5432 0 1 4518 49
74.375 5432 0 1 4518 49
74.5 5432 0 1 4518 49
74.625 5432 0 1 4518 49
74.75 5432 0 1 4518 49
74.875 5432 0 1 4518 49
75 5432 0 1 4518 49
75.125 5432 0 1 4518 49
75.25 5432 0 1 4518 49
75.375 5432 0 1 4518 49
75.5 5432 0 0 4519 49
