t S E I R D
0 9998 0 2 0 0
0.125 9998 0 2 0 0
0.25 9998 0 2 0 0
0.375 9998 0 2 0 0
0.5 9998 0 2 0 0
0.625 9998 0 2 0 0
0.75 9998 0 2 0 0
0.875 9998 0 2 0 0
1 9997 1 2 0 0
1.125 9997 1 2 0 0
1.25 9997 1 2 0 0
1.375 9997 1 2 0 0
1.5 9996 2 2 0 0
1.625 9996 2 2 0 0
1.75 9996 2 2 0 0
1.875 9996 2 2 0 0
2 9996 2 2 0 0
2.125 9996 2 2 0 0
2.25 9995 3 2 0 0
2.375 9995 3 2 0 0
2.5 9995 3 2 0 0
2.625 9994 4 2 0 0
2.75 9994 4 2 0 0
2.875 9994 3 3 0 0
3 9993 4 3 0 0
3.125 9993 4 3 0 0
3.25 9993 4 3 0 0
3.375 9991 6 3 0 0
3.5 9990 7 3 0 0
3.625 9990 7 3 0 0
3.75 9990 7 3 0 0
3.875 9990 7 3 0 0
4 9989 7 4 0 0
4.125 9988 8 4 0 0
4.25 9987 9 4 0 0
4.375 9987 8 5 0 0
4.5 9984 11 4 1 0
4.625 9980 14 5 1 0
4.75 9974 20 5 1 0
4.875 9970 23 6 1 0
5 9966 25 8 1 0
5.125 9962 28 8 2 0
5.25 9957 33 8 2 0
5.375 9953 33 12 2 0
5.5 9947 38 11 4 0
5.625 9942 39 15 4 0
5.75 9942 36 18 4 0
5.875 9937 36 23 4 0
6 9933 40 22 5 0
6.125 9922 47 25 6 0
6.25 9909 54 31 6 0
6.375 9897 64 33 6 0
6.5 9890 68 35 7 0
6.625 9881 74 38 7 0
6.75 9871 79 42 8 0
6.875 9855 90 46 9 0
7 9843 101 43 13 0
7.125 9837 102 48 13 0
7.25 9828 102 56 14 0
7.375 9808 118 58 15 1
7.5 9802 117 64 16 1
7.625 9797 112 74 16 1
7.75 9791 115 77 16 1
7.875 9783 115 81 20 1
8 9773 116 85 25 1
8.125 9765 119 89 26 1
8.25 9752 119 101 27 1
8.375 9745 117 109 28 1
8.5 9731 120 119 29 1
8.625 9717 128 124 30 1
8.75 9708 126 131 34 1
8.875 9698 125 137 39 1
9 9678 142 134 45 1
9.125 9669 145 137 48 1
9.25 9657 147 143 52 1
9.375 9643 154 149 53 1
9.5 9634 152 157 56 1
9.625 9616 163 160 60 1
9.75 9604 164 168 63 1
9.875 9585 169 178 67 1
10 9572 177 179 71 1
10.125 9561 178 188 72 1
10.25 9544 183 196 76 1
10.375 9530 183 206 80 1
10.5 9511 194 211 83 1
10.625 9495 197 223 84 1
10.75 9478 203 229 89 1
10.875 9459 204 243 93 1
11 9440 207 255 97 1
11.125 9418 220 257 104 1
11.25 9397 229 263 110 1
11.375 9375 239 272 113 1
11.5 9353 243 284 119 1
11.625 9339 237 297 126 1
11.75 9319 238 311 131 1
11.875 9300 249 311 139 1
12 9274 259 325 141 1
12.125 9257 262 336 144 1
12.25 9231 281 335 152 1
12.375 9209 288 344 157 2
12.5 9195 288 349 166 2
12.625 9177 284 365 172 2
12.75 9161 284 370 183 2
12.875 9143 287 377 191 2
13 9129 283 390 196 2
13.125 9104 297 396 201 2
13.25 9072 312 405 209 2
13.375 9043 317 419 219 2
13.5 9021 318 433 226 2
13.625 8991 323 445 237 4
13.75 8973 318 460 244 5
13.875 8959 309 471 256 5
14 8932 320 481 262 5
14.125 8911 328 484 272 5
14.25 8882 332 500 281 5
14.375 8860 331 515 289 5
14.5 8837 334 521 303 5
14.625 8807 342 534 311 6
14.75 8784 345 548 317 6
14.875 8767 343 553 331 6
15 8744 345 559 346 6
15.125 8725 341 572 356 6
15.25 8696 351 572 375 6
15.375 8675 349 585 385 6
15.5 8653 351 597 392 7
15.625 8624 364 597 408 7
15.75 8604 366 605 418 7
15.875 8564 377 623 428 8
16 8542 374 634 442 8
16.125 8515 378 641 458 8
16.25 8496 379 647 470 8
16.375 8472 380 653 487 8
16.5 8448 380 658 506 8
16.625 8417 390 658 527 8
16.75 8391 399 666 536 8
16.875 8367 402 669 554 8
17 8340 406 678 568 8
17.125 8319 405 686 582 8
17.25 8296 399 700 597 8
17.375 8278 387 717 610 8
17.5 8261 378 726 626 9
17.625 8234 389 728 640 9
17.75 8214 386 741 650 9
17.875 8188 385 751 666 10
18 8164 392 749 685 10
18.125 8137 395 759 698 11
18.25 8119 392 764 713 12
18.375 8101 379 777 731 12
18.5 8084 379 779 746 12
18.625 8063 378 785 762 12
18.75 8041 376 796 775 12
18.875 8020 378 805 785 12
19 8000 377 808 803 12
19.125 7972 384 803 829 12
19.25 7952 384 804 848 12
19.375 7931 385 810 861 13
19.5 7917 367 821 882 13
19.625 7895 370 826 896 13
19.75 7877 368 827 915 13
19.875 7857 361 834 935 13
20 7837 358 838 954 13
20.125 7822 350 849 966 13
20.25 7803 345 860 979 13
20.375 7787 341 866 993 13
20.5 7769 335 876 1007 13
20.625 7755 329 873 1030 13
20.75 7726 331 881 1049 13
20.875 7704 329 891 1063 13
21 7687 327 894 1079 13
21.125 7669 328 882 1108 13
21.25 7660 320 887 1120 13
21.375 7633 329 889 1136 13
21.5 7623 319 888 1157 13
21.625 7605 324 880 1177 14
21.75 7580 332 882 1192 14
21.875 7561 333 882 1210 14
22 7541 336 880 1229 14
22.125 7527 330 887 1242 14
22.25 7511 328 882 1264 15
22.375 7502 312 889 1282 15
22.5 7481 305 903 1296 15
22.625 7471 296 907 1311 15
22.75 7458 296 902 1329 15
22.875 7439 294 903 1349 15
23 7426 296 900 1363 15
23.125 7408 294 897 1386 15
23.25 7387 294 904 1400 15
23.375 7368 289 906 1421 16
23.5 7354 286 909 1435 16
23.625 7344 275 912 1453 16
23.75 7332 272 908 1472 16
23.875 7314 274 907 1489 16
24 7302 270 899 1513 16
24.125 7289 263 902 1530 16
24.25 7278 258 897 1550 17
24.375 7262 257 894 1570 17
24.5 7249 261 892 1581 17
24.625 7234 261 886 1602 17
24.75 7218 260 876 1629 17
24.875 7202 261 871 1647 19
25 7191 256 862 1671 20
25.125 7183 240 868 1689 20
25.25 7172 231 856 1721 20
25.375 7159 235 847 1739 20
25.5 7146 231 846 1757 20
25.625 7136 231 835 1778 20
25.75 7126 224 835 1794 21
25.875 7115 217 832 1815 21
26 7099 223 822 1835 21
26.125 7083 225 821 1849 22
26.25 7067 226 815 1870 22
26.375 7050 223 817 1888 22
26.5 7035 231 806 1906 22
26.625 7027 230 794 1927 22
26.75 7018 224 789 1947 22
26.875 7008 228 771 1971 22
27 6993 228 769 1988 22
27.125 6987 217 769 2005 22
27.25 6973 220 758 2026 23
27.375 6959 217 764 2037 23
27.5 6945 221 765 2046 23
27.625 6940 215 761 2061 23
27.75 6935 202 761 2079 23
27.875 6920 197 775 2085 23
28 6913 188 776 2100 23
28.125 6901 193 767 2116 23
28.25 6889 193 767 2128 23
28.375 6878 184 776 2139 23
28.5 6865 191 761 2159 24
28.625 6853 192 755 2176 24
28.75 6844 194 743 2195 24
28.875 6830 196 738 2212 24
29 6820 192 738 2226 24
29.125 6815 187 734 2239 25
29.25 6804 186 726 2259 25
29.375 6797 178 730 2270 25
29.5 6791 171 730 2283 25
29.625 6784 168 715 2307 26
29.75 6778 167 712 2316 27
29.875 6770 166 704 2333 27
30 6759 167 703 2344 27
30.125 6752 159 706 2356 27
30.25 6747 152 706 2368 27
30.375 6737 154 696 2386 27
30.5 6734 150 686 2403 27
30.625 6727 150 675 2421 27
30.75 6717 154 664 2438 27
30.875 6709 151 657 2456 27
31 6704 148 651 2470 27
31.125 6698 143 658 2474 27
31.25 6692 143 655 2483 27
31.375 6680 147 651 2495 27
31.5 6676 139 645 2513 27
31.625 6669 138 643 2523 27
31.75 6662 140 634 2537 27
31.875 6655 135 627 2556 27
32 6648 134 625 2566 27
32.125 6643 131 621 2577 28
32.25 6638 123 626 2585 28
32.375 6631 117 623 2601 28
32.5 6626 118 614 2614 28
32.625 6623 116 614 2619 28
32.75 6618 115 605 2634 28
32.875 6613 118 591 2650 28
33 6605 118 581 2668 28
33.125 6602 112 583 2675 28
33.25 6590 111 582 2688 29
33.375 6587 106 577 2701 29
33.5 6580 106 577 2708 29
33.625 6574 107 567 2722 30
33.75 6570 103 569 2728 30
33.875 6566 102 561 2741 30
34 6558 102 558 2752 30
34.125 6551 96 559 2762 32
34.25 6548 87 556 2777 32
34.375 6543 90 550 2785 32
34.5 6542 86 540 2800 32
34.625 6539 83 529 2817 32
34.75 6535 81 518 2834 32
34.875 6531 78 515 2844 32
35 6523 81 513 2851 32
35.125 6518 84 506 2860 32
35.25 6515 86 492 2875 32
35.375 6513 82 491 2882 32
35.5 6510 81 482 2895 32
35.625 6505 80 478 2905 32
35.75 6501 79 469 2919 32
35.875 6499 71 466 2932 32
36 6498 66 460 2944 32
36.125 6497 62 452 2957 32
36.25 6494 59 447 2968 32
36.375 6491 59 440 2978 32
36.5 6489 55 442 2982 32
36.625 6488 52 439 2989 32
36.75 6484 52 437 2995 32
36.875 6482 50 431 3005 32
37 6479 49 426 3014 32
37.125 6479 47 421 3021 32
37.25 6476 43 419 3030 32
37.375 6471 45 414 3038 32
37.5 6468 44 408 3047 33
37.625 6463 47 397 3060 33
37.75 6458 48 385 3076 33
37.875 6458 44 381 3084 33
38 6456 43 377 3091 33
38.125 6455 40 371 3101 33
38.25 6453 41 366 3107 33
38.375 6450 41 361 3115 33
38.5 6447 40 360 3120 33
38.625 6444 41 356 3126 33
38.75 6442 38 356 3131 33
38.875 6440 36 351 3140 33
39 6439 36 342 3150 33
39.125 6439 34 340 3154 33
39.25 6434 38 335 3160 33
39.375 6433 37 330 3167 33
39.5 6432 35 321 3178 34
39.625 6430 34 316 3186 34
39.75 6429 32 312 3193 34
39.875 6427 34 306 3199 34
40 6426 33 304 3203 34
40.125 6424 35 299 3208 34
40.25 6420 36 293 3217 34
40.375 6418 37 287 3224 34
40.5 6418 34 284 3230 34
40.625 6417 34 280 3235 34
40.75 6413 32 283 3238 34
40.875 6413 30 278 3245 34
41 6412 29 274 3251 34
41.125 6411 29 269 3257 34
41.25 6409 31 264 3262 34
41.375 6408 28 262 3268 34
41.5 6406 24 263 3273 34
41.625 6406 22 256 3282 34
41.75 6404 22 251 3289 34
41.875 6401 23 245 3296 35
42 6399 24 240 3302 35
42.125 6398 23 234 3310 35
42.25 6397 21 235 3312 35
42.375 6396 22 230 3317 35
42.5 6396 20 229 3320 35
42.625 6394 22 225 3323 36
42.75 6393 21 219 3331 36
42.875 6393 19 218 3334 36
43 6393 18 216 3337 36
43.125 6393 17 213 3341 36
43.25 6392 17 211 3344 36
43.375 6391 16 207 3350 36
43.5 6390 15 205 3354 36
43.625 6388 14 204 3358 36
43.75 6385 17 198 3364 36
43.875 6382 20 193 3369 36
44 6381 21 189 3373 36
44.125 6380 21 190 3373 36
44.25 6379 22 189 3374 36
44.375 6378 22 187 3377 36
44.5 6374 26 186 3378 36
44.625 6374 24 186 3380 36
44.75 6374 22 178 3390 36
44.875 6373 23 174 3393 37
45 6373 22 167 3400 38
45.125 6371 24 161 3406 38
45.25 6370 22 161 3409 38
45.375 6369 22 160 3411 38
45.5 6368 23 157 3413 39
45.625 6366 21 160 3414 39
45.75 6365 21 161 3414 39
45.875 6365 19 159 3418 39
46 6364 18 159 3420 39
46.125 6364 17 159 3421 39
46.25 6362 18 156 3425 39
46.375 6361 18 154 3427 40
46.5 6359 20 152 3429 40
46.625 6359 18 152 3431 40
46.75 6357 19 148 3436 40
46.875 6356 20 145 3439 40
47 6356 19 144 3441 40
47.125 6353 22 136 3449 40
47.25 6353 21 135 3451 40
47.375 6353 19 134 3454 40
47.5 6352 18 135 3455 40
47.625 6351 19 133 3457 40
47.75 6350 20 131 3459 40
47.875 6350 19 129 3462 40
48 6347 21 126 3466 40
48.125 6347 19 125 3469 40
48.25 6346 19 120 3475 40
48.375 6346 16 120 3478 40
48.5 6346 13 117 3484 40
48.625 6344 14 117 3485 40
48.75 6342 15 116 3487 40
48.875 6341 15 113 3491 40
49 6341 15 113 3491 40
49.125 6340 16 109 3495 40
49.25 6339 17 107 3497 40
49.375 6337 17 107 3499 40
49.5 6337 15 105 3503 40
49.625 6336 14 106 3504 40
49.75 6336 12 108 3504 40
49.875 6333 15 106 3506 40
50 6333 15 104 3508 40
50.125 6332 15 104 3509 40
50.25 6331 15 104 3510 40
50.375 6330 16 103 3511 40
50.5 6330 15 102 3513 40
50.625 6329 15 100 3516 40
50.75 6329 13 101 3517 40
50.875 6329 13 99 3519 40
51 6328 12 100 3520 40
51.125 6328 12 99 3520 41
51.25 6326 14 98 3521 41
51.375 6325 15 97 3522 41
51.5 6325 15 94 3525 41
51.625 6325 14 94 3526 41
51.75 6323 16 92 3528 41
51.875 6323 16 91 3529 41
52 6322 16 89 3532 41
52.125 6321 17 87 3534 41
52.25 6321 15 87 3536 41
52.375 6321 15 85 3538 41
52.5 6320 16 82 3541 41
52.625 6320 14 82 3543 41
52.75 6320 13 78 3548 41
52.875 6320 13 77 3549 41
53 6320 11 79 3549 41
53.125 6320 10 80 3549 41
53.25 6319 10 79 3551 41
53.375 6319 9 79 3552 41
53.5 6317 9 78 3555 41
53.625 6317 8 75 3559 41
53.75 6316 8 76 3559 41
53.875 6316 8 76 3559 41
54 6316 8 74 3561 41
54.125 6316 6 74 3563 41
54.25 6316 6 72 3565 41
54.375 6316 6 72 3565 41
54.5 6315 7 70 3567 41
54.625 6315 7 70 3567 41
54.75 6314 7 71 3567 41
54.875 6313 7 72 3567 41
55 6313 7 72 3567 41
55.125 6313 7 71 3568 41
55.25 6313 7 70 3569 41
55.375 6313 7 66 3573 41
55.5 6313 6 66 3574 41
55.625 6312 7 63 3577 41
55.75 6312 7 63 3577 41
55.875 6312 6 62 3579 41
56 6312 6 61 3580 41
56.125 6312 6 60 3581 41
56.25 6311 7 58 3583 41
56.375 6310 7 58 3584 41
56.5 6310 5 60 3584 41
56.625 6310 5 59 3585 41
56.75 6310 5 59 3585 41
56.875 6310 5 59 3585 41
57 6310 5 57 3587 41
57.125 6309 4 57 3589 41
57.25 6309 3 58 3589 41
57.375 6309 3 56 3591 41
57.5 6309 3 56 3591 41
57.625 6309 3 54 3593 41
57.75 6309 3 53 3594 41
57.875 6309 3 52 3595 41
58 6309 3 52 3595 41
58.125 6309 2 52 3596 41
58.25 6309 2 51 3597 41
58.375 6309 1 52 3597 41
58.5 6308 2 50 3599 41
58.625 6308 2 49 3600 41
58.75 6307 3 48 3601 41
58.875 6307 3 47 3602 41
59 6307 3 46 3603 41
59.125 6307 3 45 3604 41
59.25 6305 5 45 3604 41
59.375 6305 4 46 3604 41
59.5 6305 4 46 3604 41
59.625 6305 4 43 3607 41
59.75 6305 4 43 3607 41
59.875 6305 3 43 3608 41
60 6305 2 43 3609 41
60.125 6304 3 43 3609 41
60.25 6304 3 42 3610 41
60.375 6304 3 42 3610 41
60.5 6304 3 42 3610 41
60.625 6304 3 40 3612 41
60.75 6304 1 41 3613 41
60.875 6304 1 40 3614 41
61 6303 2 40 3614 41
61.125 6303 2 38 3616 41
61.25 6303 2 36 3618 41
61.375 6303 2 34 3620 41
61.5 6303 2 31 3623 41
61.625 6302 3 31 3623 41
61.75 6302 3 30 3624 41
61.875 6302 3 29 3625 41
62 6302 3 28 3626 41
62.125 6301 3 27 3628 41
62.25 6301 3 27 3628 41
62.375 6300 4 27 3628 41
62.5 6300 4 26 3628 42
62.625 6300 4 25 3629 42
62.75 6300 4 25 3629 42
62.875 6300 3 25 3630 42
63 6300 3 24 3631 42
63.125 6300 3 23 3632 42
63.25 6300 2 23 3633 42
63.375 6299 3 20 3636 42
63.5 6299 2 21 3636 42
63.625 6299 2 21 3636 42
63.75 6298 3 21 3636 42
63.875 6298 3 21 3636 42
64 6298 3 21 3636 42
64.125 6298 3 21 3636 42
64.25 6298 3 21 3636 42
64.375 6298 2 22 3636 42
64.5 6298 2 21 3637 42
64.625 6298 2 20 3638 42
64.75 6298 2 19 3639 42
64.875 6298 2 17 3641 42
65 6298 2 16 3642 42
65.125 6298 2 15 3643 42
65.25 6298 2 13 3645 42
65.375 6298 2 12 3646 42
65.5 6298 2 11 3647 42
65.625 6298 2 11 3647 42
65.75 6298 2 11 3647 42
65.875 6298 2 11 3647 42
66 6298 1 12 3647 42
66.125 6298 1 12 3647 42
66.25 6298 0 12 3648 42
66.375 6298 0 11 3649 42
66.5 6298 0 11 3649 42
66.625 6298 0 11 3649 42
66.75 6298 0 10 3650 42
66.875 6298 0 10 3650 42
67 6298 0 10 3650 42
67.125 6298 0 10 3650 42
67.25 6298 0 9 3651 42
67.375 6298 0 9 3651 42
67.5 6298 0 9 3651 42
67.625 6298 0 9 3651 42
67.75 6298 0 9 3651 42
67.875 6297 1 9 3651 42
68 6297 1 8 3652 42
68.125 6297 1 8 3652 42
68.25 6297 0 9 3652 42
68.375 6297 0 9 3652 42
68.5 6297 0 8 3653 42
68.625 6297 0 8 3653 42
68.75 6297 0 8 3653 42
68.875 6297 0 8 3653 42
69 6297 0 8 3653 42
69.125 6297 0 8 3653 42
69.25 6297 0 8 3653 42
69.375 6297 0 8 3653 42
69.5 6297 0 8 3653 42
69.625 6297 0 7 3654 42
69.75 6297 0 7 3654 42
69.875 6297 0 7 3654 42
70 6297 0 7 3654 42
70.125 6297 0 7 3654 42
70.25 6297 0 7 3654 42
70.375 6297 0 7 3654 42
70.5 6297 0 7 3654 42
70.625 6297 0 7 3654 42
70.75 6297 0 7 3654 42
70.875 6297 0 7 3654 42
71 6297 0 7 3654 42
71.125 6297 0 7 3654 42
71.25 6297 0 7 3654 42
71.375 6297 0 7 3654 42
71.5 6297 0 7 3654 42
71.625 6297 0 6 3655 42
71.75 6297 0 5 3656 42
71.875 6297 0 5 3656 42
72 6297 0 5 3656 42
72.125 6297 0 5 3656 42
72.25 6297 0 4 3657 42
72.375 6297 0 4 3657 42
72.5 6297 0 3 3658 42
72.625 6297 0 3 3658 42
72.75 6297 0 3 3658 42
72.875 6297 0 3 3658 42
73 6297 0 3 3658 42
73.125 6296 1 3 3658 42
73.25 6296 1 3 3658 42
73.375 6296 1 3 3658 42
73.5 6296 1 3 3658 42
73.625 6296 0 4 3658 42
73.75 6296 0 4 3658 42
73.875 6296 0 4 3658 42
74 6296 0 4 3658 42
74.125 6296 0 4 3658 42
74.25 6296 0 4 3658 42
74.375 6296 0 4 3658 42
74.5 6296 0 4 3658 42
74.625 6296 0 4 3658 42
74.75 6296 0 4 3658 42
74.875 6296 0 4 3658 42
75 6296 0 4 3658 42
75.125 6296 0 4 3658 42
75.25 6296 0 4 3658 42
75.375 6296 0 4 3658 42
75.5 6296 0 4 3658 42
75.625 6296 0 4 3658 42
75.75 6296 0 4 3658 42
75.875 6295 1 4 3658 42
76 6295 1 3 3659 42
76.125 6295 1 3 3659 42
76.25 6295 1 3 3659 42
76.375 6295 1 3 3659 42
76.5 6295 1 3 3659 42
76.625 6295 1 3 3659 42
76.75 6295 1 3 3659 42
76.875 6295 1 3 3659 42
77 6295 1 2 3660 42
77.125 6295 1 2 3660 42
77.25 6295 1 2 3660 42
77.375 6295 1 2 3660 42
77.5 6295 1 2 3660 42
77.625 6295 1 2 3660 42
77.75 6295 1 2 3660 42
77.875 6295 1 2 3660 42
78 6295 1 2 3660 42
78.125 6295 0 2 3661 42
78.25 6295 0 2 3661 42
78.375 6295 0 2 3661 42
78.5 6295 0 2 3661 42
78.625 6295 0 2 3661 42
78.75 6295 0 2 3661 42
78.875 6295 0 2 3661 42
79 6295 0 2 3661 42
79.125 6295 0 2 3661 42
79.25 6295 0 2 3661 42
79.375 6295 0 2 3661 42
79.5 6295 0 2 3661 42
79.625 6295 0 2 3661 42
79.75 6295 0 2 3661 42
79.875 6295 0 2 3661 42
80 6295 0 2 3661 42
80.125 6295 0 2 3661 42
80.25 6295 0 2 3661 42
80.375 6295 0 2 3661 42
80.5 6295 0 2 3661 42
80.625 6295 0 2 3661 42
80.75 6295 0 2 3661 42
80.875 6295 0 2 3661 42
81 6295 0 2 3661 42
81.125 6295 0 2 3661 42
81.25 6295 0 2 3661 42
81.375 6295 0 2 3661 42
81.5 6295 0 2 3661 42
81.625 6295 0 2 3661 42
81.75 6295 0 2 3661 42
81.875 6295 0 2 3661 42
82 6295 0 2 3661 42
82.125 6295 0 2 3661 42
82.25 6295 0 2 3661 42
82.375 6295 0 2 3661 42
82.5 6295 0 2 3661 42
82.625 6295 0 2 3661 42
82.75 6295 0 2 3661 42
82.875 6295 0 2 3661 42
83 6295 0 2 3661 42
83.125 6295 0 2 3661 42
83.25 6295 0 2 3661 42
83.375 6295 0 2 3661 42
83.5 6295 0 1 3662 42
83.625 6295 0 1 3662 42
83.75 6295 0 1 3662 42
83.875 6295 0 1 3662 42
84 6295 0 1 3662 42
84.125 6295 0 1 3662 42
84.25 6295 0 1 3662 42
84.375 6295 0 1 3662 42
84.5 6295 0 1 3662 42
84.625 6295 0 1 3662 42
84.75 6295 0 1 3662 42
84.875 6295 0 1 3662 42
85 6295 0 1 3662 42
85.125 6295 0 1 3662 42
85.25 6295 0 1 3662 42
85.375 6295 0 1 3662 42
85.5 6295 0 1 3662 42
85.625 6295 0 1 3662 42
85.75 6295 0 1 3662 42
85.875 6295 0 1 3662 42
86 6295 0 1 3662 42
86.125 6295 0 1 3662 42
86.25 6295 0 0 3663 42
