t S E I R D
0 9998 0 2 0 0
0.125 9998 0 2 0 0
0.25 9998 0 2 0 0
0.375 9998 0 2 0 0
0.5 9998 0 2 0 0
0.625 9998 0 2 0 0
0.75 9998 0 2 0 0
0.875 9998 0 2 0 0
1 9997 1 2 0 0
1.125 9997 1 2 0 0
1.25 9997 1 2 0 0
1.375 9997 1 2 0 0
1.5 9997 1 2 0 0
1.625 9997 1 2 0 0
1.75 9997 1 2 0 0
1.875 9997 1 2 0 0
2 9997 1 2 0 0
2.125 9997 1 2 0 0
2.25 9997 1 2 0 0
2.375 9997 1 2 0 0
2.5 9997 1 1 1 0
2.625 9997 1 1 1 0
2.75 9997 1 1 1 0
2.875 9997 1 1 1 0
3 9997 1 1 1 0
3.125 9997 1 1 1 0
3.25 9997 1 1 1 0
3.375 9997 1 1 1 0
3.5 9997 1 1 1 0
3.625 9997 1 1 1 0
3.75 9997 1 1 1 0
3.875 9997 1 1 1 0
4 9997 1 1 1 0
4.125 9997 1 1 1 0
4.25 9997 1 1 1 0
4.375 9997 0 2 1 0
4.5 9997 0 2 1 0
4.625 9997 0 2 1 0
4.75 9997 0 2 1 0
4.875 9997 0 2 1 0
5 9997 0 2 1 0
5.125 9996 1 1 2 0
5.25 9996 1 1 2 0
5.375 9996 1 1 2 0
5.5 9996 1 1 2 0
5.625 9996 1 1 2 0
5.75 9996 1 1 2 0
5.875 9996 1 1 2 0
6 9996 1 1 2 0
6.125 9996 1 1 2 0
6.25 9996 1 1 2 0
6.375 9996 1 1 2 0
6.5 9996 1 1 2 0
6.625 9996 1 1 2 0
6.75 9996 1 1 2 0
6.875 9996 1 1 2 0
7 9996 1 1 2 0
7.125 9996 1 1 2 0
7.25 9996 1 1 2 0
7.375 9996 1 1 2 0
7.5 9996 1 1 2 0
7.625 9996 0 2 2 0
7.75 9995 1 2 2 0
7.875 9995 1 2 2 0
8 9995 0 3 2 0
8.125 9994 1 3 2 0
8.25 9994 1 3 2 0
8.375 9994 1 3 2 0
8.5 9994 1 3 2 0
8.625 9994 1 3 2 0
8.75 9994 1 3 2 0
8.875 9994 1 3 2 0
9 9994 1 3 2 0
9.125 9994 1 3 2 0
9.25 9994 1 2 3 0
9.375 9994 1 2 3 0
9.5 9994 1 2 3 0
9.625 9994 1 2 3 0
9.75 9994 1 2 3 0
9.875 9994 0 3 3 0
10 9993 1 3 3 0
10.125 9993 1 3 3 0
10.25 9993 1 3 3 0
10.375 9993 1 3 3 0
10.5 9993 1 3 3 0
10.625 9993 1 3 3 0
10.75 9992 2 3 3 0
10.875 9992 2 3 3 0
11 9991 3 3 3 0
11.125 9990 3 4 3 0
11.25 9988 5 4 3 0
11.375 9986 6 5 3 0
11.5 9984 8 4 4 0
11.625 9983 6 7 4 0
11.75 9980 8 8 4 0
11.875 9979 9 8 4 0
12 9977 11 8 4 0
12.125 9975 12 9 4 0
12.25 9968 19 9 4 0
12.375 9967 20 9 4 0
12.5 9962 23 11 4 0
12.625 9960 24 12 4 0
12.75 9954 29 13 4 0
12.875 9952 30 14 4 0
13 9949 31 15 4 1
13.125 9949 30 15 5 1
13.25 9947 31 16 5 1
13.375 9947 26 21 5 1
13.5 9946 25 22 6 1
13.625 9946 23 24 6 1
13.75 9946 22 25 6 1
13.875 9945 21 26 7 1
14 9945 21 26 7 1
14.125 9944 20 28 7 1
14.25 9943 20 28 8 1
14.375 9941 21 29 8 1
14.5 9939 23 28 9 1
14.625 9939 23 28 9 1
14.75 9939 20 31 9 1
14.875 9937 19 32 11 1
15 9937 17 33 12 1
15.125 9936 18 32 13 1
15.25 9935 18 30 16 1
15.375 9935 18 28 18 1
15.5 9934 18 29 18 1
15.625 9933 17 30 19 1
15.75 9933 15 32 19 1
15.875 9931 17 30 21 1
16 9928 19 30 22 1
16.125 9927 18 32 22 1
16.25 9926 18 32 23 1
16.375 9926 17 33 23 1
16.5 9925 17 33 24 1
16.625 9924 17 34 24 1
16.75 9924 16 34 25 1
16.875 9923 17 34 25 1
17 9923 16 34 26 1
17.125 9923 15 34 27 1
17.25 9922 16 33 28 1
17.375 9922 16 31 30 1
17.5 9920 18 31 30 1
17.625 9920 15 32 31 2
17.75 9920 13 34 31 2
17.875 9918 15 34 31 2
18 9918 14 35 31 2
18.125 9918 14 35 31 2
18.25 9916 14 37 31 2
18.375 9916 12 39 31 2
18.5 9915 12 40 31 2
18.625 9910 15 41 32 2
18.75 9910 15 39 34 2
18.875 9908 17 37 36 2
19 9908 17 36 37 2
19.125 9908 17 36 37 2
19.25 9908 16 37 37 2
19.375 9908 16 36 38 2
19.5 9908 14 35 41 2
19.625 9907 14 36 41 2
19.75 9907 14 35 42 2
19.875 9905 15 36 42 2
20 9903 17 36 42 2
20.125 9901 19 36 42 2
20.25 9899 21 35 43 2
20.375 9899 20 36 43 2
20.5 9899 19 37 43 2
20.625 9899 19 35 45 2
20.75 9898 18 37 45 2
20.875 9898 16 39 45 2
21 9896 17 40 45 2
21.125 9896 16 41 45 2
21.25 9896 15 42 45 2
21.375 9896 13 44 45 2
21.5 9896 12 45 45 2
21.625 9896 12 42 48 2
21.75 9895 13 42 48 2
21.875 9892 16 42 48 2
22 9891 15 42 50 2
22.125 9891 15 41 51 2
22.25 9891 12 43 52 2
22.375 9891 12 42 53 2
22.5 9891 12 41 54 2
22.625 9889 14 38 57 2
22.75 9889 12 39 58 2
22.875 9888 12 39 59 2
23 9885 15 37 61 2
23.125 9885 13 37 63 2
23.25 9881 16 38 63 2
23.375 9880 17 37 64 2
23.5 9879 18 36 65 2
23.625 9878 18 35 67 2
23.75 9877 16 38 67 2
23.875 9877 16 36 69 2
24 9877 15 37 69 2
24.125 9877 14 37 70 2
24.25 9875 15 37 71 2
24.375 9874 15 38 71 2
24.5 9874 14 39 71 2
24.625 9871 17 38 72 2
24.75 9869 19 37 73 2
24.875 9868 19 38 73 2
25 9867 19 38 74 2
25.125 9864 20 37 77 2
25.25 9863 17 40 78 2
25.375 9861 19 40 78 2
25.5 9861 18 41 78 2
25.625 9858 20 41 79 2
25.75 9857 19 42 80 2
25.875 9856 17 45 80 2
26 9853 17 48 80 2
26.125 9851 17 49 81 2
26.25 9847 21 48 82 2
26.375 9845 22 48 83 2
26.5 9845 21 48 84 2
26.625 9844 21 49 84 2
26.75 9843 22 49 84 2
26.875 9841 22 51 84 2
27 9841 21 50 86 2
27.125 9839 21 52 86 2
27.25 9838 21 51 88 2
27.375 9837 21 52 88 2
27.5 9836 22 52 88 2
27.625 9834 22 54 88 2
27.75 9833 21 55 89 2
27.875 9832 20 55 91 2
28 9830 17 58 93 2
28.125 9830 16 58 94 2
28.25 9829 16 58 95 2
28.375 9827 18 57 96 2
28.5 9827 18 55 98 2
28.625 9825 17 56 99 3
28.75 9825 16 57 99 3
28.875 9823 17 57 100 3
29 9823 14 57 103 3
29.125 9821 15 55 106 3
29.25 9819 16 55 107 3
29.375 9819 16 54 108 3
29.5 9818 16 55 108 3
29.625 9818 14 55 110 3
29.75 9818 14 54 111 3
29.875 9815 17 54 111 3
30 9814 17 54 112 3
30.125 9814 17 52 114 3
30.25 9814 15 53 115 3
30.375 9814 14 52 117 3
30.5 9814 14 52 117 3
30.625 9814 13 52 118 3
30.75 9812 15 50 120 3
30.875 9812 14 48 123 3
31 9811 14 49 123 3
31.125 9811 12 50 124 3
31.25 9811 12 47 127 3
31.375 9811 11 47 128 3
31.5 9811 9 48 129 3
31.625 9811 9 48 129 3
31.75 9810 10 47 130 3
31.875 9809 10 47 131 3
32 9808 11 47 131 3
32.125 9807 12 47 131 3
32.25 9806 11 49 131 3
32.375 9806 11 47 133 3
32.5 9806 11 46 134 3
32.625 9806 9 48 134 3
32.75 9806 8 48 135 3
32.875 9806 8 47 136 3
33 9806 7 45 139 3
33.125 9806 6 46 139 3
33.25 9806 6 45 140 3
33.375 9806 6 44 141 3
33.5 9806 5 44 142 3
33.625 9805 5 41 146 3
33.75 9805 5 39 148 3
33.875 9804 5 39 149 3
34 9804 5 37 151 3
34.125 9804 5 37 151 3
34.25 9803 5 37 152 3
34.375 9803 5 36 153 3
34.5 9803 4 36 154 3
34.625 9803 3 37 154 3
34.75 9802 3 38 154 3
34.875 9802 3 38 154 3
35 9802 3 36 156 3
35.125 9802 3 35 157 3
35.25 9802 3 34 158 3
35.375 9802 3 34 158 3
35.5 9801 4 34 158 3
35.625 9801 4 33 159 3
35.75 9801 4 31 161 3
35.875 9801 4 30 162 3
36 9801 4 29 163 3
36.125 9801 4 28 164 3
36.25 9801 4 28 164 3
36.375 9801 4 28 164 3
36.5 9801 3 28 165 3
36.625 9801 3 28 165 3
36.75 9800 4 25 168 3
36.875 9800 4 24 169 3
37 9800 4 23 170 3
37.125 9800 4 23 170 3
37.25 9800 4 23 170 3
37.375 9800 4 23 170 3
37.5 9800 3 23 171 3
37.625 9799 4 22 172 3
37.75 9799 4 22 172 3
37.875 9799 2 23 173 3
38 9799 2 22 174 3
38.125 9799 2 21 175 3
38.25 9799 1 22 175 3
38.375 9799 1 22 175 3
38.5 9799 1 22 175 3
38.625 9799 1 22 175 3
38.75 9799 0 22 176 3
38.875 9799 0 21 177 3
39 9799 0 21 177 3
39.125 9799 0 21 177 3
39.25 9799 0 21 177 3
39.375 9798 1 21 177 3
39.5 9798 1 19 179 3
39.625 9798 1 19 179 3
39.75 9798 1 19 179 3
39.875 9798 1 19 179 3
40 9798 1 19 179 3
40.125 9798 1 19 179 3
40.25 9797 2 18 180 3
40.375 9797 2 18 180 3
40.5 9797 2 18 180 3
40.625 9797 1 18 181 3
40.75 9797 1 18 181 3
40.875 9797 1 18 181 3
41 9797 1 18 181 3
41.125 9797 1 18 181 3
41.25 9797 1 17 182 3
41.375 9797 1 16 183 3
41.5 9797 1 16 183 3
41.625 9797 1 15 184 3
41.75 9797 1 14 185 3
41.875 9797 1 14 185 3
42 9797 1 14 185 3
42.125 9797 1 14 185 3
42.25 9797 1 14 185 3
42.375 9797 1 14 185 3
42.5 9796 2 14 185 3
42.625 9796 2 14 185 3
42.75 9796 2 14 185 3
42.875 9796 2 14 185 3
43 9796 2 14 185 3
43.125 9796 1 15 185 3
43.25 9796 1 15 185 3
43.375 9796 1 15 185 3
43.5 9796 1 15 185 3
43.625 9796 1 15 185 3
43.75 9796 1 15 185 3
43.875 9796 1 15 185 3
44 9796 1 15 185 3
44.125 9796 1 15 185 3
44.25 9796 1 12 188 3
44.375 9796 1 12 188 3
44.5 9795 2 12 188 3
44.625 9795 2 11 189 3
44.75 9795 2 11 189 3
44.875 9795 2 10 190 3
45 9795 2 10 190 3
45.125 9795 2 10 190 3
45.25 9795 2 10 190 3
45.375 9795 2 10 190 3
45.5 9795 2 10 190 3
45.625 9795 1 10 191 3
45.75 9795 1 10 191 3
45.875 9794 2 10 191 3
46 9794 2 10 191 3
46.125 9794 2 9 192 3
46.25 9794 2 9 192 3
46.375 9794 2 9 192 3
46.5 9794 2 9 192 3
46.625 9794 2 9 192 3
46.75 9794 2 9 192 3
46.875 9794 2 9 192 3
47 9794 2 9 192 3
47.125 9794 2 9 192 3
47.25 9794 2 9 192 3
47.375 9794 2 8 193 3
47.5 9794 2 8 193 3
47.625 9794 2 8 193 3
47.75 9794 2 8 193 3
47.875 9794 2 8 193 3
48 9794 2 8 193 3
48.125 9794 2 8 193 3
48.25 9794 2 6 195 3
48.375 9794 2 6 195 3
48.5 9794 2 6 195 3
48.625 9794 2 6 195 3
48.75 9794 2 6 195 3
48.875 9794 2 6 195 3
49 9794 2 6 195 3
49.125 9794 2 6 195 3
49.25 9794 2 6 195 3
49.375 9794 2 6 195 3
49.5 9794 2 6 195 3
49.625 9794 2 6 195 3
49.75 9794 2 6 195 3
49.875 9794 2 6 195 3
50 9794 2 6 195 3
50.125 9794 2 6 195 3
50.25 9794 2 6 195 3
50.375 9794 1 7 195 3
50.5 9794 1 7 195 3
50.625 9794 1 7 195 3
50.75 9794 1 7 195 3
50.875 9794 1 7 195 3
51 9794 1 7 195 3
51.125 9794 1 7 195 3
51.25 9794 1 7 195 3
51.375 9794 1 7 195 3
51.5 9794 1 7 195 3
51.625 9794 1 7 195 3
51.75 9794 1 7 195 3
51.875 9794 1 7 195 3
52 9794 1 6 196 3
52.125 9794 1 5 197 3
52.25 9793 2 4 198 3
52.375 9793 2 4 198 3
52.5 9793 2 4 198 3
52.625 9793 1 5 198 3
52.75 9793 1 5 198 3
52.875 9793 1 5 198 3
53 9793 1 5 198 3
53.125 9793 1 5 198 3
53.25 9793 1 5 198 3
53.375 9793 1 5 198 3
53.5 9793 1 5 198 3
53.625 9793 1 5 198 3
53.75 9793 1 5 198 3
53.875 9793 1 5 198 3
54 9793 1 5 198 3
54.125 9793 1 5 198 3
54.25 9793 1 5 198 3
54.375 9793 1 5 198 3
54.5 9793 1 5 198 3
54.625 9793 1 3 200 3
54.75 9793 1 3 200 3
54.875 9793 1 3 200 3
55 9793 0 4 200 3
55.125 9793 0 4 200 3
55.25 9793 0 3 201 3
55.375 9793 0 3 201 3
55.5 9793 0 3 201 3
55.625 9793 0 3 201 3
55.75 9793 0 3 201 3
55.875 9793 0 3 201 3
56 9793 0 3 201 3
56.125 9792 1 3 201 3
56.25 9792 0 4 201 3
56.375 9792 0 4 201 3
56.5 9792 0 4 201 3
56.625 9792 0 4 201 3
56.75 9792 0 4 201 3
56.875 9792 0 4 201 3
57 9792 0 4 201 3
57.125 9792 0 4 201 3
57.25 9792 0 4 201 3
57.375 9792 0 4 201 3
57.5 9792 0 3 202 3
57.625 9792 0 3 202 3
57.75 9791 1 3 202 3
57.875 9791 1 3 202 3
58 9791 1 3 202 3
58.125 9791 1 3 202 3
58.25 9791 1 3 202 3
58.375 9791 1 3 202 3
58.5 9791 1 3 202 3
58.625 9791 1 3 202 3
58.75 9791 1 3 202 3
58.875 9791 1 3 202 3
59 9791 1 3 202 3
59.125 9791 1 3 202 3
59.25 9790 1 4 202 3
59.375 9790 1 4 202 3
59.5 9790 1 4 202 3
59.625 9790 1 4 202 3
59.75 9790 1 4 202 3
59.875 9790 1 4 202 3
60 9790 1 4 202 3
60.125 9790 1 3 203 3
60.25 9790 1 3 203 3
60.375 9790 1 3 203 3
60.5 9790 1 3 203 3
60.625 9790 1 3 203 3
60.75 9790 1 3 203 3
60.875 9790 1 3 203 3
61 9790 1 3 203 3
61.125 9790 1 3 203 3
61.25 9790 1 3 203 3
61.375 9790 1 3 203 3
61.5 9790 1 3 203 3
61.625 9790 1 3 203 3
61.75 9790 1 3 203 3
61.875 9790 1 3 203 3
62 9790 0 4 203 3
62.125 9790 0 4 203 3
62.25 9790 0 4 203 3
62.375 9790 0 4 203 3
62.5 9790 0 4 203 3
62.625 9790 0 4 203 3
62.75 9790 0 4 203 3
62.875 9790 0 4 203 3
63 9790 0 4 203 3
63.125 9790 0 4 203 3
63.25 9790 0 4 203 3
63.375 9790 0 4 203 3
63.5 9790 0 4 203 3
63.625 9789 1 4 203 3
63.75 9789 1 4 203 3
63.875 9789 1 4 203 3
64 9789 1 4 203 3
64.125 9789 1 4 203 3
64.25 9789 1 4 203 3
64.375 9789 1 4 203 3
64.5 9789 1 4 203 3
64.625 9789 1 4 203 3
64.75 9789 1 4 203 3
64.875 9789 1 4 203 3
65 9789 1 4 203 3
65.125 9789 1 4 203 3
65.25 9789 1 4 203 3
65.375 9789 1 4 203 3
65.5 9789 1 4 203 3
65.625 9789 1 4 203 3
65.75 9789 1 4 203 3
65.875 9789 1 4 203 3
66 9789 1 4 203 3
66.125 9789 1 4 203 3
66.25 9789 1 4 203 3
66.375 9789 1 4 203 3
66.5 9789 1 4 203 3
66.625 9789 0 5 203 3
66.75 9789 0 4 204 3
66.875 9789 0 4 204 3
67 9789 0 4 204 3
67.125 9789 0 4 204 3
67.25 9789 0 4 204 3
67.375 9789 0 3 205 3
67.5 9789 0 3 205 3
67.625 9789 0 3 205 3
67.75 9789 0 3 205 3
67.875 9789 0 3 205 3
68 9789 0 3 205 3
68.125 9789 0 3 205 3
68.25 9789 0 3 205 3
68.375 9789 0 2 206 3
68.5 9789 0 2 206 3
68.625 9789 0 1 207 3
68.75 9789 0 1 207 3
68.875 9789 0 1 207 3
69 9789 0 1 207 3
69.125 9789 0 1 207 3
69.25 9789 0 1 207 3
69.375 9789 0 1 207 3
69.5 9789 0 1 207 3
69.625 9789 0 1 207 3
69.75 9789 0 1 207 3
69.875 9789 0 1 207 3
70 9789 0 1 207 3
70.125 9789 0 1 207 3
70.25 9789 0 1 207 3
70.375 9789 0 1 207 3
70.5 9789 0 1 207 3
70.625 9789 0 1 207 3
70.75 9789 0 1 207 3
70.875 9789 0 1 207 3
71 9789 0 1 207 3
71.125 9789 0 1 207 3
71.25 9789 0 1 207 3
71.375 9789 0 1 207 3
71.5 9789 0 1 207 3
71.625 9789 0 1 207 3
71.75 9789 0 1 207 3
71.875 9789 0 1 207 3
72 9789 0 1 207 3
72.125 9789 0 1 207 3
72.25 9789 0 1 207 3
72.375 9789 0 1 207 3
72.5 9789 0 1 207 3
72.625 9789 0 1 207 3
72.75 9789 0 1 207 3
72.875 9789 0 1 207 3
73 9789 0 1 207 3
73.125 9789 0 1 207 3
73.25 9789 0 1 207 3
73.375 9789 0 1 207 3
73.5 9789 0 1 207 3
73.625 9789 0 1 207 3
73.75 9789 0 1 207 3
73.875 9789 0 1 207 3
74 9789 0 0 208 3
