t S E I R D
0 9998 0 2 0 0
0.125 9998 0 2 0 0
0.25 9997 1 2 0 0
0.375 9997 1 2 0 0
0.5 9996 2 2 0 0
0.625 9996 2 2 0 0
0.75 9996 2 2 0 0
0.875 9996 2 2 0 0
1 9995 3 2 0 0
1.125 9995 3 2 0 0
1.25 9995 3 2 0 0
1.375 9995 3 2 0 0
1.5 9995 3 2 0 0
1.625 9995 2 3 0 0
1.75 9994 2 4 0 0
1.875 9994 2 4 0 0
2 9994 2 4 0 0
2.125 9993 3 4 0 0
2.25 9993 3 4 0 0
2.375 9992 4 4 0 0
2.5 9992 4 4 0 0
2.625 9992 4 4 0 0
2.75 9992 4 4 0 0
2.875 9991 4 5 0 0
3 9991 4 4 1 0
3.125 9991 3 5 1 0
3.25 9989 5 5 1 0
3.375 9988 6 5 1 0
3.5 9987 7 5 1 0
3.625 9984 10 5 1 0
3.75 9984 8 7 1 0
3.875 9972 19 8 1 0
4 9957 33 9 1 0
4.125 9947 43 9 1 0
4.25 9939 49 11 1 0
4.375 9922 62 15 1 0
4.5 9909 72 18 1 0
4.625 9885 91 23 1 0
4.75 9873 96 30 1 0
4.875 9852 108 39 1 0
5 9837 116 45 2 0
5.125 9819 127 51 3 0
5.25 9798 139 59 4 0
5.375 9776 156 63 5 0
5.5 9754 170 69 7 0
5.625 9712 202 75 11 0
5.75 9684 211 93 12 0
5.875 9647 239 102 12 0
6 9604 268 114 14 0
6.125 9554 306 125 15 0
6.25 9495 340 143 22 0
6.375 9448 368 157 27 0
6.5 9392 402 175 31 0
6.625 9331 436 199 34 0
6.75 9269 475 218 38 0
6.875 9205 515 237 43 0
7 9146 541 264 49 0
7.125 9061 590 299 50 0
7.25 8993 614 335 58 0
7.375 8880 683 371 66 0
7.5 8800 731 398 71 0
7.625 8719 764 440 77 0
7.75 8630 800 480 90 0
7.875 8542 840 520 98 0
8 8447 887 557 109 0
8.125 8332 953 595 120 0
8.25 8223 1003 640 134 0
8.375 8107 1048 694 151 0
8.5 7967 1122 744 167 0
8.625 7824 1185 806 185 0
8.75 7693 1241 867 199 0
8.875 7574 1278 937 211 0
9 7444 1328 987 240 1
9.125 7434 1254 1059 252 1
9.25 7413 1194 1122 269 2
9.375 7403 1122 1188 285 2
9.5 7397 1056 1243 302 2
9.625 7393 981 1301 322 3
9.75 7388 921 1337 351 3
9.875 7384 867 1365 381 3
10 7381 815 1394 407 3
10.125 7374 765 1422 436 3
10.25 7369 724 1431 472 4
10.375 7364 683 1451 498 4
10.5 7363 641 1458 533 5
10.625 7361 602 1468 564 5
10.75 7354 567 1471 602 6
10.875 7346 540 1473 634 7
11 7343 515 1463 672 7
11.125 7341 482 1467 703 7
11.25 7340 455 1458 739 8
11.375 7338 429 1446 779 8
11.5 7335 406 1442 809 8
11.625 7330 386 1440 836 8
11.75 7328 365 1433 866 8
11.875 7324 348 1419 901 8
12 7322 329 1412 929 8
12.125 7319 314 1404 955 8
12.25 7318 291 1386 997 8
12.375 7314 275 1374 1029 8
12.5 7310 266 1362 1053 9
12.625 7307 259 1344 1081 9
12.75 7301 255 1326 1109 9
12.875 7300 237 1306 1148 9
13 7296 229 1297 1169 9
13.125 7293 221 1277 1200 9
13.25 7292 208 1264 1227 9
13.375 7287 196 1247 1261 9
13.5 7284 186 1230 1291 9
13.625 7277 182 1221 1311 9
13.75 7274 177 1205 1335 9
13.875 7273 166 1200 1352 9
14 7272 162 1179 1378 9
14.125 7270 154 1166 1401 9
14.25 7270 143 1147 1430 10
14.375 7267 136 1134 1453 10
14.5 7267 132 1105 1486 10
14.625 7266 126 1081 1517 10
14.75 7265 119 1064 1542 10
14.875 7261 115 1056 1558 10
15 7258 110 1046 1576 10
15.125 7255 105 1025 1605 10
15.25 7250 104 1015 1621 10
15.375 7250 96 1000 1644 10
15.5 7250 90 984 1665 11
15.625 7249 89 966 1685 11
15.75 7248 85 953 1703 11
15.875 7248 79 945 1716 12
16 7247 73 926 1741 13
16.125 7246 69 915 1757 13
16.25 7243 67 899 1778 13
16.375 7242 64 877 1804 13
16.5 7241 61 860 1825 13
16.625 7239 61 839 1848 13
16.75 7237 60 823 1867 13
16.875 7236 56 811 1884 13
17 7233 58 801 1895 13
17.125 7233 57 791 1906 13
17.25 7233 54 782 1918 13
17.375 7233 53 772 1929 13
17.5 7233 50 765 1939 13
17.625 7233 45 756 1952 14
17.75 7232 46 742 1965 15
17.875 7231 45 721 1987 16
18 7229 45 710 2000 16
18.125 7229 42 697 2016 16
18.25 7229 41 684 2030 16
18.375 7229 38 671 2046 16
18.5 7229 38 660 2057 16
18.625 7227 37 648 2072 16
18.75 7227 35 637 2084 17
18.875 7226 32 625 2100 17
19 7226 32 612 2113 17
19.125 7225 29 603 2126 17
19.25 7225 26 600 2132 17
19.375 7225 24 591 2143 17
19.5 7224 24 576 2159 17
19.625 7223 23 564 2173 17
19.75 7223 20 555 2185 17
19.875 7222 20 545 2196 17
20 7222 19 529 2213 17
20.125 7222 19 520 2222 17
20.25 7221 19 514 2229 17
20.375 7221 18 499 2244 18
20.5 7221 17 489 2255 18
20.625 7220 18 479 2264 19
20.75 7220 17 469 2274 20
20.875 7219 17 464 2280 20
21 7219 15 455 2291 20
21.125 7219 14 451 2296 20
21.25 7219 12 450 2299 20
21.375 7219 12 446 2303 20
21.5 7218 12 438 2312 20
21.625 7218 11 431 2320 20
21.75 7218 11 419 2332 20
21.875 7218 10 413 2339 20
22 7218 10 408 2344 20
22.125 7218 10 395 2357 20
22.25 7218 9 385 2368 20
22.375 7218 9 379 2374 20
22.5 7218 9 373 2380 20
22.625 7218 9 365 2388 20
22.75 7217 10 359 2394 20
22.875 7217 10 354 2399 20
23 7217 10 347 2406 20
23.125 7217 10 337 2416 20
23.25 7216 10 332 2422 20
23.375 7216 9 325 2430 20
23.5 7216 9 322 2433 20
23.625 7216 7 321 2436 20
23.75 7216 7 316 2440 21
23.875 7216 7 312 2444 21
24 7216 7 309 2447 21
24.125 7216 7 301 2455 21
24.25 7216 7 295 2461 21
24.375 7216 7 293 2462 22
24.5 7216 7 288 2466 23
24.625 7216 6 284 2471 23
24.75 7216 6 280 2474 24
24.875 7215 7 278 2476 24
25 7215 6 273 2482 24
25.125 7215 6 268 2487 24
25.25 7215 6 264 2491 24
25.375 7215 6 254 2501 24
25.5 7215 6 243 2512 24
25.625 7214 6 240 2516 24
25.75 7214 6 234 2522 24
25.875 7214 6 229 2527 24
26 7214 6 226 2530 24
26.125 7214 6 222 2534 24
26.25 7214 6 217 2538 25
26.375 7214 5 216 2540 25
26.5 7213 6 213 2543 25
26.625 7213 5 211 2546 25
26.75 7213 5 207 2550 25
26.875 7213 5 205 2552 25
27 7213 5 201 2556 25
27.125 7213 4 200 2558 25
27.25 7213 3 197 2562 25
27.375 7213 3 195 2564 25
27.5 7213 3 193 2566 25
27.625 7213 3 186 2573 25
27.75 7213 3 183 2576 25
27.875 7213 3 178 2581 25
28 7213 3 177 2582 25
28.125 7213 1 176 2584 26
28.25 7213 1 174 2586 26
28.375 7213 1 169 2591 26
28.5 7213 1 167 2593 26
28.625 7213 1 161 2599 26
28.75 7213 0 155 2605 27
28.875 7213 0 153 2607 27
29 7212 1 149 2611 27
29.125 7212 1 147 2613 27
29.25 7212 0 145 2616 27
29.375 7212 0 145 2616 27
29.5 7212 0 143 2618 27
29.625 7212 0 141 2620 27
29.75 7211 1 140 2621 27
29.875 7211 1 134 2627 27
30 7211 1 131 2630 27
30.125 7211 1 125 2636 27
30.25 7211 1 120 2641 27
30.375 7211 1 116 2645 27
30.5 7211 1 113 2648 27
30.625 7211 1 110 2651 27
30.75 7211 1 107 2654 27
30.875 7211 1 105 2656 27
31 7211 1 103 2658 27
31.125 7211 1 101 2660 27
31.25 7211 1 98 2663 27
31.375 7211 1 94 2667 27
31.5 7211 0 95 2667 27
31.625 7211 0 92 2670 27
31.75 7211 0 90 2672 27
31.875 7211 0 88 2674 27
32 7211 0 87 2675 27
32.125 7211 0 86 2676 27
32.25 7211 0 85 2677 27
32.375 7211 0 84 2678 27
32.5 7211 0 83 2679 27
32.625 7211 0 83 2679 27
32.75 7211 0 82 2680 27
32.875 7211 0 80 2682 27
33 7211 0 79 2683 27
33.125 7211 0 78 2684 27
33.25 7211 0 78 2684 27
33.375 7211 0 77 2685 27
33.5 7211 0 76 2686 27
33.625 7211 0 76 2686 27
33.75 7211 0 73 2689 27
33.875 7211 0 72 2690 27
34 7211 0 69 2693 27
34.125 7211 0 69 2693 27
34.25 7211 0 67 2695 27
34.375 7211 0 67 2695 27
34.5 7211 0 66 2696 27
34.625 7211 0 65 2697 27
34.75 7211 0 65 2697 27
34.875 7211 0 62 2700 27
35 7211 0 62 2700 27
35.125 7211 0 61 2701 27
35.25 7210 1 60 2702 27
35.375 7210 1 58 2704 27
35.5 7210 1 58 2704 27
35.625 7210 1 57 2705 27
35.75 7210 1 54 2708 27
35.875 7210 1 53 2709 27
36 7210 1 52 2710 27
36.125 7210 1 51 2711 27
36.25 7210 1 51 2711 27
36.375 7210 1 50 2712 27
36.5 7210 1 49 2713 27
36.625 7210 1 49 2713 27
36.75 7210 1 47 2715 27
36.875 7210 1 47 2715 27
37 7210 1 46 2716 27
37.125 7210 1 45 2717 27
37.25 7210 1 45 2717 27
37.375 7210 1 44 2718 27
37.5 7209 2 44 2718 27
37.625 7209 2 43 2719 27
37.75 7209 2 42 2720 27
37.875 7209 2 42 2720 27
38 7209 2 41 2721 27
38.125 7209 2 41 2721 27
38.25 7209 2 41 2721 27
38.375 7209 2 40 2722 27
38.5 7209 2 40 2722 27
38.625 7209 2 37 2725 27
38.75 7209 2 34 2728 27
38.875 7209 2 33 2729 27
39 7209 2 33 2729 27
39.125 7209 1 34 2729 27
39.25 7209 1 32 2731 27
39.375 7209 1 31 2732 27
39.5 7209 1 30 2733 27
39.625 7209 1 27 2736 27
39.75 7209 1 27 2736 27
39.875 7209 1 27 2736 27
40 7209 1 26 2737 27
40.125 7209 1 26 2737 27
40.25 7209 1 26 2737 27
40.375 7209 1 26 2737 27
40.5 7209 1 26 2737 27
40.625 7209 1 26 2737 27
40.75 7209 1 26 2737 27
40.875 7209 1 26 2737 27
41 7209 0 25 2739 27
41.125 7209 0 25 2739 27
41.25 7209 0 25 2739 27
41.375 7209 0 25 2739 27
41.5 7209 0 24 2740 27
41.625 7209 0 23 2741 27
41.75 7209 0 23 2741 27
41.875 7209 0 21 2743 27
42 7209 0 20 2744 27
42.125 7209 0 19 2745 27
42.25 7209 0 19 2745 27
42.375 7209 0 19 2745 27
42.5 7209 0 19 2745 27
42.625 7209 0 19 2745 27
42.75 7209 0 18 2746 27
42.875 7209 0 18 2746 27
43 7209 0 18 2746 27
43.125 7209 0 18 2746 27
43.25 7209 0 18 2746 27
43.375 7209 0 18 2746 27
43.5 7209 0 18 2746 27
43.625 7209 0 18 2746 27
43.75 7209 0 18 2746 27
43.875 7209 0 17 2747 27
44 7209 0 17 2747 27
44.125 7209 0 17 2747 27
44.25 7209 0 17 2747 27
44.375 7209 0 16 2748 27
44.5 7209 0 16 2748 27
44.625 7209 0 16 2748 27
44.75 7209 0 15 2749 27
44.875 7209 0 15 2749 27
45 7209 0 15 2749 27
45.125 7209 0 15 2749 27
45.25 7209 0 15 2749 27
45.375 7209 0 15 2749 27
45.5 7209 0 15 2749 27
45.625 7209 0 13 2751 27
45.75 7209 0 13 2751 27
45.875 7209 0 13 2751 27
46 7209 0 12 2752 27
46.125 7209 0 12 2752 27
46.25 7209 0 11 2753 27
46.375 7209 0 11 2753 27
46.5 7209 0 11 2753 27
46.625 7209 0 11 2753 27
46.75 7209 0 11 2753 27
46.875 7209 0 11 2753 27
47 7209 0 11 2753 27
47.125 7209 0 10 2754 27
47.25 7209 0 9 2755 27
47.375 7209 0 9 2755 27
47.5 7209 0 8 2756 27
47.625 7209 0 8 2756 27
47.75 7209 0 8 2756 27
47.875 7209 0 8 2756 27
48 7209 0 7 2757 27
48.125 7209 0 7 2757 27
48.25 7209 0 7 2757 27
48.375 7209 0 7 2757 27
48.5 7209 0 7 2757 27
48.625 7209 0 7 2757 27
48.75 7209 0 7 2757 27
48.875 7209 0 6 2758 27
49 7209 0 6 2758 27
49.125 7209 0 6 2758 27
49.25 7209 0 5 2759 27
49.375 7209 0 5 2759 27
49.5 7209 0 5 2759 27
49.625 7209 0 4 2760 27
49.75 7209 0 4 2760 27
49.875 7209 0 4 2760 27
50 7209 0 4 2760 27
50.125 7209 0 3 2761 27
50.25 7209 0 3 2761 27
50.375 7209 0 3 2761 27
50.5 7209 0 2 2762 27
50.625 7209 0 2 2762 27
50.75 7209 0 2 2762 27
50.875 7209 0 2 2762 27
51 7209 0 2 2762 27
51.125 7209 0 2 2762 27
51.25 7209 0 2 2762 27
51.375 7209 0 2 2762 27
51.5 7209 0 2 2762 27
51.625 7209 0 2 2762 27
51.75 7209 0 2 2762 27
51.875 7209 0 2 2762 27
52 7209 0 2 2762 27
52.125 7209 0 2 2762 27
52.25 7209 0 2 2762 27
52.375 7209 0 2 2762 27
52.5 7209 0 2 2762 27
52.625 7209 0 2 2762 27
52.75 7209 0 2 2762 27
52.875 7209 0 2 2762 27
53 7209 0 2 2762 27
53.125 7209 0 2 2762 27
53.25 7209 0 2 2762 27
53.375 7209 0 2 2762 27
53.5 7209 0 2 2762 27
53.625 7209 0 1 2763 27
53.75 7209 0 1 2763 27
53.875 7209 0 1 2763 27
54 7209 0 1 2763 27
54.125 7209 0 1 2763 27
54.25 7209 0 1 2763 27
54.375 7209 0 1 2763 27
54.5 7209 0 1 2763 27
54.625 7209 0 1 2763 27
54.75 7209 0 1 2763 27
54.875 7209 0 1 2763 27
55 7209 0 1 2763 27
55.125 7209 0 1 2763 27
55.25 7209 0 1 2763 27
55.375 7209 0 1 2763 27
55.5 7209 0 1 2763 27
55.625 7209 0 1 2763 27
55.75 7209 0 1 2763 27
55.875 7209 0 0 2764 27
