t S E I R D
0 9999 0 1 0 0
0.125 9998 1 1 0 0
0.25 9998 1 1 0 0
0.375 9998 1 1 0 0
0.5 9998 0 2 0 0
0.625 9998 0 2 0 0
0.75 9998 0 2 0 0
0.875 9998 0 2 0 0
1 9997 1 2 0 0
1.125 9996 2 2 0 0
1.25 9996 1 3 0 0
1.375 9996 1 3 0 0
1.5 9996 1 3 0 0
1.625 9995 2 3 0 0
1.75 9994 3 3 0 0
1.875 9994 3 3 0 0
2 9994 2 3 1 0
2.125 9993 3 3 1 0
2.25 9993 3 3 1 0
2.375 9993 3 3 1 0
2.5 9992 4 3 1 0
2.625 9992 4 3 1 0
2.75 9992 4 2 2 0
2.875 9991 5 2 2 0
3 9991 5 2 2 0
3.125 9991 5 2 2 0
3.25 9991 4 3 2 0
3.375 9990 5 3 2 0
3.5 9990 5 3 2 0
3.625 9989 6 3 2 0
3.75 9985 10 3 2 0
3.875 9984 11 3 2 0
4 9984 10 4 2 0
4.125 9983 11 4 2 0
4.25 9980 13 5 2 0
4.375 9979 13 6 2 0
4.5 9979 12 7 2 0
4.625 9978 10 10 2 0
4.75 9977 11 10 2 0
4.875 9977 11 10 2 0
5 9974 14 10 2 0
5.125 9974 14 10 2 0
5.25 9972 15 9 4 0
5.375 9969 18 9 4 0
5.5 9969 18 9 4 0
5.625 9968 18 10 4 0
5.75 9966 20 10 4 0
5.875 9964 22 10 4 0
6 9959 27 10 4 0
6.125 9956 28 12 4 0
6.25 9954 26 16 4 0
6.375 9950 28 18 4 0
6.5 9950 26 19 5 0
6.625 9947 27 21 5 0
6.75 9943 30 21 6 0
6.875 9938 32 24 6 0
7 9936 33 24 7 0
7.125 9932 35 26 7 0
7.25 9929 35 29 7 0
7.375 9926 35 32 7 0
7.5 9922 36 35 7 0
7.625 9919 36 37 8 0
7.75 9917 36 37 10 0
7.875 9913 37 35 15 0
8 9910 36 39 15 0
8.125 9907 36 42 15 0
8.25 9906 36 40 18 0
8.375 9901 41 39 19 0
8.5 9895 47 39 19 0
8.625 9891 48 41 20 0
8.75 9888 47 45 20 0
8.875 9882 45 53 20 0
9 9869 56 55 20 0
9.125 9860 61 57 22 0
9.25 9854 65 57 24 0
9.375 9845 69 60 26 0
9.5 9842 70 59 29 0
9.625 9838 71 61 30 0
9.75 9831 74 63 32 0
9.875 9821 77 66 36 0
10 9815 81 68 36 0
10.125 9805 84 75 36 0
10.25 9799 79 83 39 0
10.375 9789 87 83 41 0
10.5 9786 87 83 44 0
10.625 9781 85 87 47 0
10.75 9774 85 90 51 0
10.875 9759 96 91 54 0
11 9747 105 91 56 1
11.125 9737 107 98 57 1
11.25 9727 110 101 61 1
11.375 9717 112 107 63 1
11.5 9701 122 111 65 1
11.625 9684 132 115 68 1
11.75 9674 133 123 69 1
11.875 9654 147 127 71 1
12 9637 154 133 75 1
12.125 9617 166 140 76 1
12.25 9605 170 143 81 1
12.375 9588 181 147 83 1
12.5 9564 198 153 84 1
12.625 9545 196 171 87 1
12.75 9517 204 189 89 1
12.875 9486 224 191 98 1
13 9465 232 200 102 1
13.125 9439 250 207 103 1
13.25 9412 263 212 112 1
13.375 9383 276 222 118 1
13.5 9353 291 232 123 1
13.625 9333 292 246 128 1
13.75 9317 284 261 137 1
13.875 9294 287 273 144 2
14 9263 305 279 151 2
14.125 9233 315 290 160 2
14.25 9198 325 305 170 2
14.375 9175 334 313 176 2
14.5 9146 342 330 180 2
14.625 9110 358 347 183 2
14.75 9086 358 361 193 2
14.875 9056 363 378 201 2
15 9024 375 390 209 2
15.125 8983 390 404 221 2
15.25 8951 400 421 226 2
15.375 8919 415 427 237 2
15.5 8889 420 445 243 3
15.625 8851 439 456 251 3
15.75 8815 443 477 261 4
15.875 8782 445 501 268 4
16 8738 472 508 278 4
16.125 8697 482 530 287 4
16.25 8640 507 555 294 4
16.375 8583 529 581 302 5
16.5 8537 542 606 310 5
16.625 8489 557 630 319 5
16.75 8449 557 653 336 5
16.875 8386 584 674 351 5
17 8347 586 697 365 5
17.125 8311 576 721 387 5
17.25 8281 571 747 396 5
17.375 8236 583 768 408 5
17.5 8190 598 774 433 5
17.625 8140 597 810 448 5
17.75 8105 597 827 466 5
17.875 8070 605 840 480 5
18 8027 605 863 500 5
18.125 7991 608 879 517 5
18.25 7947 614 900 534 5
18.375 7914 602 919 560 5
18.5 7864 618 930 583 5
18.625 7819 620 957 599 5
18.75 7774 619 989 613 5
18.875 7736 622 1003 633 6
19 7682 631 1030 650 7
19.125 7623 654 1051 665 7
19.25 7580 666 1061 686 7
19.375 7548 657 1082 705 8
19.5 7501 663 1098 730 8
19.625 7455 672 1119 746 8
19.75 7412 664 1145 770 9
19.875 7366 680 1148 797 9
20 7317 673 1182 819 9
20.125 7272 684 1190 844 10
20.25 7234 673 1222 861 10
20.375 7192 666 1237 895 10
20.5 7152 660 1254 924 10
20.625 7110 658 1268 954 10
20.75 7077 647 1289 977 10
20.875 7045 633 1312 999 11
21 6994 648 1328 1019 11
21.125 6953 651 1333 1051 12
21.25 6912 641 1352 1083 12
21.375 6865 644 1378 1101 12
21.5 6833 636 1383 1135 13
21.625 6786 645 1390 1166 13
21.75 6746 642 1409 1190 13
21.875 6690 668 1403 1226 13
22 6650 668 1421 1248 13
22.125 6610 669 1435 1273 13
22.25 6574 664 1448 1300 14
22.375 6539 661 1457 1327 16
22.5 6506 651 1466 1361 16
22.625 6457 667 1468 1392 16
22.75 6415 675 1473 1420 17
22.875 6389 668 1478 1448 17
23 6351 649 1511 1472 17
23.125 6309 655 1507 1512 17
23.25 6268 654 1520 1541 17
23.375 6236 651 1530 1566 17
23.5 6201 649 1537 1595 18
23.625 6161 645 1552 1624 18
23.75 6138 632 1558 1654 18
23.875 6097 638 1568 1678 19
24 6070 628 1572 1711 19
24.125 6045 615 1587 1734 19
24.25 6010 608 1600 1763 19
24.375 5972 607 1597 1805 19
24.5 5945 584 1616 1835 20
24.625 5910 583 1617 1870 20
24.75 5873 574 1634 1898 21
24.875 5842 563 1646 1928 21
25 5811 555 1652 1961 21
25.125 5775 558 1649 1997 21
25.25 5744 554 1644 2037 21
25.375 5707 556 1641 2074 22
25.5 5677 560 1637 2104 22
25.625 5658 535 1655 2130 22
25.75 5631 515 1667 2165 22
25.875 5598 514 1660 2206 22
26 5563 506 1666 2243 22
26.125 5538 498 1655 2286 23
26.25 5515 495 1644 2323 23
26.375 5490 482 1660 2345 23
26.5 5464 488 1652 2371 25
26.625 5430 490 1651 2404 25
26.75 5402 483 1646 2444 25
26.875 5373 481 1632 2489 25
27 5340 487 1624 2524 25
27.125 5320 477 1617 2560 26
27.25 5287 472 1629 2585 27
27.375 5262 475 1605 2629 29
27.5 5237 463 1610 2661 29
27.625 5212 462 1598 2699 29
27.75 5178 471 1587 2734 30
27.875 5160 463 1580 2766 31
28 5129 469 1576 2795 31
28.125 5112 454 1571 2831 32
28.25 5093 440 1572 2863 32
28.375 5063 443 1563 2898 33
28.5 5048 430 1556 2932 34
28.625 5028 425 1539 2973 35
28.75 5006 414 1539 3006 35
28.875 4984 394 1553 3034 35
29 4967 385 1555 3058 35
29.125 4952 374 1555 3084 35
29.25 4921 383 1544 3117 35
29.375 4897 378 1538 3152 35
29.5 4869 385 1532 3179 35
29.625 4854 377 1521 3213 35
29.75 4839 366 1514 3246 35
29.875 4820 356 1505 3283 36
30 4801 360 1490 3313 36
30.125 4777 353 1485 3348 37
30.25 4763 336 1484 3379 38
30.375 4745 325 1493 3399 38
30.5 4721 331 1479 3431 38
30.625 4703 325 1476 3458 38
30.75 4687 317 1466 3491 39
30.875 4667 314 1463 3517 39
31 4658 312 1440 3550 40
31.125 4632 317 1430 3581 40
31.25 4620 312 1416 3611 41
31.375 4597 317 1406 3639 41
31.5 4586 306 1403 3664 41
31.625 4573 303 1388 3694 42
31.75 4551 302 1384 3721 42
31.875 4544 282 1381 3751 42
32 4526 281 1367 3784 42
32.125 4512 276 1359 3811 42
32.25 4489 283 1353 3833 42
32.375 4482 270 1345 3861 42
32.5 4472 258 1339 3889 42
32.625 4461 253 1322 3920 44
32.75 4439 257 1310 3950 44
32.875 4427 252 1297 3980 44
33 4416 242 1291 4007 44
33.125 4402 238 1268 4048 44
33.25 4386 232 1265 4073 44
33.375 4370 234 1254 4097 45
33.5 4355 236 1237 4126 46
33.625 4342 236 1229 4147 46
33.75 4331 236 1213 4174 46
33.875 4322 228 1203 4200 47
34 4314 219 1197 4222 48
34.125 4303 212 1186 4251 48
34.25 4289 212 1182 4269 48
34.375 4279 208 1165 4300 48
34.5 4270 204 1151 4327 48
34.625 4258 201 1135 4358 48
34.75 4248 201 1112 4391 48
34.875 4238 201 1094 4419 48
35 4229 200 1086 4437 48
35.125 4220 198 1085 4449 48
35.25 4204 198 1078 4472 48
35.375 4196 195 1072 4489 48
35.5 4186 200 1059 4507 48
35.625 4172 194 1051 4535 48
35.75 4163 189 1045 4555 48
35.875 4150 191 1038 4573 48
36 4143 187 1030 4592 48
36.125 4134 183 1026 4609 48
36.25 4127 177 1014 4634 48
36.375 4111 183 1008 4650 48
36.5 4101 179 993 4679 48
36.625 4087 183 975 4707 48
36.75 4079 172 978 4723 48
36.875 4068 178 963 4743 48
37 4055 177 959 4761 48
37.125 4047 173 953 4779 48
37.25 4042 168 939 4803 48
37.375 4033 170 931 4818 48
37.5 4020 172 923 4837 48
37.625 4012 170 918 4851 49
37.75 4002 172 905 4872 49
37.875 3992 173 897 4889 49
38 3985 167 885 4914 49
38.125 3978 163 884 4926 49
38.25 3970 162 870 4949 49
38.375 3963 154 863 4971 49
38.5 3953 159 844 4995 49
38.625 3944 152 847 5008 49
38.75 3935 150 837 5029 49
38.875 3927 151 828 5044 50
39 3922 148 819 5061 50
39.125 3918 143 810 5079 50
39.25 3911 140 799 5100 50
39.375 3905 133 791 5120 51
39.5 3895 134 787 5133 51
39.625 3887 130 777 5155 51
39.75 3881 129 770 5169 51
39.875 3878 130 758 5183 51
40 3871 131 751 5196 51
40.125 3865 128 747 5209 51
40.25 3859 132 732 5226 51
40.375 3852 128 728 5241 51
40.5 3849 125 721 5253 52
40.625 3844 123 711 5270 52
40.75 3838 121 700 5289 52
40.875 3835 117 698 5298 52
41 3825 121 692 5310 52
41.125 3821 118 693 5316 52
41.25 3814 115 690 5329 52
41.375 3806 119 682 5341 52
41.5 3798 117 678 5355 52
41.625 3795 114 669 5370 52
41.75 3788 112 664 5384 52
41.875 3783 106 657 5402 52
42 3780 103 650 5415 52
42.125 3775 106 643 5424 52
42.25 3770 100 643 5435 52
42.375 3767 95 641 5445 52
42.5 3757 99 633 5459 52
42.625 3751 101 625 5471 52
42.75 3747 96 618 5487 52
42.875 3742 91 615 5500 52
43 3735 96 610 5506 53
43.125 3730 96 600 5521 53
43.25 3725 93 595 5534 53
43.375 3724 86 590 5547 53
43.5 3714 84 590 5559 53
43.625 3712 81 585 5569 53
43.75 3704 83 579 5581 53
43.875 3697 82 578 5590 53
44 3695 78 574 5600 53
44.125 3686 86 562 5613 53
44.25 3685 80 551 5631 53
44.375 3684 78 544 5641 53
44.5 3680 78 536 5652 54
44.625 3673 82 532 5659 54
44.75 3671 80 526 5669 54
44.875 3668 76 524 5678 54
45 3664 74 519 5689 54
45.125 3660 75 512 5699 54
45.25 3659 69 510 5708 54
45.375 3657 69 502 5718 54
45.5 3656 64 500 5726 54
45.625 3655 62 493 5736 54
45.75 3653 59 490 5744 54
45.875 3650 60 484 5752 54
46 3649 56 475 5766 54
46.125 3644 61 467 5773 55
46.25 3643 55 466 5781 55
46.375 3641 54 463 5787 55
46.5 3636 52 458 5799 55
46.625 3632 54 450 5808 56
46.75 3630 55 446 5813 56
46.875 3624 59 435 5826 56
47 3620 57 433 5834 56
47.125 3614 57 430 5843 56
47.25 3612 56 426 5850 56
47.375 3609 58 421 5856 56
47.5 3606 60 410 5868 56
47.625 3602 63 404 5875 56
47.75 3597 64 403 5880 56
47.875 3593 61 397 5893 56
48 3589 62 394 5899 56
48.125 3587 59 390 5908 56
48.25 3582 61 383 5918 56
48.375 3577 65 378 5924 56
48.5 3576 61 378 5929 56
48.625 3568 66 373 5937 56
48.75 3564 69 361 5950 56
48.875 3558 70 361 5955 56
49 3556 67 360 5961 56
49.125 3555 62 361 5966 56
49.25 3553 59 361 5971 56
49.375 3549 56 361 5978 56
49.5 3548 51 359 5986 56
49.625 3546 48 358 5992 56
49.75 3546 45 354 5998 57
49.875 3542 46 351 6004 57
50 3540 44 346 6013 57
50.125 3540 41 339 6023 57
50.25 3538 40 335 6030 57
50.375 3537 39 327 6040 57
50.5 3534 37 325 6047 57
50.625 3533 38 319 6053 57
50.75 3531 38 314 6060 57
50.875 3530 35 312 6066 57
51 3528 34 304 6077 57
51.125 3527 33 300 6083 57
51.25 3524 35 290 6094 57
51.375 3521 36 286 6100 57
51.5 3519 37 279 6107 58
51.625 3516 40 273 6113 58
51.75 3515 38 269 6120 58
51.875 3512 38 267 6125 58
52 3511 36 267 6128 58
52.125 3508 38 256 6140 58
52.25 3505 40 251 6145 59
52.375 3505 38 246 6152 59
52.5 3505 37 243 6156 59
52.625 3504 33 242 6162 59
52.75 3501 35 237 6168 59
52.875 3498 37 236 6170 59
53 3495 34 236 6176 59
53.125 3493 36 230 6182 59
53.25 3489 39 226 6187 59
53.375 3488 39 220 6194 59
53.5 3487 36 218 6200 59
53.625 3486 36 215 6204 59
53.75 3485 37 211 6208 59
53.875 3483 37 212 6209 59
54 3481 38 208 6214 59
54.125 3480 35 209 6217 59
54.25 3480 33 209 6219 59
54.375 3478 31 211 6221 59
54.5 3477 30 209 6225 59
54.625 3475 30 203 6233 59
54.75 3475 26 206 6234 59
54.875 3474 27 204 6236 59
55 3473 27 202 6239 59
55.125 3472 25 202 6242 59
55.25 3471 22 201 6247 59
55.375 3469 22 200 6250 59
55.5 3468 23 195 6255 59
55.625 3467 23 195 6256 59
55.75 3467 21 193 6260 59
55.875 3467 20 190 6264 59
56 3467 19 187 6268 59
56.125 3467 19 182 6273 59
56.25 3464 21 180 6276 59
56.375 3462 23 178 6278 59
56.5 3461 23 176 6281 59
56.625 3461 21 175 6284 59
56.75 3461 19 175 6286 59
56.875 3461 18 172 6290 59
57 3459 20 168 6294 59
57.125 3458 20 166 6297 59
57.25 3454 24 166 6297 59
57.375 3453 25 162 6301 59
57.5 3450 27 158 6306 59
57.625 3449 26 158 6308 59
57.75 3447 26 157 6311 59
57.875 3447 26 152 6316 59
58 3446 26 151 6318 59
58.125 3446 24 151 6320 59
58.25 3446 24 149 6322 59
58.375 3446 20 152 6323 59
58.5 3443 21 152 6325 59
58.625 3443 18 153 6327 59
58.75 3441 20 149 6331 59
58.875 3439 22 146 6334 59
59 3439 20 146 6336 59
59.125 3438 21 142 6340 59
59.25 3437 20 141 6343 59
59.375 3436 21 138 6346 59
59.5 3436 20 132 6353 59
59.625 3435 18 128 6360 59
59.75 3435 18 125 6363 59
59.875 3434 17 124 6366 59
60 3433 17 121 6370 59
60.125 3433 14 119 6375 59
60.25 3433 13 117 6378 59
60.375 3432 14 115 6380 59
60.5 3432 14 115 6380 59
60.625 3430 15 111 6385 59
60.75 3430 15 108 6388 59
60.875 3426 19 105 6391 59
61 3425 20 104 6392 59
61.125 3424 19 102 6396 59
61.25 3423 18 102 6398 59
61.375 3423 18 101 6399 59
61.5 3423 17 102 6399 59
61.625 3423 15 99 6403 60
61.75 3422 13 100 6405 60
61.875 3422 12 98 6408 60
62 3422 12 95 6411 60
62.125 3422 12 93 6413 60
62.25 3422 11 90 6417 60
62.375 3422 10 89 6419 60
62.5 3422 10 86 6422 60
62.625 3421 11 85 6423 60
62.75 3421 10 82 6427 60
62.875 3420 11 82 6427 60
63 3418 13 80 6429 60
63.125 3418 11 81 6430 60
63.25 3418 10 78 6434 60
63.375 3417 11 77 6435 60
63.5 3417 11 74 6438 60
63.625 3416 11 75 6438 60
63.75 3416 10 75 6439 60
63.875 3415 11 74 6440 60
64 3415 9 76 6440 60
64.125 3415 9 70 6446 60
64.25 3415 9 69 6447 60
64.375 3415 9 67 6449 60
64.5 3415 8 68 6449 60
64.625 3413 9 66 6451 61
64.75 3413 9 64 6453 61
64.875 3411 11 63 6454 61
65 3411 10 62 6456 61
65.125 3411 9 63 6456 61
65.25 3411 8 63 6457 61
65.375 3410 8 63 6458 61
65.5 3410 8 62 6459 61
65.625 3410 8 61 6460 61
65.75 3410 8 59 6461 62
65.875 3410 7 59 6462 62
66 3410 7 57 6464 62
66.125 3410 7 55 6466 62
66.25 3409 8 55 6466 62
66.375 3409 7 56 6466 62
66.5 3408 7 55 6468 62
66.625 3408 7 54 6469 62
66.75 3407 7 53 6471 62
66.875 3407 7 53 6471 62
67 3406 7 51 6474 62
67.125 3406 6 49 6477 62
67.25 3406 6 47 6479 62
67.375 3406 5 48 6479 62
67.5 3406 4 49 6479 62
67.625 3406 4 48 6480 62
67.75 3406 4 47 6481 62
67.875 3405 5 45 6483 62
68 3405 3 47 6483 62
68.125 3405 3 47 6483 62
68.25 3405 3 46 6484 62
68.375 3405 3 46 6484 62
68.5 3405 2 46 6485 62
68.625 3405 2 45 6486 62
68.75 3405 2 43 6488 62
68.875 3405 2 43 6488 62
69 3405 2 42 6489 62
69.125 3405 2 41 6490 62
69.25 3405 2 39 6492 62
69.375 3405 2 39 6492 62
69.5 3405 1 37 6495 62
69.625 3405 1 37 6495 62
69.75 3405 1 37 6495 62
69.875 3405 1 36 6496 62
70 3405 1 35 6497 62
70.125 3405 1 35 6497 62
70.25 3405 1 34 6498 62
70.375 3404 2 33 6499 62
70.5 3404 1 32 6501 62
70.625 3404 1 32 6501 62
70.75 3403 2 30 6503 62
70.875 3403 2 29 6504 62
71 3403 2 27 6506 62
71.125 3403 2 27 6506 62
71.25 3403 2 27 6506 62
71.375 3401 4 27 6506 62
71.5 3401 4 27 6506 62
71.625 3401 3 28 6506 62
71.75 3401 3 28 6506 62
71.875 3401 3 28 6506 62
72 3401 3 28 6506 62
72.125 3401 3 28 6506 62
72.25 3401 2 29 6506 62
72.375 3401 2 29 6506 62
72.5 3401 2 29 6506 62
72.625 3401 2 29 6506 62
72.75 3401 2 29 6506 62
72.875 3401 2 28 6507 62
73 3400 3 28 6507 62
73.125 3400 3 28 6507 62
73.25 3400 3 26 6509 62
73.375 3400 3 24 6511 62
73.5 3399 4 24 6511 62
73.625 3399 3 24 6512 62
73.75 3399 3 23 6513 62
73.875 3399 3 23 6513 62
74 3399 2 24 6513 62
74.125 3398 3 23 6514 62
74.25 3398 3 22 6515 62
74.375 3398 2 21 6517 62
74.5 3398 2 20 6518 62
74.625 3398 1 20 6519 62
74.75 3398 1 19 6520 62
74.875 3398 1 19 6520 62
75 3398 1 19 6520 62
75.125 3398 1 18 6521 62
75.25 3397 2 17 6522 62
75.375 3397 1 16 6524 62
75.5 3397 1 16 6524 62
75.625 3397 1 14 6526 62
75.75 3397 1 13 6527 62
75.875 3397 1 13 6527 62
76 3397 1 13 6527 62
76.125 3397 1 11 6529 62
76.25 3397 1 11 6529 62
76.375 3397 1 11 6529 62
76.5 3397 1 10 6530 62
76.625 3397 1 10 6530 62
76.75 3397 1 10 6530 62
76.875 3397 1 10 6530 62
77 3397 1 10 6530 62
77.125 3397 1 10 6530 62
77.25 3397 1 10 6530 62
77.375 3397 0 11 6530 62
77.5 3397 0 10 6531 62
77.625 3397 0 10 6531 62
77.75 3397 0 9 6532 62
77.875 3397 0 9 6532 62
78 3397 0 9 6532 62
78.125 3397 0 9 6532 62
78.25 3397 0 9 6532 62
78.375 3397 0 9 6532 62
78.5 3397 0 9 6532 62
78.625 3397 0 9 6532 62
78.75 3397 0 8 6533 62
78.875 3397 0 6 6535 62
79 3397 0 6 6535 62
79.125 3397 0 5 6536 62
79.25 3397 0 5 6536 62
79.375 3397 0 5 6536 62
79.5 3397 0 5 6536 62
79.625 3397 0 5 6536 62
79.75 3397 0 5 6536 62
79.875 3397 0 5 6536 62
80 3397 0 5 6536 62
80.125 3397 0 5 6536 62
80.25 3397 0 5 6536 62
80.375 3397 0 5 6536 62
80.5 3397 0 5 6536 62
80.625 3397 0 5 6536 62
80.75 3397 0 5 6536 62
80.875 3397 0 4 6537 62
81 3397 0 4 6537 62
81.125 3397 0 4 6537 62
81.25 3397 0 4 6537 62
81.375 3397 0 4 6537 62
81.5 3397 0 4 6537 62
81.625 3397 0 4 6537 62
81.75 3397 0 4 6537 62
81.875 3397 0 4 6537 62
82 3397 0 4 6537 62
82.125 3397 0 4 6537 62
82.25 3397 0 4 6537 62
82.375 3397 0 4 6537 62
82.5 3397 0 4 6537 62
82.625 3397 0 4 6537 62
82.75 3397 0 4 6537 62
82.875 3397 0 4 6537 62
83 3397 0 4 6537 62
83.125 3397 0 4 6537 62
83.25 3397 0 4 6537 62
83.375 3397 0 4 6537 62
83.5 3397 0 4 6537 62
83.625 3397 0 4 6537 62
83.75 3397 0 4 6537 62
83.875 3397 0 4 6537 62
84 3397 0 4 6537 62
84.125 3397 0 3 6538 62
84.25 3397 0 3 6538 62
84.375 3397 0 3 6538 62
84.5 3397 0 3 6538 62
84.625 3397 0 3 6538 62
84.75 3397 0 3 6538 62
84.875 3397 0 3 6538 62
85 3397 0 3 6538 62
85.125 3396 1 3 6538 62
85.25 3396 0 4 6538 62
85.375 3396 0 4 6538 62
85.5 3396 0 4 6538 62
85.625 3396 0 4 6538 62
85.75 3396 0 3 6539 62
85.875 3396 0 3 6539 62
86 3396 0 3 6539 62
86.125 3396 0 3 6539 62
86.25 3396 0 3 6539 62
86.375 3396 0 2 6540 62
86.5 3396 0 2 6540 62
86.625 3396 0 2 6540 62
86.75 3396 0 2 6540 62
86.875 3396 0 2 6540 62
87 3396 0 2 6540 62
87.125 3396 0 2 6540 62
87.25 3396 0 2 6540 62
87.375 3396 0 2 6540 62
87.5 3396 0 2 6540 62
87.625 3396 0 2 6540 62
87.75 3396 0 2 6540 62
87.875 3396 0 2 6540 62
88 3396 0 2 6540 62
88.125 3396 0 2 6540 62
88.25 3396 0 2 6540 62
88.375 3396 0 2 6540 62
88.5 3396 0 2 6540 62
88.625 3396 0 2 6540 62
88.75 3396 0 2 6540 62
88.875 3396 0 2 6540 62
89 3396 0 2 6540 62
89.125 3396 0 2 6540 62
89.25 3396 0 2 6540 62
89.375 3396 0 2 6540 62
89.5 3396 0 2 6540 62
89.625 3396 0 2 6540 62
89.75 3396 0 2 6540 62
89.875 3396 0 2 6540 62
90 3396 0 2 6540 62
90.125 3396 0 2 6540 62
90.25 3396 0 2 6540 62
90.375 3396 0 2 6540 62
90.5 3396 0 2 6540 62
90.625 3396 0 2 6540 62
90.75 3396 0 2 6540 62
90.875 3396 0 2 6540 62
91 3396 0 2 6540 62
91.125 3396 0 2 6540 62
91.25 3396 0 2 6540 62
91.375 3396 0 2 6540 62
91.5 3396 0 2 6540 62
91.625 3395 1 2 6540 62
91.75 3395 1 2 6540 62
91.875 3395 1 2 6540 62
92 3395 1 2 6540 62
92.125 3395 1 1 6541 62
92.25 3395 1 1 6541 62
92.375 3395 1 1 6541 62
92.5 3395 1 1 6541 62
92.625 3395 1 1 6541 62
92.75 3395 0 2 6541 62
92.875 3395 0 2 6541 62
93 3395 0 2 6541 62
93.125 3395 0 2 6541 62
93.25 3395 0 1 6542 62
93.375 3395 0 1 6542 62
93.5 3395 0 1 6542 62
93.625 3395 0 1 6542 62
93.75 3395 0 1 6542 62
93.875 3395 0 1 6542 62
94 3395 0 1 6542 62
94.125 3395 0 1 6542 62
94.25 3395 0 1 6542 62
94.375 3395 0 1 6542 62
94.5 3395 0 1 6542 62
94.625 3395 0 1 6542 62
94.75 3395 0 1 6542 62
94.875 3395 0 1 6542 62
95 3395 0 1 6542 62
95.125 3395 0 1 6542 62
95.25 3395 0 1 6542 62
95.375 3395 0 1 6542 62
95.5 3395 0 1 6542 62
95.625 3395 0 1 6542 62
95.75 3395 0 0 6543 62
