t S E I R D
0 9999 0 1 0 0
0.125 9999 0 1 0 0
0.25 9999 0 1 0 0
0.375 9999 0 1 0 0
0.5 9999 0 1 0 0
0.625 9999 0 1 0 0
0.75 9999 0 1 0 0
0.875 9998 1 1 0 0
1 9997 2 1 0 0
1.125 9997 1 2 0 0
1.25 9997 1 2 0 0
1.375 9997 1 2 0 0
1.5 9997 1 2 0 0
1.625 9997 1 2 0 0
1.75 9997 1 2 0 0
1.875 9996 2 2 0 0
2 9996 2 2 0 0
2.125 9996 2 2 0 0
2.25 9996 2 2 0 0
2.375 9996 2 2 0 0
2.5 9996 2 2 0 0
2.625 9996 2 2 0 0
2.75 9995 3 2 0 0
2.875 9995 3 2 0 0
3 9995 3 2 0 0
3.125 9995 2 3 0 0
3.25 9994 3 3 0 0
3.375 9993 4 3 0 0
3.5 9993 4 3 0 0
3.625 9993 3 4 0 0
3.75 9992 4 4 0 0
3.875 9992 4 4 0 0
4 9991 5 4 0 0
4.125 9990 6 4 0 0
4.25 9986 10 4 0 0
4.375 9986 10 4 0 0
4.5 9986 9 5 0 0
4.625 9983 12 5 0 0
4.75 9979 16 5 0 0
4.875 9977 16 7 0 0
5 9973 20 7 0 0
5.125 9969 23 8 0 0
5.25 9966 26 8 0 0
5.375 9959 28 13 0 0
5.5 9956 30 14 0 0
5.625 9954 31 15 0 0
5.75 9944 39 17 0 0
5.875 9941 39 17 3 0
6 9940 37 20 3 0
6.125 9933 44 20 3 0
6.25 9928 47 22 3 0
6.375 9926 48 22 4 0
6.5 9921 50 25 4 0
6.625 9919 49 28 4 0
6.75 9910 58 28 4 0
6.875 9908 58 30 4 0
7 9903 62 30 5 0
7.125 9898 63 33 6 0
7.25 9892 68 34 6 0
7.375 9877 79 38 6 0
7.5 9872 75 47 6 0
7.625 9860 82 51 7 0
7.75 9849 90 54 7 0
7.875 9831 107 53 9 0
8 9825 104 59 12 0
8.125 9814 108 63 15 0
8.25 9805 109 69 17 0
8.375 9792 117 71 20 0
8.5 9777 123 78 22 0
8.625 9764 130 80 26 0
8.75 9748 144 81 27 0
8.875 9729 161 82 28 0
9 9704 176 91 29 0
9.125 9681 186 102 31 0
9.25 9656 199 110 35 0
9.375 9630 218 117 35 0
9.5 9603 236 124 37 0
9.625 9573 254 134 39 0
9.75 9554 254 151 41 0
9.875 9532 264 161 43 0
10 9509 278 167 46 0
10.125 9475 299 177 49 0
10.25 9451 311 188 50 0
10.375 9423 325 196 56 0
10.5 9384 351 206 59 0
10.625 9354 360 224 62 0
10.75 9317 374 244 65 0
10.875 9285 389 257 69 0
11 9243 410 274 73 0
11.125 9199 428 298 75 0
11.25 9158 452 312 78 0
11.375 9111 465 337 87 0
11.5 9066 474 369 91 0
11.625 9005 498 394 103 0
11.75 8957 520 413 110 0
11.875 8913 531 432 124 0
12 8863 553 454 130 0
12.125 8817 561 482 140 0
12.25 8769 578 503 149 1
12.375 8733 584 522 160 1
12.5 8672 594 560 173 1
12.625 8615 611 588 185 1
12.75 8552 635 617 195 1
12.875 8501 647 639 212 1
13 8447 663 662 226 2
13.125 8402 670 688 238 2
13.25 8337 693 720 248 2
13.375 8295 694 744 265 2
13.5 8242 704 772 280 2
13.625 8180 726 801 289 4
13.75 8126 739 828 303 4
13.875 8087 735 857 317 4
14 8036 740 882 338 4
14.125 7984 743 912 357 4
14.25 7933 745 947 371 4
14.375 7891 733 985 386 5
14.5 7854 712 1024 405 5
14.625 7810 705 1054 426 5
14.75 7760 716 1073 446 5
14.875 7723 717 1082 473 5
15 7689 686 1119 501 5
15.125 7658 671 1137 529 5
15.25 7624 661 1164 546 5
15.375 7582 661 1183 568 6
15.5 7532 667 1201 594 6
15.625 7489 677 1220 608 6
15.75 7456 655 1257 625 7
15.875 7418 660 1256 659 7
16 7375 658 1281 679 7
16.125 7335 656 1298 704 7
16.25 7301 655 1304 733 7
16.375 7272 647 1321 753 7
16.5 7240 641 1339 773 7
16.625 7209 639 1340 804 8
16.75 7168 639 1357 827 9
16.875 7124 640 1369 858 9
17 7093 627 1377 894 9
17.125 7058 635 1373 925 9
17.25 7029 631 1372 959 9
17.375 6996 630 1383 982 9
17.5 6963 624 1395 1008 10
17.625 6936 597 1418 1039 10
17.75 6902 587 1437 1064 10
17.875 6870 573 1455 1092 10
18 6846 565 1457 1121 11
18.125 6823 562 1450 1153 12
18.25 6794 550 1450 1193 13
18.375 6773 538 1450 1226 13
18.5 6748 529 1457 1252 14
18.625 6723 529 1456 1278 14
18.75 6700 525 1454 1306 15
18.875 6677 519 1448 1341 15
19 6642 521 1455 1367 15
19.125 6624 506 1462 1393 15
19.25 6603 497 1463 1421 16
19.375 6582 484 1473 1445 16
19.5 6557 482 1481 1464 16
19.625 6527 482 1477 1497 17
19.75 6504 480 1465 1533 18
19.875 6481 471 1475 1554 19
20 6463 455 1470 1593 19
20.125 6445 450 1460 1625 20
20.25 6425 440 1455 1660 20
20.375 6406 440 1447 1687 20
20.5 6388 432 1446 1714 20
20.625 6368 419 1451 1742 20
20.75 6352 409 1445 1774 20
20.875 6329 406 1443 1802 20
21 6307 404 1437 1832 20
21.125 6284 401 1438 1856 21
21.25 6264 404 1422 1889 21
21.375 6244 397 1416 1922 21
21.5 6217 398 1423 1941 21
21.625 6203 386 1425 1965 21
21.75 6180 382 1421 1996 21
21.875 6167 372 1419 2021 21
22 6149 370 1413 2046 22
22.125 6138 355 1402 2083 22
22.25 6119 358 1386 2114 23
22.375 6101 351 1379 2146 23
22.5 6093 339 1371 2172 25
22.625 6079 327 1372 2197 25
22.75 6065 322 1364 2223 26
22.875 6050 312 1360 2251 27
23 6037 300 1355 2280 28
23.125 6020 298 1346 2308 28
23.25 6007 285 1346 2334 28
23.375 5995 280 1337 2360 28
23.5 5983 276 1329 2384 28
23.625 5961 281 1316 2414 28
23.75 5947 281 1309 2435 28
23.875 5935 275 1300 2462 28
24 5924 277 1292 2479 28
24.125 5912 270 1273 2517 28
24.25 5902 266 1265 2539 28
24.375 5894 262 1251 2565 28
24.5 5884 255 1243 2589 29
24.625 5876 249 1236 2610 29
24.75 5869 244 1221 2637 29
24.875 5859 231 1218 2663 29
25 5844 225 1209 2693 29
25.125 5834 219 1200 2718 29
25.25 5824 216 1184 2747 29
25.375 5814 214 1176 2766 30
25.5 5811 202 1159 2798 30
25.625 5799 198 1156 2816 31
25.75 5790 195 1146 2838 31
25.875 5779 197 1129 2864 31
26 5769 196 1117 2887 31
26.125 5757 194 1117 2901 31
26.25 5752 184 1107 2926 31
26.375 5746 183 1099 2941 31
26.5 5740 177 1084 2968 31
26.625 5731 178 1063 2997 31
26.75 5726 171 1045 3027 31
26.875 5717 170 1036 3046 31
27 5712 168 1021 3068 31
27.125 5707 159 1015 3087 32
27.25 5700 156 1006 3106 32
27.375 5693 152 998 3125 32
27.5 5685 149 986 3147 33
27.625 5679 143 971 3173 34
27.75 5675 133 964 3194 34
27.875 5668 130 952 3216 34
28 5663 127 940 3236 34
28.125 5651 134 920 3261 34
28.25 5645 131 909 3281 34
28.375 5640 127 905 3294 34
28.5 5629 130 888 3318 35
28.625 5625 125 877 3338 35
28.75 5620 123 867 3355 35
28.875 5615 116 861 3373 35
29 5608 114 853 3389 36
29.125 5602 115 841 3404 38
29.25 5593 110 837 3421 39
29.375 5589 108 827 3437 39
29.5 5583 109 815 3454 39
29.625 5581 104 799 3476 40
29.75 5579 98 793 3489 41
29.875 5574 101 781 3503 41
30 5570 100 770 3519 41
30.125 5568 97 764 3530 41
30.25 5564 97 750 3548 41
30.375 5559 93 749 3558 41
30.5 5556 88 745 3568 43
30.625 5552 90 734 3581 43
30.75 5544 89 725 3599 43
30.875 5541 87 718 3611 43
31 5537 87 708 3625 43
31.125 5532 88 699 3638 43
31.25 5530 84 693 3650 43
31.375 5523 85 682 3667 43
31.5 5514 90 669 3684 43
31.625 5511 90 655 3701 43
31.75 5502 93 644 3718 43
31.875 5496 93 639 3729 43
32 5496 86 634 3741 43
32.125 5493 82 629 3753 43
32.25 5490 81 617 3769 43
32.375 5488 81 611 3777 43
32.5 5486 77 603 3791 43
32.625 5482 78 597 3800 43
32.75 5480 73 582 3821 44
32.875 5472 76 578 3830 44
33 5466 80 570 3840 44
33.125 5461 80 554 3861 44
33.25 5457 82 540 3877 44
33.375 5449 88 536 3883 44
33.5 5446 84 529 3897 44
33.625 5445 78 528 3905 44
33.75 5443 74 521 3918 44
33.875 5440 70 519 3927 44
34 5438 69 508 3941 44
34.125 5435 66 499 3956 44
34.25 5428 66 495 3967 44
34.375 5426 63 491 3976 44
34.5 5425 62 488 3981 44
34.625 5420 63 486 3987 44
34.75 5415 65 476 3999 45
34.875 5412 61 474 4008 45
35 5411 58 468 4018 45
35.125 5408 56 461 4030 45
35.25 5404 56 454 4041 45
35.375 5401 54 448 4052 45
35.5 5399 53 438 4065 45
35.625 5397 52 434 4072 45
35.75 5393 53 429 4080 45
35.875 5391 54 421 4089 45
36 5386 58 412 4099 45
36.125 5386 57 406 4106 45
36.25 5386 55 396 4118 45
36.375 5385 54 391 4125 45
36.5 5383 55 382 4135 45
36.625 5379 57 379 4140 45
36.75 5379 52 378 4146 45
36.875 5377 52 370 4156 45
37 5377 47 368 4163 45
37.125 5375 47 362 4171 45
37.25 5373 47 353 4182 45
37.375 5373 45 345 4192 45
37.5 5372 43 337 4203 45
37.625 5372 39 338 4206 45
37.75 5371 39 337 4208 45
37.875 5371 37 329 4218 45
38 5370 36 328 4221 45
38.125 5369 33 326 4227 45
38.25 5368 34 317 4236 45
38.375 5367 34 317 4237 45
38.5 5366 32 314 4243 45
38.625 5366 31 311 4247 45
38.75 5365 26 307 4257 45
38.875 5363 27 301 4264 45
39 5362 26 296 4271 45
39.125 5358 27 292 4278 45
39.25 5358 25 287 4285 45
39.375 5357 24 283 4291 45
39.5 5357 21 280 4297 45
39.625 5355 22 278 4300 45
39.75 5351 23 276 4305 45
39.875 5351 18 274 4312 45
40 5351 17 271 4316 45
40.125 5350 17 267 4321 45
40.25 5349 16 255 4335 45
40.375 5348 16 254 4337 45
40.5 5346 16 248 4345 45
40.625 5345 17 239 4354 45
40.75 5344 16 236 4359 45
40.875 5342 18 234 4361 45
41 5342 17 229 4367 45
41.125 5342 17 225 4371 45
41.25 5342 16 223 4374 45
41.375 5340 18 220 4377 45
41.5 5337 20 216 4382 45
41.625 5336 21 214 4384 45
41.75 5334 23 210 4388 45
41.875 5333 22 209 4391 45
42 5332 22 206 4395 45
42.125 5332 22 200 4401 45
42.25 5331 23 197 4404 45
42.375 5330 22 194 4409 45
42.5 5330 19 192 4414 45
42.625 5330 15 196 4414 45
42.75 5330 14 193 4418 45
42.875 5328 16 189 4422 45
43 5328 14 188 4425 45
43.125 5328 14 186 4427 45
43.25 5327 13 185 4429 46
43.375 5326 13 184 4431 46
43.5 5325 13 180 4436 46
43.625 5323 15 175 4441 46
43.75 5322 16 172 4444 46
43.875 5321 15 169 4449 46
44 5320 15 167 4452 46
44.125 5320 14 163 4457 46
44.25 5318 16 162 4458 46
44.375 5318 14 160 4462 46
44.5 5317 12 158 4467 46
44.625 5315 13 156 4470 46
44.75 5315 13 150 4476 46
44.875 5315 13 150 4476 46
45 5315 12 148 4479 46
45.125 5315 10 146 4483 46
45.25 5315 9 145 4485 46
45.375 5315 9 142 4488 46
45.5 5315 8 142 4489 46
45.625 5315 7 142 4490 46
45.75 5314 7 138 4495 46
45.875 5314 7 134 4499 46
46 5313 8 129 4504 46
46.125 5311 9 126 4508 46
46.25 5311 9 125 4509 46
46.375 5311 9 123 4511 46
46.5 5310 10 122 4512 46
46.625 5310 9 121 4514 46
46.75 5309 9 115 4521 46
46.875 5308 9 116 4521 46
47 5308 8 111 4527 46
47.125 5308 7 108 4531 46
47.25 5308 7 106 4533 46
47.375 5307 8 103 4536 46
47.5 5305 10 100 4539 46
47.625 5305 10 100 4539 46
47.75 5303 12 98 4541 46
47.875 5302 13 92 4547 46
48 5302 13 91 4548 46
48.125 5301 14 90 4549 46
48.25 5301 13 90 4550 46
48.375 5300 12 91 4551 46
48.5 5299 13 88 4554 46
48.625 5299 12 88 4555 46
48.75 5299 12 87 4556 46
48.875 5299 12 84 4559 46
49 5299 11 82 4562 46
49.125 5299 10 82 4563 46
49.25 5299 9 83 4563 46
49.375 5299 9 82 4564 46
49.5 5299 8 82 4565 46
49.625 5299 8 80 4567 46
49.75 5299 8 80 4567 46
49.875 5298 8 79 4569 46
50 5298 8 79 4569 46
50.125 5298 8 78 4570 46
50.25 5298 7 77 4572 46
50.375 5298 6 76 4574 46
50.5 5298 5 77 4574 46
50.625 5296 7 76 4575 46
50.75 5296 7 76 4575 46
50.875 5296 7 74 4577 46
51 5296 6 74 4578 46
51.125 5296 5 73 4580 46
51.25 5296 4 74 4580 46
51.375 5296 4 73 4581 46
51.5 5296 4 72 4582 46
51.625 5296 4 71 4583 46
51.75 5296 4 67 4587 46
51.875 5296 4 64 4590 46
52 5296 3 63 4592 46
52.125 5296 3 58 4597 46
52.25 5296 3 56 4599 46
52.375 5295 4 56 4599 46
52.5 5295 4 56 4599 46
52.625 5295 4 55 4599 47
52.75 5295 4 52 4602 47
52.875 5295 4 51 4603 47
53 5295 4 48 4606 47
53.125 5294 4 48 4607 47
53.25 5294 4 48 4607 47
53.375 5294 4 46 4609 47
53.5 5294 4 45 4610 47
53.625 5294 4 45 4610 47
53.75 5294 4 45 4610 47
53.875 5294 4 44 4611 47
54 5294 3 43 4612 48
54.125 5293 4 41 4614 48
54.25 5293 4 39 4616 48
54.375 5293 3 39 4617 48
54.5 5293 1 40 4618 48
54.625 5293 1 40 4618 48
54.75 5293 1 40 4618 48
54.875 5293 1 38 4620 48
55 5293 1 37 4621 48
55.125 5292 2 35 4623 48
55.25 5292 2 34 4624 48
55.375 5292 2 32 4626 48
55.5 5292 2 32 4626 48
55.625 5292 2 32 4626 48
55.75 5291 3 32 4626 48
55.875 5291 3 31 4627 48
56 5291 3 30 4628 48
56.125 5291 3 29 4629 48
56.25 5291 3 29 4629 48
56.375 5291 3 29 4629 48
56.5 5291 3 28 4630 48
56.625 5291 3 28 4630 48
56.75 5291 3 27 4631 48
56.875 5291 3 26 4632 48
57 5291 3 26 4632 48
57.125 5291 3 26 4632 48
57.25 5291 3 26 4632 48
57.375 5291 2 27 4632 48
57.5 5290 3 26 4633 48
57.625 5290 3 26 4633 48
57.75 5290 3 25 4634 48
57.875 5290 3 24 4635 48
58 5290 3 24 4635 48
58.125 5290 3 24 4635 48
58.25 5290 3 24 4635 48
58.375 5290 3 24 4635 48
58.5 5290 3 23 4636 48
58.625 5290 2 22 4638 48
58.75 5290 2 22 4638 48
58.875 5290 2 21 4639 48
59 5290 2 19 4641 48
59.125 5290 2 17 4643 48
59.25 5290 2 17 4643 48
59.375 5290 2 17 4643 48
59.5 5290 2 16 4644 48
59.625 5290 2 16 4644 48
59.75 5290 2 15 4645 48
59.875 5290 2 13 4647 48
60 5290 2 13 4647 48
60.125 5290 2 13 4647 48
60.25 5290 2 13 4647 48
60.375 5290 2 13 4647 48
60.5 5290 2 13 4647 48
60.625 5290 2 13 4647 48
60.75 5290 2 12 4648 48
60.875 5290 2 12 4648 48
61 5290 2 11 4649 48
61.125 5290 1 12 4649 48
61.25 5290 0 12 4650 48
61.375 5290 0 11 4651 48
61.5 5290 0 11 4651 48
61.625 5290 0 10 4652 48
61.75 5290 0 10 4652 48
61.875 5290 0 10 4652 48
62 5290 0 10 4652 48
62.125 5290 0 9 4653 48
62.25 5290 0 8 4654 48
62.375 5290 0 8 4654 48
62.5 5290 0 6 4656 48
62.625 5290 0 6 4656 48
62.75 5290 0 6 4656 48
62.875 5290 0 6 4656 48
63 5290 0 6 4656 48
63.125 5290 0 6 4656 48
63.25 5290 0 6 4656 48
63.375 5290 0 6 4656 48
63.5 5290 0 6 4656 48
63.625 5290 0 6 4656 48
63.75 5289 1 6 4656 48
63.875 5289 1 6 4656 48
64 5289 1 6 4656 48
64.125 5289 0 7 4656 48
64.25 5289 0 7 4656 48
64.375 5289 0 7 4656 48
64.5 5289 0 6 4657 48
64.625 5289 0 6 4657 48
64.75 5289 0 6 4657 48
64.875 5289 0 6 4657 48
65 5289 0 5 4658 48
65.125 5289 0 5 4658 48
65.25 5289 0 5 4658 48
65.375 5289 0 5 4658 48
65.5 5289 0 5 4658 48
65.625 5289 0 5 4658 48
65.75 5289 0 5 4658 48
65.875 5289 0 5 4658 48
66 5289 0 5 4658 48
66.125 5289 0 5 4658 48
66.25 5289 0 5 4658 48
66.375 5289 0 5 4658 48
66.5 5289 0 5 4658 48
66.625 5289 0 5 4658 48
66.75 5289 0 5 4658 48
66.875 5289 0 5 4658 48
67 5289 0 5 4658 48
67.125 5289 0 5 4658 48
67.25 5289 0 5 4658 48
67.375 5289 0 4 4659 48
67.5 5289 0 4 4659 48
67.625 5289 0 4 4659 48
67.75 5289 0 4 4659 48
67.875 5289 0 4 4659 48
68 5289 0 4 4659 48
68.125 5289 0 4 4659 48
68.25 5289 0 4 4659 48
68.375 5289 0 4 4659 48
68.5 5289 0 4 4659 48
68.625 5289 0 3 4660 48
68.75 5289 0 3 4660 48
68.875 5289 0 3 4660 48
69 5289 0 2 4661 48
69.125 5289 0 2 4661 48
69.25 5289 0 2 4661 48
69.375 5289 0 2 4661 48
69.5 5289 0 2 4661 48
69.625 5289 0 2 4661 48
69.75 5289 0 2 4661 48
69.875 5289 0 2 4661 48
70 5289 0 2 4661 48
70.125 5289 0 2 4661 48
70.25 5289 0 2 4661 48
70.375 5289 0 2 4661 48
70.5 5289 0 1 4662 48
70.625 5289 0 1 4662 48
70.75 5289 0 1 4662 48
70.875 5289 0 1 4662 48
71 5289 0 1 4662 48
71.125 5289 0 1 4662 48
71.25 5289 0 1 4662 48
71.375 5289 0 1 4662 48
71.5 5289 0 1 4662 48
71.625 5289 0 1 4662 48
71.75 5289 0 1 4662 48
71.875 5289 0 1 4662 48
72 5289 0 1 4662 48
72.125 5289 0 1 4662 48
72.25 5289 0 1 4662 48
72.375 5289 0 1 4662 48
72.5 5289 0 1 4662 48
72.625 5289 0 1 4662 48
72.75 5289 0 1 4662 48
72.875 5289 0 1 4662 48
73 5289 0 1 4662 48
73.125 5289 0 1 4662 48
73.25 5289 0 1 4662 48
73.375 5289 0 1 4662 48
73.5 5289 0 0 4663 48
