t S E I R D
0 98 0 2 0 0
0.125 97 1 2 0 0
0.25 97 1 2 0 0
0.375 97 0 2 1 0
0.5 97 0 2 1 0
0.625 97 0 2 1 0
0.75 96 1 2 1 0
0.875 96 1 2 1 0
1 95 2 2 1 0
1.125 95 2 2 1 0
1.25 95 2 2 1 0
1.375 95 1 3 1 0
1.5 95 1 3 1 0
1.625 95 0 4 1 0
1.75 95 0 4 1 0
1.875 95 0 4 1 0
2 94 1 4 1 0
2.125 93 2 4 1 0
2.25 93 2 4 1 0
2.375 93 1 5 1 0
2.5 92 2 5 1 0
2.625 91 3 5 1 0
2.75 90 4 5 1 0
2.875 90 4 5 1 0
3 90 4 5 1 0
3.125 90 4 5 1 0
3.25 88 6 5 1 0
3.375 88 6 5 1 0
3.5 87 6 6 1 0
3.625 86 4 9 1 0
3.75 85 5 9 1 0
3.875 84 6 9 1 0
4 83 7 9 1 0
4.125 82 8 9 1 0
4.25 81 8 9 2 0
4.375 77 12 9 2 0
4.5 77 12 9 2 0
4.625 76 13 9 2 0
4.75 75 14 9 2 0
4.875 75 11 11 3 0
5 74 12 11 3 0
5.125 74 12 11 3 0
5.25 73 13 11 3 0
5.375 73 12 12 3 0
5.5 71 11 15 3 0
5.625 71 11 15 3 0
5.75 71 10 16 3 0
5.875 68 12 17 3 0
6 66 14 17 3 0
6.125 65 15 16 4 0
6.25 63 13 19 5 0
6.375 62 14 19 5 0
6.5 62 12 20 6 0
6.625 57 14 20 9 0
6.75 57 13 20 10 0
6.875 57 12 21 10 0
7 56 13 21 10 0
7.125 55 13 21 11 0
7.25 54 14 21 11 0
7.375 53 15 21 11 0
7.5 51 17 20 12 0
7.625 51 16 21 12 0
7.75 50 17 21 12 0
7.875 49 18 21 12 0
8 49 17 22 12 0
8.125 48 18 22 12 0
8.25 47 19 21 13 0
8.375 46 19 22 13 0
8.5 46 17 23 14 0
8.625 43 19 24 14 0
8.75 43 18 25 14 0
8.875 43 16 27 14 0
9 40 17 29 14 0
9.125 39 18 29 14 0
9.25 39 17 29 15 0
9.375 39 16 30 15 0
9.5 36 19 30 15 0
9.625 35 19 30 16 0
9.75 32 22 30 16 0
9.875 31 21 31 17 0
10 30 21 32 17 0
10.125 29 17 37 17 0
10.25 26 18 39 17 0
10.375 26 17 40 17 0
10.5 22 20 41 17 0
10.625 20 21 42 17 0
10.75 19 22 41 18 0
10.875 19 20 43 18 0
11 18 21 43 18 0
11.125 18 19 45 18 0
11.25 18 17 47 18 0
11.375 16 18 46 20 0
11.5 15 19 44 22 0
11.625 14 18 44 24 0
11.75 13 18 45 24 0
11.875 13 17 46 24 0
12 13 17 46 24 0
12.125 13 17 45 25 0
12.25 13 17 45 25 0
12.375 13 16 46 25 0
12.5 12 16 47 25 0
12.625 12 16 47 25 0
12.75 11 16 48 25 0
12.875 11 14 47 28 0
13 11 13 47 29 0
13.125 10 13 47 30 0
13.25 10 12 47 31 0
13.375 10 11 46 33 0
13.5 9 11 45 35 0
13.625 9 11 44 36 0
13.75 9 11 42 38 0
13.875 9 10 43 38 0
14 9 8 45 38 0
14.125 9 8 44 39 0
14.25 9 7 44 40 0
14.375 9 7 43 41 0
14.5 9 6 43 42 0
14.625 9 6 42 43 0
14.75 9 6 40 45 0
14.875 9 6 38 47 0
15 9 6 37 48 0
15.125 9 6 37 48 0
15.25 8 6 36 50 0
15.375 8 4 38 50 0
15.5 7 5 38 50 0
15.625 7 4 39 50 0
15.75 7 4 38 51 0
15.875 7 3 38 52 0
16 7 3 36 54 0
16.125 7 3 35 55 0
16.25 7 3 35 55 0
16.375 7 3 34 56 0
16.5 7 3 32 58 0
16.625 7 3 32 58 0
16.75 7 3 32 58 0
16.875 7 3 31 59 0
17 7 3 31 59 0
17.125 7 3 30 60 0
17.25 7 2 31 60 0
17.375 7 2 31 60 0
17.5 7 2 31 60 0
17.625 7 1 32 60 0
17.75 7 1 32 60 0
17.875 7 1 31 61 0
18 7 1 31 61 0
18.125 7 1 28 64 0
18.25 7 1 27 65 0
18.375 7 1 25 67 0
18.5 6 2 24 68 0
18.625 6 2 24 68 0
18.75 6 2 23 69 0
18.875 6 1 24 69 0
19 6 0 25 69 0
19.125 6 0 24 70 0
19.25 5 1 23 71 0
19.375 5 1 23 71 0
19.5 5 1 23 71 0
19.625 5 1 22 72 0
19.75 5 1 22 72 0
19.875 5 1 22 72 0
20 5 1 22 72 0
20.125 5 1 22 72 0
20.25 5 1 21 73 0
20.375 5 1 21 73 0
20.5 5 1 20 74 0
20.625 5 1 17 76 1
20.75 5 1 17 76 1
20.875 5 1 17 76 1
21 5 1 17 76 1
21.125 5 1 16 77 1
21.25 5 1 16 77 1
21.375 5 1 16 77 1
21.5 5 1 15 78 1
21.625 5 1 15 78 1
21.75 5 1 13 80 1
21.875 5 1 13 80 1
22 5 1 13 80 1
22.125 5 0 14 80 1
22.25 5 0 14 80 1
22.375 5 0 12 82 1
22.5 5 0 12 82 1
22.625 5 0 12 82 1
22.75 5 0 12 82 1
22.875 5 0 12 82 1
23 5 0 12 82 1
23.125 5 0 12 82 1
23.25 5 0 12 82 1
23.375 5 0 12 82 1
23.5 5 0 12 82 1
23.625 5 0 12 82 1
23.75 5 0 12 82 1
23.875 5 0 11 83 1
24 5 0 11 83 1
24.125 5 0 11 83 1
24.25 5 0 10 84 1
24.375 5 0 9 85 1
24.5 5 0 9 85 1
24.625 5 0 9 85 1
24.75 5 0 8 86 1
24.875 5 0 8 86 1
25 5 0 8 86 1
25.125 5 0 7 87 1
25.25 5 0 7 87 1
25.375 5 0 7 87 1
25.5 5 0 7 87 1
25.625 5 0 7 87 1
25.75 5 0 7 87 1
25.875 5 0 7 87 1
26 5 0 7 87 1
26.125 5 0 7 87 1
26.25 4 1 7 87 1
26.375 4 1 7 87 1
26.5 4 1 7 87 1
26.625 4 1 7 87 1
26.75 4 1 7 87 1
26.875 4 1 7 87 1
27 4 1 6 88 1
27.125 4 1 6 88 1
27.25 4 1 6 88 1
27.375 4 1 5 89 1
27.5 4 1 5 89 1
27.625 4 1 4 90 1
27.75 4 1 4 90 1
27.875 4 1 4 90 1
28 4 1 4 90 1
28.125 4 0 5 90 1
28.25 4 0 5 90 1
28.375 4 0 5 90 1
28.5 4 0 5 90 1
28.625 4 0 4 91 1
28.75 4 0 4 91 1
28.875 4 0 4 91 1
29 4 0 4 91 1
29.125 4 0 4 91 1
29.25 4 0 4 91 1
29.375 4 0 4 91 1
29.5 4 0 4 91 1
29.625 4 0 4 91 1
29.75 4 0 4 91 1
29.875 4 0 4 91 1
30 4 0 4 91 1
30.125 4 0 4 91 1
30.25 4 0 4 91 1
30.375 4 0 4 91 1
30.5 4 0 4 91 1
30.625 4 0 4 91 1
30.75 4 0 4 91 1
30.875 4 0 4 91 1
31 4 0 4 91 1
31.125 4 0 4 91 1
31.25 4 0 4 91 1
31.375 4 0 4 91 1
31.5 4 0 4 91 1
31.625 4 0 4 91 1
31.75 4 0 4 91 1
31.875 4 0 4 91 1
32 4 0 4 91 1
32.125 4 0 4 91 1
32.25 4 0 4 91 1
32.375 4 0 4 91 1
32.5 4 0 4 91 1
32.625 4 0 4 91 1
32.75 4 0 4 91 1
32.875 4 0 4 91 1
33 4 0 4 91 1
33.125 4 0 4 91 1
33.25 4 0 4 91 1
33.375 4 0 4 91 1
33.5 4 0 4 91 1
33.625 4 0 4 91 1
33.75 4 0 4 91 1
33.875 4 0 4 91 1
34 4 0 3 92 1
34.125 4 0 3 92 1
34.25 4 0 3 92 1
34.375 4 0 3 92 1
34.5 4 0 3 92 1
34.625 4 0 3 92 1
34.75 4 0 3 92 1
34.875 4 0 3 92 1
35 4 0 3 92 1
35.125 4 0 3 92 1
35.25 4 0 3 92 1
35.375 4 0 3 92 1
35.5 4 0 3 92 1
35.625 4 0 3 92 1
35.75 4 0 3 92 1
35.875 4 0 2 93 1
36 4 0 2 93 1
36.125 4 0 2 93 1
36.25 4 0 2 93 1
36.375 4 0 2 93 1
36.5 4 0 2 93 1
36.625 4 0 2 93 1
36.75 4 0 2 93 1
36.875 4 0 2 93 1
37 4 0 2 93 1
37.125 4 0 2 93 1
37.25 4 0 2 93 1
37.375 4 0 2 93 1
37.5 4 0 2 93 1
37.625 4 0 2 93 1
37.75 4 0 2 93 1
37.875 4 0 2 93 1
38 4 0 2 93 1
38.125 4 0 2 93 1
38.25 4 0 2 93 1
38.375 4 0 2 93 1
38.5 4 0 2 93 1
38.625 4 0 2 93 1
38.75 4 0 2 93 1
38.875 4 0 2 93 1
39 3 1 2 93 1
39.125 3 1 2 93 1
39.25 3 1 2 93 1
39.375 3 1 2 93 1
39.5 3 1 2 93 1
39.625 3 1 2 93 1
39.75 3 1 2 93 1
39.875 3 1 2 93 1
40 3 1 2 93 1
40.125 3 0 3 93 1
40.25 3 0 3 93 1
40.375 3 0 3 93 1
40.5 3 0 3 93 1
40.625 3 0 3 93 1
40.75 3 0 3 93 1
40.875 3 0 3 93 1
41 3 0 3 93 1
41.125 3 0 3 93 1
41.25 3 0 3 93 1
41.375 3 0 3 93 1
41.5 3 0 3 93 1
41.625 3 0 3 93 1
41.75 3 0 3 93 1
41.875 3 0 3 93 1
42 3 0 3 93 1
42.125 3 0 3 93 1
42.25 3 0 3 93 1
42.375 3 0 3 93 1
42.5 3 0 2 94 1
42.625 3 0 2 94 1
42.75 3 0 2 94 1
42.875 3 0 2 94 1
43 3 0 2 94 1
43.125 3 0 2 94 1
43.25 3 0 2 94 1
43.375 3 0 2 94 1
43.5 3 0 2 94 1
43.625 3 0 2 94 1
43.75 3 0 2 94 1
43.875 3 0 2 94 1
44 3 0 2 94 1
44.125 3 0 2 94 1
44.25 3 0 2 94 1
44.375 3 0 2 94 1
44.5 3 0 2 94 1
44.625 3 0 2 94 1
44.75 3 0 2 94 1
44.875 3 0 2 94 1
45 3 0 1 95 1
45.125 3 0 1 95 1
45.25 3 0 1 95 1
45.375 3 0 1 95 1
45.5 3 0 1 95 1
45.625 3 0 1 95 1
45.75 3 0 1 95 1
45.875 3 0 1 95 1
46 3 0 1 95 1
46.125 3 0 1 95 1
46.25 3 0 1 95 1
46.375 3 0 1 95 1
46.5 3 0 1 95 1
46.625 3 0 1 95 1
46.75 3 0 1 95 1
46.875 3 0 1 95 1
47 3 0 1 95 1
47.125 3 0 1 95 1
47.25 3 0 1 95 1
47.375 3 0 1 95 1
47.5 3 0 1 95 1
47.625 3 0 1 95 1
47.75 3 0 1 95 1
47.875 3 0 1 95 1
48 3 0 1 95 1
48.125 3 0 1 95 1
48.25 3 0 1 95 1
48.375 3 0 1 95 1
48.5 3 0 1 95 1
48.625 3 0 1 95 1
48.75 3 0 1 95 1
48.875 3 0 1 95 1
49 3 0 1 95 1
49.125 3 0 1 95 1
49.25 3 0 1 95 1
49.375 3 0 1 95 1
49.5 3 0 1 95 1
49.625 3 0 1 95 1
49.75 3 0 1 95 1
49.875 3 0 1 95 1
50 3 0 1 95 1
50.125 3 0 1 95 1
50.25 3 0 1 95 1
50.375 3 0 1 95 1
50.5 3 0 1 95 1
50.625 3 0 1 95 1
50.75 3 0 1 95 1
50.875 3 0 1 95 1
51 3 0 1 95 1
51.125 3 0 1 95 1
51.25 3 0 1 95 1
51.375 3 0 1 95 1
51.5 3 0 1 95 1
51.625 3 0 1 95 1
51.75 3 0 1 95 1
51.875 3 0 1 95 1
52 3 0 1 95 1
52.125 3 0 1 95 1
52.25 3 0 1 95 1
52.375 3 0 1 95 1
52.5 3 0 1 95 1
52.625 3 0 1 95 1
52.75 3 0 1 95 1
52.875 3 0 1 95 1
53 3 0 1 95 1
53.125 3 0 1 95 1
53.25 3 0 1 95 1
53.375 3 0 1 95 1
53.5 3 0 1 95 1
53.625 3 0 1 95 1
53.75 3 0 1 95 1
53.875 3 0 1 95 1
54 3 0 1 95 1
54.125 3 0 1 95 1
54.25 3 0 1 95 1
54.375 3 0 1 95 1
54.5 3 0 1 95 1
54.625 3 0 1 95 1
54.75 3 0 1 95 1
54.875 3 0 1 95 1
55 3 0 1 95 1
55.125 3 0 1 95 1
55.25 3 0 1 95 1
55.375 3 0 1 95 1
55.5 3 0 1 95 1
55.625 3 0 1 95 1
55.75 3 0 1 95 1
55.875 3 0 1 95 1
56 3 0 1 95 1
56.125 3 0 1 95 1
56.25 3 0 1 95 1
56.375 3 0 1 95 1
56.5 3 0 1 95 1
56.625 3 0 1 95 1
56.75 3 0 1 95 1
56.875 3 0 1 95 1
57 3 0 1 95 1
57.125 3 0 1 95 1
57.25 3 0 1 95 1
57.375 3 0 1 95 1
57.5 3 0 1 95 1
57.625 3 0 1 95 1
57.75 3 0 1 95 1
57.875 3 0 1 95 1
58 3 0 1 95 1
58.125 3 0 1 95 1
58.25 3 0 1 95 1
58.375 3 0 1 95 1
58.5 3 0 1 95 1
58.625 3 0 1 95 1
58.75 3 0 1 95 1
58.875 3 0 1 95 1
59 3 0 1 95 1
59.125 3 0 1 95 1
59.25 3 0 1 95 1
59.375 3 0 1 95 1
59.5 3 0 1 95 1
59.625 3 0 1 95 1
59.75 3 0 1 95 1
59.875 3 0 1 95 1
60 3 0 1 95 1
60.125 3 0 1 95 1
60.25 3 0 1 95 1
60.375 3 0 1 95 1
60.5 3 0 1 95 1
60.625 3 0 1 95 1
60.75 3 0 1 95 1
60.875 3 0 1 95 1
61 3 0 1 95 1
61.125 3 0 1 95 1
61.25 3 0 1 95 1
61.375 3 0 1 95 1
61.5 3 0 1 95 1
61.625 3 0 1 95 1
61.75 3 0 1 95 1
61.875 3 0 1 95 1
62 3 0 1 95 1
62.125 3 0 1 95 1
62.25 3 0 1 95 1
62.375 3 0 1 95 1
62.5 3 0 1 95 1
62.625 3 0 1 95 1
62.75 3 0 1 95 1
62.875 3 0 1 95 1
63 3 0 1 95 1
63.125 3 0 1 95 1
63.25 3 0 1 95 1
63.375 3 0 0 96 1
