t S E I R D
0 9998 0 2 0 0
0.125 9998 0 2 0 0
0.25 9998 0 2 0 0
0.375 9998 0 2 0 0
0.5 9998 0 2 0 0
0.625 9998 0 2 0 0
0.75 9998 0 2 0 0
0.875 9998 0 2 0 0
1 9997 1 2 0 0
1.125 9996 2 2 0 0
1.25 9996 2 2 0 0
1.375 9996 2 2 0 0
1.5 9996 2 2 0 0
1.625 9996 2 1 1 0
1.75 9996 2 1 1 0
1.875 9996 2 1 1 0
2 9996 1 2 1 0
2.125 9996 1 2 1 0
2.25 9995 2 2 1 0
2.375 9995 2 2 1 0
2.5 9995 2 2 1 0
2.625 9993 4 2 1 0
2.75 9992 5 2 1 0
2.875 9992 5 2 1 0
3 9992 5 2 1 0
3.125 9991 6 2 1 0
3.25 9990 7 2 1 0
3.375 9990 7 2 1 0
3.5 9989 8 2 1 0
3.625 9988 8 3 1 0
3.75 9988 6 5 1 0
3.875 9987 5 7 1 0
4 9986 6 6 2 0
4.125 9983 8 7 2 0
4.25 9982 7 9 2 0
4.375 9979 10 9 2 0
4.5 9975 12 11 2 0
4.625 9968 17 13 2 0
4.75 9961 24 12 3 0
4.875 9956 28 13 3 0
5 9955 25 17 3 0
5.125 9952 27 18 3 0
5.25 9951 27 19 3 0
5.375 9949 26 21 4 0
5.5 9944 30 22 4 0
5.625 9941 32 22 5 0
5.75 9933 38 22 7 0
5.875 9928 42 23 7 0
6 9923 46 23 8 0
6.125 9919 44 28 9 0
6.25 9913 46 30 11 0
6.375 9907 48 34 11 0
6.5 9905 49 35 11 0
6.625 9898 51 40 11 0
6.75 9883 64 41 12 0
6.875 9860 83 43 14 0
7 9838 99 49 14 0
7.125 9809 121 56 14 0
7.25 9779 142 63 16 0
7.375 9755 155 74 16 0
7.5 9732 166 86 16 0
7.625 9686 203 94 17 0
7.75 9639 242 101 18 0
7.875 9596 269 115 20 0
8 9533 313 131 22 1
8.125 9475 349 151 24 1
8.25 9419 384 165 31 1
8.375 9364 414 187 34 1
8.5 9316 432 215 36 1
8.625 9262 444 251 42 1
8.75 9197 471 287 44 1
8.875 9119 522 306 52 1
9 9048 551 343 57 1
9.125 9000 559 375 65 1
9.25 8952 560 411 76 1
9.375 8881 588 443 86 2
9.5 8820 619 465 94 2
9.625 8761 657 476 103 3
9.75 8712 662 512 111 3
9.875 8664 673 537 123 3
10 8621 667 577 132 3
10.125 8577 662 612 146 3
10.25 8541 656 640 159 4
10.375 8493 674 663 166 4
10.5 8452 676 693 175 4
10.625 8415 684 714 183 4
10.75 8378 677 743 198 4
10.875 8348 677 750 221 4
11 8320 666 776 234 4
11.125 8290 663 792 251 4
11.25 8268 651 812 265 4
11.375 8241 626 844 285 4
11.5 8215 607 861 313 4
11.625 8188 599 873 336 4
11.75 8168 582 890 356 4
11.875 8145 568 910 373 4
12 8121 559 926 390 4
12.125 8096 555 938 407 4
12.25 8077 538 952 429 4
12.375 8056 529 976 434 5
12.5 8033 524 985 453 5
12.625 8011 516 993 475 5
12.75 7997 495 997 506 5
12.875 7985 482 1000 528 5
13 7974 464 1011 545 6
13.125 7958 450 1026 560 6
13.25 7947 435 1031 581 6
13.375 7924 440 1029 601 6
13.5 7907 433 1027 627 6
13.625 7898 409 1040 647 6
13.75 7884 397 1042 670 7
13.875 7862 399 1039 693 7
14 7846 392 1042 713 7
14.125 7834 372 1052 735 7
14.25 7820 361 1050 762 7
14.375 7802 344 1073 774 7
14.5 7790 337 1067 799 7
14.625 7781 324 1063 824 8
14.75 7777 309 1071 835 8
14.875 7767 298 1066 860 9
15 7756 284 1071 880 9
15.125 7745 280 1072 894 9
15.25 7737 264 1078 912 9
15.375 7728 262 1063 938 9
15.5 7720 256 1055 960 9
15.625 7713 247 1047 984 9
15.75 7705 243 1044 999 9
15.875 7701 228 1050 1012 9
16 7696 219 1049 1027 9
16.125 7693 212 1039 1047 9
16.25 7687 201 1032 1071 9
16.375 7681 190 1034 1086 9
16.5 7672 188 1021 1110 9
16.625 7664 189 1017 1120 10
16.75 7662 179 1012 1137 10
16.875 7658 171 1003 1158 10
17 7648 173 999 1170 10
17.125 7642 170 989 1189 10
17.25 7639 163 973 1215 10
17.375 7634 158 956 1241 11
17.5 7626 155 937 1270 12
17.625 7622 149 931 1286 12
17.75 7619 144 913 1312 12
17.875 7614 140 908 1326 12
18 7611 134 898 1345 12
18.125 7609 130 879 1369 13
18.25 7606 125 874 1382 13
18.375 7598 126 853 1409 14
18.5 7592 121 845 1428 14
18.625 7592 119 829 1446 14
18.75 7586 122 817 1461 14
18.875 7583 119 804 1480 14
19 7578 118 793 1497 14
19.125 7576 115 784 1511 14
19.25 7573 112 772 1529 14
19.375 7565 110 770 1541 14
19.5 7564 108 755 1559 14
19.625 7562 100 744 1580 14
19.75 7559 97 729 1601 14
19.875 7558 92 724 1612 14
20 7557 85 721 1623 14
20.125 7555 86 700 1644 15
20.25 7554 85 690 1655 16
20.375 7554 75 684 1671 16
20.5 7551 72 671 1690 16
20.625 7550 68 657 1709 16
20.75 7548 66 647 1723 16
20.875 7548 61 640 1735 16
21 7546 60 628 1750 16
21.125 7545 58 608 1773 16
21.25 7545 58 602 1779 16
21.375 7545 53 595 1791 16
21.5 7544 50 593 1797 16
21.625 7544 47 576 1816 17
21.75 7543 42 571 1827 17
21.875 7542 40 562 1839 17
22 7539 40 547 1856 18
22.125 7539 35 542 1866 18
22.25 7539 31 536 1876 18
22.375 7538 31 526 1887 18
22.5 7538 28 523 1893 18
22.625 7537 26 516 1903 18
22.75 7537 25 506 1914 18
22.875 7537 25 501 1919 18
23 7537 25 480 1940 18
23.125 7537 25 468 1952 18
23.25 7537 24 458 1963 18
23.375 7537 24 449 1972 18
23.5 7536 23 441 1982 18
23.625 7535 23 434 1990 18
23.75 7534 23 427 1998 18
23.875 7534 21 423 2004 18
24 7534 19 419 2010 18
24.125 7533 20 411 2018 18
24.25 7531 22 406 2023 18
24.375 7531 20 393 2038 18
24.5 7531 18 386 2047 18
24.625 7530 18 380 2054 18
24.75 7530 16 375 2061 18
24.875 7530 15 367 2070 18
25 7529 15 365 2073 18
25.125 7529 14 358 2081 18
25.25 7527 16 353 2086 18
25.375 7525 17 349 2091 18
25.5 7525 16 342 2099 18
25.625 7525 13 340 2104 18
25.75 7524 13 336 2109 18
25.875 7524 12 332 2114 18
26 7524 12 324 2122 18
26.125 7523 13 316 2130 18
26.25 7522 14 307 2139 18
26.375 7522 12 299 2149 18
26.5 7522 12 293 2155 18
26.625 7521 12 287 2162 18
26.75 7521 11 282 2168 18
26.875 7521 10 280 2170 19
27 7521 9 275 2176 19
27.125 7521 9 269 2182 19
27.25 7521 9 263 2188 19
27.375 7521 9 258 2193 19
27.5 7521 7 256 2197 19
27.625 7521 7 250 2203 19
27.75 7520 8 247 2206 19
27.875 7520 8 242 2211 19
28 7520 7 238 2216 19
28.125 7520 6 232 2223 19
28.25 7520 6 227 2228 19
28.375 7520 6 221 2234 19
28.5 7520 6 215 2240 19
28.625 7520 6 209 2246 19
28.75 7520 6 207 2248 19
28.875 7520 5 201 2254 20
29 7520 4 200 2256 20
29.125 7520 4 198 2258 20
29.25 7520 3 193 2264 20
29.375 7520 2 190 2268 20
29.5 7520 2 184 2274 20
29.625 7520 2 178 2280 20
29.75 7520 2 176 2282 20
29.875 7520 2 171 2287 20
30 7520 2 168 2290 20
30.125 7520 1 166 2293 20
30.25 7520 1 161 2298 20
30.375 7520 1 159 2300 20
30.5 7520 1 157 2302 20
30.625 7520 1 154 2305 20
30.75 7520 1 154 2305 20
30.875 7520 1 150 2309 20
31 7520 0 150 2310 20
31.125 7520 0 149 2310 21
31.25 7519 1 145 2314 21
31.375 7519 1 141 2318 21
31.5 7519 1 140 2319 21
31.625 7519 1 135 2324 21
31.75 7519 1 132 2327 21
31.875 7519 1 131 2328 21
32 7519 1 126 2333 21
32.125 7519 1 125 2334 21
32.25 7519 1 124 2335 21
32.375 7519 1 121 2338 21
32.5 7519 1 120 2339 21
32.625 7519 1 118 2341 21
32.75 7519 1 115 2344 21
32.875 7519 1 113 2346 21
33 7519 1 110 2349 21
33.125 7519 1 109 2350 21
33.25 7519 1 105 2354 21
33.375 7519 1 103 2356 21
33.5 7519 1 102 2357 21
33.625 7519 1 100 2359 21
33.75 7519 1 97 2362 21
33.875 7519 1 95 2364 21
34 7519 1 92 2367 21
34.125 7519 1 86 2373 21
34.25 7519 1 83 2376 21
34.375 7519 1 81 2378 21
34.5 7519 1 80 2379 21
34.625 7519 1 80 2379 21
34.75 7519 1 75 2384 21
34.875 7519 1 75 2384 21
35 7519 1 72 2387 21
35.125 7519 1 70 2389 21
35.25 7519 1 70 2389 21
35.375 7519 1 69 2390 21
35.5 7519 1 68 2391 21
35.625 7519 1 66 2393 21
35.75 7519 1 62 2397 21
35.875 7519 0 63 2397 21
36 7519 0 62 2398 21
36.125 7519 0 61 2398 22
36.25 7519 0 61 2398 22
36.375 7519 0 60 2399 22
36.5 7519 0 60 2399 22
36.625 7519 0 59 2400 22
36.75 7519 0 57 2402 22
36.875 7519 0 56 2403 22
37 7519 0 55 2404 22
37.125 7519 0 54 2405 22
37.25 7519 0 53 2406 22
37.375 7519 0 51 2408 22
37.5 7519 0 50 2409 22
37.625 7519 0 50 2409 22
37.75 7519 0 49 2410 22
37.875 7519 0 49 2410 22
38 7519 0 48 2411 22
38.125 7518 1 48 2411 22
38.25 7518 1 48 2411 22
38.375 7518 1 45 2414 22
38.5 7518 0 44 2416 22
38.625 7518 0 43 2417 22
38.75 7518 0 43 2417 22
38.875 7518 0 43 2417 22
39 7518 0 41 2419 22
39.125 7518 0 41 2419 22
39.25 7518 0 40 2420 22
39.375 7518 0 39 2421 22
39.5 7518 0 37 2423 22
39.625 7518 0 37 2423 22
39.75 7518 0 35 2425 22
39.875 7518 0 35 2425 22
40 7518 0 34 2426 22
40.125 7518 0 33 2427 22
40.25 7518 0 32 2428 22
40.375 7518 0 31 2429 22
40.5 7518 0 31 2429 22
40.625 7518 0 31 2429 22
40.75 7518 0 31 2429 22
40.875 7518 0 30 2430 22
41 7518 0 30 2430 22
41.125 7518 0 30 2430 22
41.25 7518 0 30 2430 22
41.375 7518 0 29 2431 22
41.5 7518 0 29 2431 22
41.625 7518 0 28 2432 22
41.75 7518 0 28 2432 22
41.875 7518 0 28 2432 22
42 7518 0 24 2436 22
42.125 7518 0 24 2436 22
42.25 7518 0 24 2436 22
42.375 7518 0 24 2436 22
42.5 7518 0 23 2437 22
42.625 7518 0 22 2438 22
42.75 7518 0 21 2439 22
42.875 7518 0 21 2439 22
43 7518 0 21 2439 22
43.125 7518 0 19 2441 22
43.25 7518 0 18 2442 22
43.375 7518 0 18 2442 22
43.5 7518 0 17 2443 22
43.625 7518 0 15 2445 22
43.75 7518 0 15 2445 22
43.875 7518 0 14 2446 22
44 7518 0 14 2446 22
44.125 7518 0 14 2446 22
44.25 7518 0 14 2446 22
44.375 7518 0 13 2447 22
44.5 7518 0 13 2447 22
44.625 7518 0 13 2447 22
44.75 7518 0 12 2448 22
44.875 7518 0 11 2449 22
45 7518 0 11 2449 22
45.125 7518 0 11 2449 22
45.25 7518 0 11 2449 22
45.375 7518 0 10 2450 22
45.5 7518 0 10 2450 22
45.625 7518 0 10 2450 22
45.75 7518 0 9 2451 22
45.875 7518 0 9 2451 22
46 7518 0 9 2451 22
46.125 7518 0 9 2451 22
46.25 7518 0 8 2452 22
46.375 7518 0 8 2452 22
46.5 7518 0 8 2452 22
46.625 7518 0 8 2452 22
46.75 7518 0 8 2452 22
46.875 7518 0 8 2452 22
47 7518 0 8 2452 22
47.125 7518 0 8 2452 22
47.25 7518 0 8 2452 22
47.375 7518 0 8 2452 22
47.5 7518 0 8 2452 22
47.625 7518 0 8 2452 22
47.75 7518 0 8 2452 22
47.875 7518 0 7 2453 22
48 7518 0 7 2453 22
48.125 7518 0 7 2453 22
48.25 7518 0 7 2453 22
48.375 7518 0 7 2453 22
48.5 7518 0 7 2453 22
48.625 7518 0 7 2453 22
48.75 7518 0 7 2453 22
48.875 7518 0 6 2454 22
49 7518 0 6 2454 22
49.125 7518 0 6 2454 22
49.25 7518 0 6 2454 22
49.375 7518 0 6 2454 22
49.5 7518 0 6 2454 22
49.625 7518 0 6 2454 22
49.75 7518 0 6 2454 22
49.875 7518 0 6 2454 22
50 7518 0 6 2454 22
50.125 7518 0 5 2455 22
50.25 7518 0 5 2455 22
50.375 7518 0 5 2455 22
50.5 7518 0 5 2455 22
50.625 7518 0 5 2455 22
50.75 7518 0 5 2455 22
50.875 7518 0 5 2455 22
51 7518 0 5 2455 22
51.125 7518 0 5 2455 22
51.25 7518 0 5 2455 22
51.375 7518 0 5 2455 22
51.5 7518 0 5 2455 22
51.625 7518 0 5 2455 22
51.75 7518 0 5 2455 22
51.875 7518 0 5 2455 22
52 7518 0 5 2455 22
52.125 7518 0 5 2455 22
52.25 7518 0 5 2455 22
52.375 7518 0 5 2455 22
52.5 7518 0 5 2455 22
52.625 7518 0 5 2455 22
52.75 7518 0 5 2455 22
52.875 7518 0 5 2455 22
53 7518 0 5 2455 22
53.125 7518 0 5 2455 22
53.25 7518 0 5 2455 22
53.375 7518 0 4 2456 22
53.5 7518 0 4 2456 22
53.625 7518 0 4 2456 22
53.75 7518 0 4 2456 22
53.875 7518 0 4 2456 22
54 7518 0 4 2456 22
54.125 7518 0 4 2456 22
54.25 7518 0 4 2456 22
54.375 7518 0 4 2456 22
54.5 7518 0 4 2456 22
54.625 7518 0 4 2456 22
54.75 7518 0 4 2456 22
54.875 7518 0 4 2456 22
55 7518 0 4 2456 22
55.125 7518 0 4 2456 22
55.25 7518 0 4 2456 22
55.375 7518 0 4 2456 22
55.5 7518 0 4 2456 22
55.625 7518 0 4 2456 22
55.75 7518 0 4 2456 22
55.875 7518 0 4 2456 22
56 7518 0 4 2456 22
56.125 7518 0 4 2456 22
56.25 7518 0 4 2456 22
56.375 7518 0 4 2456 22
56.5 7518 0 4 2456 22
56.625 7518 0 4 2456 22
56.75 7518 0 4 2456 22
56.875 7518 0 4 2456 22
57 7518 0 4 2456 22
57.125 7518 0 4 2456 22
57.25 7518 0 4 2456 22
57.375 7518 0 4 2456 22
57.5 7518 0 4 2456 22
57.625 7518 0 4 2456 22
57.75 7518 0 4 2456 22
57.875 7518 0 4 2456 22
58 7518 0 4 2456 22
58.125 7518 0 3 2457 22
58.25 7518 0 3 2457 22
58.375 7518 0 3 2457 22
58.5 7518 0 3 2457 22
58.625 7518 0 3 2457 22
58.75 7518 0 3 2457 22
58.875 7518 0 3 2457 22
59 7518 0 3 2457 22
59.125 7518 0 3 2457 22
59.25 7518 0 3 2457 22
59.375 7518 0 3 2457 22
59.5 7518 0 3 2457 22
59.625 7518 0 3 2457 22
59.75 7518 0 3 2457 22
59.875 7518 0 3 2457 22
60 7518 0 3 2457 22
60.125 7518 0 3 2457 22
60.25 7518 0 3 2457 22
60.375 7518 0 3 2457 22
60.5 7518 0 3 2457 22
60.625 7518 0 3 2457 22
60.75 7518 0 3 2457 22
60.875 7518 0 2 2458 22
61 7518 0 2 2458 22
61.125 7518 0 2 2458 22
61.25 7518 0 2 2458 22
61.375 7518 0 2 2458 22
61.5 7518 0 2 2458 22
61.625 7518 0 2 2458 22
61.75 7518 0 2 2458 22
61.875 7518 0 2 2458 22
62 7518 0 2 2458 22
62.125 7518 0 2 2458 22
62.25 7518 0 2 2458 22
62.375 7518 0 2 2458 22
62.5 7518 0 2 2458 22
62.625 7518 0 2 2458 22
62.75 7518 0 2 2458 22
62.875 7518 0 2 2458 22
63 7518 0 2 2458 22
63.125 7518 0 2 2458 22
63.25 7518 0 2 2458 22
63.375 7518 0 2 2458 22
63.5 7518 0 2 2458 22
63.625 7518 0 2 2458 22
63.75 7518 0 2 2458 22
63.875 7518 0 2 2458 22
64 7518 0 2 2458 22
64.125 7518 0 2 2458 22
64.25 7518 0 2 2458 22
64.375 7518 0 2 2458 22
64.5 7518 0 1 2459 22
64.625 7518 0 1 2459 22
64.75 7518 0 1 2459 22
64.875 7518 0 1 2459 22
65 7518 0 1 2459 22
65.125 7518 0 1 2459 22
65.25 7518 0 1 2459 22
65.375 7518 0 1 2459 22
65.5 7518 0 1 2459 22
65.625 7518 0 0 2460 22
