t S E I R D
0 9998 0 2 0 0
0.125 9997 1 2 0 0
0.25 9997 1 2 0 0
0.375 9996 2 2 0 0
0.5 9996 2 2 0 0
0.625 9996 2 2 0 0
0.75 9996 2 2 0 0
0.875 9994 4 2 0 0
1 9994 4 2 0 0
1.125 9994 4 2 0 0
1.25 9994 4 2 0 0
1.375 9994 4 2 0 0
1.5 9993 4 3 0 0
1.625 9993 4 3 0 0
1.75 9993 3 4 0 0
1.875 9993 3 4 0 0
2 9992 4 3 1 0
2.125 9992 4 3 1 0
2.25 9992 4 3 1 0
2.375 9991 5 3 1 0
2.5 9991 5 3 1 0
2.625 9989 7 3 1 0
2.75 9989 6 4 1 0
2.875 9988 7 4 1 0
3 9988 7 4 1 0
3.125 9988 7 4 1 0
3.25 9987 8 4 1 0
3.375 9987 8 4 1 0
3.5 9987 7 5 1 0
3.625 9986 6 6 2 0
3.75 9986 5 7 2 0
3.875 9983 7 8 2 0
4 9983 5 10 2 0
4.125 9981 7 10 2 0
4.25 9980 7 10 3 0
4.375 9979 7 11 3 0
4.5 9975 11 10 4 0
4.625 9975 10 11 4 0
4.75 9975 10 11 4 0
4.875 9973 12 11 4 0
5 9972 12 10 6 0
5.125 9972 10 11 7 0
5.25 9972 10 11 7 0
5.375 9970 12 11 7 0
5.5 9968 14 11 7 0
5.625 9966 13 13 8 0
5.75 9961 16 15 8 0
5.875 9953 23 16 8 0
6 9945 30 17 8 0
6.125 9937 36 18 9 0
6.25 9932 40 18 10 0
6.375 9924 48 18 10 0
6.5 9919 49 22 10 0
6.625 9912 51 27 10 0
6.75 9903 56 30 11 0
6.875 9896 56 35 13 0
7 9890 59 37 14 0
7.125 9887 56 43 14 0
7.25 9875 66 44 14 1
7.375 9871 68 44 16 1
7.5 9860 76 46 17 1
7.625 9849 82 51 17 1
7.75 9836 91 55 17 1
7.875 9827 94 61 17 1
8 9800 117 63 19 1
8.125 9779 128 72 20 1
8.25 9749 150 77 23 1
8.375 9721 173 81 24 1
8.5 9686 194 91 28 1
8.625 9657 212 99 31 1
8.75 9620 238 109 32 1
8.875 9584 252 131 32 1
9 9546 278 140 35 1
9.125 9508 297 157 37 1
9.25 9473 316 172 38 1
9.375 9444 323 190 42 1
9.5 9393 357 201 48 1
9.625 9349 384 218 48 1
9.75 9295 414 237 53 1
9.875 9248 429 266 56 1
10 9211 436 293 59 1
10.125 9162 463 312 62 1
10.25 9106 486 338 69 1
10.375 9040 506 377 76 1
10.5 8980 537 399 83 1
10.625 8921 571 411 96 1
10.75 8844 612 437 106 1
10.875 8760 650 474 115 1
11 8699 673 506 121 1
11.125 8613 726 529 131 1
11.25 8526 779 555 139 1
11.375 8442 823 587 147 1
11.5 8359 850 629 161 1
11.625 8283 879 657 180 1
11.75 8202 907 701 189 1
11.875 8127 916 756 200 1
12 8041 948 794 215 2
12.125 7965 967 837 227 4
12.25 7868 1003 877 248 4
12.375 7781 1029 923 263 4
12.5 7698 1058 968 272 4
12.625 7609 1076 1016 295 4
12.75 7522 1108 1052 312 6
12.875 7434 1132 1084 344 6
13 7342 1173 1113 366 6
13.125 7249 1200 1161 384 6
13.25 7159 1215 1206 414 6
13.375 7083 1207 1273 431 6
13.5 6990 1213 1324 465 8
13.625 6908 1229 1359 496 8
13.75 6826 1232 1408 526 8
13.875 6737 1247 1455 553 8
14 6654 1257 1496 584 9
14.125 6574 1248 1560 609 9
14.25 6486 1258 1604 642 10
14.375 6388 1277 1648 677 10
14.5 6289 1284 1709 708 10
14.625 6205 1272 1771 741 11
14.75 6099 1299 1811 780 11
14.875 6023 1294 1861 811 11
15 5941 1298 1904 846 11
15.125 5854 1319 1931 884 12
15.25 5771 1314 1972 930 13
15.375 5697 1307 2020 963 13
15.5 5620 1297 2060 1010 13
15.625 5532 1307 2099 1048 14
15.75 5460 1287 2136 1102 15
15.875 5385 1284 2168 1147 16
16 5313 1264 2201 1205 17
16.125 5242 1258 2224 1258 18
16.25 5177 1245 2257 1301 20
16.375 5099 1247 2285 1349 20
16.5 5030 1229 2328 1393 20
16.625 4962 1236 2338 1444 20
16.75 4911 1205 2378 1486 20
16.875 4849 1186 2407 1538 20
17 4791 1176 2410 1601 22
17.125 4739 1164 2418 1657 22
17.25 4685 1145 2441 1706 23
17.375 4629 1137 2451 1760 23
17.5 4567 1129 2472 1808 24
17.625 4524 1103 2481 1868 24
17.75 4471 1082 2493 1927 27
17.875 4407 1067 2521 1978 27
18 4348 1066 2526 2032 28
18.125 4299 1044 2545 2083 29
18.25 4255 1029 2542 2143 31
18.375 4203 1031 2535 2200 31
18.5 4154 1022 2547 2245 32
18.625 4095 1021 2564 2288 32
18.75 4057 990 2589 2332 32
18.875 3992 988 2604 2383 33
19 3962 962 2616 2427 33
19.125 3921 934 2624 2487 34
19.25 3873 933 2625 2535 34
19.375 3839 902 2640 2584 35
19.5 3796 897 2634 2638 35
19.625 3750 882 2634 2698 36
19.75 3718 853 2640 2753 36
19.875 3673 853 2629 2808 37
20 3628 840 2634 2861 37
20.125 3586 831 2625 2920 38
20.25 3545 819 2609 2989 38
20.375 3508 811 2605 3038 38
20.5 3465 801 2607 3089 38
20.625 3430 783 2600 3148 39
20.75 3390 776 2600 3194 40
20.875 3362 748 2596 3253 41
21 3328 730 2588 3312 42
21.125 3288 723 2588 3359 42
21.25 3258 704 2573 3422 43
21.375 3219 695 2563 3478 45
21.5 3187 691 2534 3542 46
21.625 3163 674 2522 3595 46
21.75 3128 672 2501 3652 47
21.875 3086 674 2486 3707 47
22 3049 675 2468 3760 48
22.125 3021 659 2455 3817 48
22.25 2994 645 2457 3856 48
22.375 2964 635 2442 3911 48
22.5 2935 612 2450 3955 48
22.625 2905 608 2433 4006 48
22.75 2885 592 2414 4059 50
22.875 2864 577 2393 4116 50
23 2837 577 2384 4151 51
23.125 2813 560 2377 4199 51
23.25 2789 557 2356 4247 51
23.375 2772 534 2357 4286 51
23.5 2743 530 2329 4346 52
23.625 2726 508 2321 4391 54
23.75 2712 495 2304 4435 54
23.875 2685 503 2274 4483 55
24 2662 501 2250 4532 55
24.125 2645 482 2235 4583 55
24.25 2616 480 2220 4628 56
24.375 2593 478 2193 4680 56
24.5 2578 471 2171 4724 56
24.625 2553 467 2156 4768 56
24.75 2539 453 2143 4808 57
24.875 2527 430 2138 4847 58
25 2509 415 2123 4895 58
25.125 2492 401 2112 4937 58
25.25 2476 377 2112 4976 59
25.375 2464 373 2093 5011 59
25.5 2453 362 2073 5052 60
25.625 2443 341 2056 5100 60
25.75 2421 344 2029 5146 60
25.875 2403 347 2001 5187 62
26 2388 344 1969 5236 63
26.125 2375 340 1927 5295 63
26.25 2363 325 1917 5332 63
26.375 2349 314 1905 5368 64
26.5 2334 309 1879 5413 65
26.625 2320 302 1855 5458 65
26.75 2305 302 1847 5481 65
26.875 2294 294 1827 5520 65
27 2284 286 1798 5567 65
27.125 2274 282 1780 5599 65
27.25 2260 285 1748 5642 65
27.375 2247 277 1735 5675 66
27.5 2233 275 1708 5718 66
27.625 2219 274 1689 5752 66
27.75 2205 266 1683 5778 68
27.875 2194 257 1670 5811 68
28 2186 248 1651 5846 69
28.125 2168 256 1624 5883 69
28.25 2158 248 1607 5918 69
28.375 2147 248 1586 5950 69
28.5 2141 240 1570 5980 69
28.625 2133 232 1548 6018 69
28.75 2124 230 1528 6049 69
28.875 2110 229 1506 6086 69
29 2095 233 1482 6121 69
29.125 2088 230 1463 6150 69
29.25 2082 225 1449 6175 69
29.375 2078 216 1431 6205 70
29.5 2072 211 1414 6232 71
29.625 2062 205 1396 6265 72
29.75 2053 203 1383 6289 72
29.875 2046 194 1372 6316 72
30 2039 185 1367 6335 74
30.125 2030 183 1343 6370 74
30.25 2021 176 1330 6399 74
30.375 2015 169 1316 6426 74
30.5 2011 160 1308 6447 74
30.625 2006 159 1290 6471 74
30.75 1999 152 1283 6492 74
30.875 1993 151 1264 6518 74
31 1988 148 1239 6550 75
31.125 1983 143 1223 6576 75
31.25 1977 145 1206 6596 76
31.375 1975 137 1196 6615 77
31.5 1970 131 1173 6649 77
31.625 1965 132 1157 6669 77
31.75 1959 133 1137 6694 77
31.875 1957 128 1124 6713 78
32 1950 128 1103 6741 78
32.125 1944 131 1085 6762 78
32.25 1936 127 1074 6785 78
32.375 1930 125 1069 6798 78
32.5 1925 124 1049 6824 78
32.625 1920 117 1043 6842 78
32.75 1914 116 1024 6868 78
32.875 1909 116 1012 6885 78
33 1903 120 994 6905 78
33.125 1898 118 983 6921 80
33.25 1892 118 959 6951 80
33.375 1889 114 953 6964 80
33.5 1883 116 932 6989 80
33.625 1881 109 922 7007 81
33.75 1873 109 907 7030 81
33.875 1867 114 896 7042 81
34 1860 113 886 7060 81
34.125 1857 112 869 7081 81
34.25 1852 109 864 7094 81
34.375 1843 114 848 7114 81
34.5 1838 111 841 7128 82
34.625 1833 112 826 7147 82
34.75 1828 106 812 7171 83
34.875 1826 99 798 7193 84
35 1821 99 786 7210 84
35.125 1817 99 772 7228 84
35.25 1815 94 769 7238 84
35.375 1811 93 761 7251 84
35.5 1810 87 750 7269 84
35.625 1807 86 733 7289 85
35.75 1804 81 727 7303 85
35.875 1802 77 713 7323 85
36 1797 77 698 7343 85
36.125 1796 72 688 7359 85
36.25 1796 70 679 7370 85
36.375 1796 64 672 7383 85
36.5 1795 59 666 7395 85
36.625 1791 59 656 7409 85
36.75 1786 60 644 7425 85
36.875 1784 61 630 7440 85
37 1783 61 612 7459 85
37.125 1780 55 612 7468 85
37.25 1778 51 606 7480 85
37.375 1775 48 602 7490 85
37.5 1773 45 595 7502 85
37.625 1773 44 578 7520 85
37.75 1771 44 566 7534 85
37.875 1769 43 555 7548 85
38 1766 42 546 7561 85
38.125 1763 44 529 7579 85
38.25 1758 49 521 7587 85
38.375 1754 51 508 7601 86
38.5 1751 50 504 7609 86
38.625 1748 50 499 7617 86
38.75 1745 48 495 7626 86
38.875 1743 46 485 7640 86
39 1742 46 481 7645 86
39.125 1740 45 476 7653 86
39.25 1738 42 470 7664 86
39.375 1736 42 464 7672 86
39.5 1734 42 455 7683 86
39.625 1733 38 451 7692 86
39.75 1732 37 447 7698 86
39.875 1731 35 441 7707 86
40 1731 33 434 7716 86
40.125 1728 34 432 7720 86
40.25 1725 34 423 7732 86
40.375 1724 32 414 7744 86
40.5 1724 29 408 7753 86
40.625 1722 29 401 7762 86
40.75 1720 31 391 7772 86
40.875 1718 32 381 7782 87
41 1717 33 374 7789 87
41.125 1715 33 363 7802 87
41.25 1715 33 353 7812 87
41.375 1714 30 344 7825 87
41.5 1714 29 335 7835 87
41.625 1713 30 326 7844 87
41.75 1710 33 318 7852 87
41.875 1709 33 316 7855 87
42 1709 31 312 7861 87
42.125 1709 28 308 7868 87
42.25 1708 27 306 7872 87
42.375 1708 26 302 7877 87
42.5 1707 26 299 7881 87
42.625 1706 26 294 7887 87
42.75 1705 27 288 7893 87
42.875 1704 26 288 7895 87
43 1704 25 280 7904 87
43.125 1702 25 277 7909 87
43.25 1701 24 275 7913 87
43.375 1700 22 271 7920 87
43.5 1698 22 268 7925 87
43.625 1698 17 270 7928 87
43.75 1696 18 264 7935 87
43.875 1696 18 263 7936 87
44 1696 18 258 7941 87
44.125 1696 16 257 7944 87
44.25 1696 16 253 7948 87
44.375 1695 14 254 7950 87
44.5 1693 15 244 7961 87
44.625 1693 15 235 7970 87
44.75 1693 15 228 7977 87
44.875 1693 13 227 7980 87
45 1692 12 222 7987 87
45.125 1692 11 222 7988 87
45.25 1691 11 215 7995 88
45.375 1690 12 210 8000 88
45.5 1690 12 206 8004 88
45.625 1690 10 206 8006 88
45.75 1690 9 203 8010 88
45.875 1689 10 202 8011 88
46 1687 12 199 8013 89
46.125 1686 12 193 8020 89
46.25 1686 11 188 8026 89
46.375 1686 11 186 8028 89
46.5 1685 12 182 8032 89
46.625 1685 12 180 8034 89
46.75 1683 14 175 8038 90
46.875 1683 12 174 8041 90
47 1682 13 170 8045 90
47.125 1681 13 168 8048 90
47.25 1681 13 162 8053 91
47.375 1681 12 163 8053 91
47.5 1680 12 162 8055 91
47.625 1680 10 162 8057 91
47.75 1679 11 161 8058 91
47.875 1679 11 159 8060 91
48 1678 12 157 8062 91
48.125 1678 12 153 8066 91
48.25 1678 12 151 8068 91
48.375 1678 12 149 8070 91
48.5 1678 10 147 8074 91
48.625 1678 9 146 8076 91
48.75 1678 9 144 8078 91
48.875 1678 8 142 8081 91
49 1678 6 142 8083 91
49.125 1677 7 139 8086 91
49.25 1677 6 139 8087 91
49.375 1676 7 137 8089 91
49.5 1676 7 133 8093 91
49.625 1676 7 131 8095 91
49.75 1676 7 129 8097 91
49.875 1674 9 128 8098 91
50 1674 8 128 8099 91
50.125 1674 6 129 8100 91
50.25 1673 7 127 8102 91
50.375 1672 7 124 8106 91
50.5 1671 8 120 8110 91
50.625 1671 8 115 8115 91
50.75 1671 8 114 8116 91
50.875 1670 7 116 8116 91
51 1670 7 113 8119 91
51.125 1670 7 113 8119 91
51.25 1668 9 111 8121 91
51.375 1668 8 108 8125 91
51.5 1668 6 106 8129 91
51.625 1668 5 104 8132 91
51.75 1668 5 100 8136 91
51.875 1668 5 99 8137 91
52 1668 5 99 8137 91
52.125 1668 5 98 8138 91
52.25 1668 4 98 8139 91
52.375 1668 3 96 8142 91
52.5 1668 3 95 8143 91
52.625 1668 3 92 8146 91
52.75 1668 3 87 8151 91
52.875 1668 3 83 8155 91
53 1668 3 82 8156 91
53.125 1668 3 80 8158 91
53.25 1668 3 79 8159 91
53.375 1668 3 78 8160 91
53.5 1668 3 77 8161 91
53.625 1668 2 77 8162 91
53.75 1668 2 73 8166 91
53.875 1668 2 73 8166 91
54 1668 2 72 8167 91
54.125 1668 2 72 8167 91
54.25 1668 2 72 8167 91
54.375 1668 2 72 8167 91
54.5 1668 1 71 8169 91
54.625 1668 1 70 8170 91
54.75 1668 1 67 8173 91
54.875 1668 1 65 8175 91
55 1668 1 63 8177 91
55.125 1668 1 62 8178 91
55.25 1668 1 61 8179 91
55.375 1667 2 60 8180 91
55.5 1667 2 60 8180 91
55.625 1667 1 60 8181 91
55.75 1667 1 60 8181 91
55.875 1667 1 57 8184 91
56 1667 1 55 8186 91
56.125 1667 0 54 8188 91
56.25 1667 0 52 8190 91
56.375 1667 0 52 8190 91
56.5 1666 1 50 8192 91
56.625 1666 1 50 8192 91
56.75 1666 1 49 8193 91
56.875 1666 1 49 8193 91
57 1666 1 48 8194 91
57.125 1666 0 47 8196 91
57.25 1666 0 46 8197 91
57.375 1666 0 44 8199 91
57.5 1666 0 44 8199 91
57.625 1666 0 43 8200 91
57.75 1666 0 41 8202 91
57.875 1666 0 41 8202 91
58 1666 0 40 8203 91
58.125 1666 0 37 8206 91
58.25 1666 0 37 8206 91
58.375 1666 0 35 8208 91
58.5 1666 0 33 8210 91
58.625 1666 0 32 8211 91
58.75 1666 0 32 8211 91
58.875 1666 0 32 8211 91
59 1666 0 31 8212 91
59.125 1666 0 30 8213 91
59.25 1666 0 30 8213 91
59.375 1666 0 29 8214 91
59.5 1666 0 28 8215 91
59.625 1666 0 28 8215 91
59.75 1666 0 28 8215 91
59.875 1666 0 26 8217 91
60 1665 1 26 8217 91
60.125 1665 1 26 8217 91
60.25 1665 0 25 8219 91
60.375 1665 0 25 8219 91
60.5 1665 0 24 8220 91
60.625 1665 0 24 8220 91
60.75 1665 0 24 8220 91
60.875 1665 0 23 8221 91
61 1665 0 23 8221 91
61.125 1665 0 23 8221 91
61.25 1665 0 22 8222 91
61.375 1665 0 22 8222 91
61.5 1665 0 22 8222 91
61.625 1665 0 22 8222 91
61.75 1665 0 21 8223 91
61.875 1665 0 21 8223 91
62 1665 0 21 8223 91
62.125 1665 0 21 8223 91
62.25 1665 0 21 8223 91
62.375 1665 0 21 8223 91
62.5 1665 0 20 8224 91
62.625 1665 0 19 8225 91
62.75 1665 0 19 8225 91
62.875 1665 0 18 8226 91
63 1665 0 17 8227 91
63.125 1665 0 17 8227 91
63.25 1665 0 16 8228 91
63.375 1665 0 16 8228 91
63.5 1665 0 16 8228 91
63.625 1665 0 16 8228 91
63.75 1665 0 16 8228 91
63.875 1665 0 16 8228 91
64 1665 0 15 8229 91
64.125 1665 0 13 8231 91
64.25 1665 0 12 8232 91
64.375 1665 0 11 8233 91
64.5 1665 0 10 8234 91
64.625 1665 0 10 8234 91
64.75 1665 0 10 8234 91
64.875 1665 0 10 8234 91
65 1665 0 10 8234 91
65.125 1665 0 10 8234 91
65.25 1665 0 10 8234 91
65.375 1665 0 10 8234 91
65.5 1665 0 8 8236 91
65.625 1665 0 8 8236 91
65.75 1665 0 8 8236 91
65.875 1665 0 8 8236 91
66 1665 0 8 8236 91
66.125 1665 0 8 8236 91
66.25 1665 0 8 8236 91
66.375 1665 0 8 8236 91
66.5 1665 0 7 8237 91
66.625 1665 0 7 8237 91
66.75 1665 0 7 8237 91
66.875 1665 0 6 8238 91
67 1665 0 6 8238 91
67.125 1665 0 5 8239 91
67.25 1665 0 5 8239 91
67.375 1665 0 5 8239 91
67.5 1665 0 5 8239 91
67.625 1665 0 5 8239 91
67.75 1665 0 4 8240 91
67.875 1665 0 4 8240 91
68 1665 0 4 8240 91
68.125 1665 0 4 8240 91
68.25 1665 0 4 8240 91
68.375 1665 0 4 8240 91
68.5 1665 0 3 8241 91
68.625 1665 0 3 8241 91
68.75 1665 0 3 8241 91
68.875 1665 0 3 8241 91
69 1665 0 3 8241 91
69.125 1665 0 3 8241 91
69.25 1665 0 3 8241 91
69.375 1665 0 3 8241 91
69.5 1665 0 3 8241 91
69.625 1665 0 3 8241 91
69.75 1665 0 2 8241 92
69.875 1665 0 2 8241 92
70 1665 0 2 8241 92
70.125 1665 0 2 8241 92
70.25 1665 0 2 8241 92
70.375 1665 0 2 8241 92
70.5 1665 0 2 8241 92
70.625 1665 0 2 8241 92
70.75 1665 0 2 8241 92
70.875 1665 0 2 8241 92
71 1665 0 2 8241 92
71.125 1665 0 2 8241 92
71.25 1665 0 2 8241 92
71.375 1665 0 2 8241 92
71.5 1665 0 2 8241 92
71.625 1665 0 2 8241 92
71.75 1665 0 2 8241 92
71.875 1665 0 2 8241 92
72 1665 0 2 8241 92
72.125 1665 0 2 8241 92
72.25 1665 0 2 8241 92
72.375 1665 0 2 8241 92
72.5 1665 0 2 8241 92
72.625 1665 0 2 8241 92
72.75 1665 0 2 8241 92
72.875 1665 0 2 8241 92
73 1665 0 2 8241 92
73.125 1665 0 2 8241 92
73.25 1665 0 2 8241 92
73.375 1665 0 2 8241 92
73.5 1665 0 2 8241 92
73.625 1665 0 2 8241 92
73.75 1665 0 2 8241 92
73.875 1665 0 2 8241 92
74 1665 0 2 8241 92
74.125 1665 0 1 8242 92
74.25 1665 0 1 8242 92
74.375 1665 0 1 8242 92
74.5 1665 0 1 8242 92
74.625 1665 0 1 8242 92
74.75 1665 0 1 8242 92
74.875 1665 0 1 8242 92
75 1665 0 1 8242 92
75.125 1665 0 1 8242 92
75.25 1665 0 1 8242 92
75.375 1665 0 1 8242 92
75.5 1665 0 1 8242 92
75.625 1665 0 1 8242 92
75.75 1665 0 1 8242 92
75.875 1665 0 1 8242 92
76 1665 0 1 8242 92
76.125 1665 0 1 8242 92
76.25 1665 0 1 8242 92
76.375 1665 0 1 8242 92
76.5 1665 0 1 8242 92
76.625 1665 0 1 8242 92
76.75 1665 0 1 8242 92
76.875 1665 0 1 8242 92
77 1665 0 1 8242 92
77.125 1665 0 1 8242 92
77.25 1665 0 1 8242 92
77.375 1665 0 1 8242 92
77.5 1665 0 1 8242 92
77.625 1665 0 1 8242 92
77.75 1665 0 1 8242 92
77.875 1665 0 1 8242 92
78 1665 0 1 8242 92
78.125 1665 0 1 8242 92
78.25 1665 0 1 8242 92
78.375 1665 0 1 8242 92
78.5 1665 0 1 8242 92
78.625 1665 0 1 8242 92
78.75 1665 0 1 8242 92
78.875 1665 0 1 8242 92
79 1665 0 1 8242 92
79.125 1665 0 1 8242 92
79.25 1665 0 1 8242 92
79.375 1665 0 1 8242 92
79.5 1665 0 1 8242 92
79.625 1665 0 0 8243 92
