t S E I R D
0 9998 0 2 0 0
0.125 9997 1 2 0 0
0.25 9997 1 2 0 0
0.375 9997 1 2 0 0
0.5 9997 1 2 0 0
0.625 9997 1 2 0 0
0.75 9997 1 2 0 0
0.875 9997 1 2 0 0
1 9997 1 2 0 0
1.125 9997 1 2 0 0
1.25 9997 1 2 0 0
1.375 9997 1 2 0 0
1.5 9997 1 2 0 0
1.625 9997 1 2 0 0
1.75 9997 1 2 0 0
1.875 9997 1 2 0 0
2 9997 1 2 0 0
2.125 9996 2 2 0 0
2.25 9996 2 2 0 0
2.375 9996 2 2 0 0
2.5 9996 2 2 0 0
2.625 9996 2 2 0 0
2.75 9996 1 2 1 0
2.875 9996 1 2 1 0
3 9996 1 2 1 0
3.125 9995 2 2 1 0
3.25 9995 2 2 1 0
3.375 9995 2 2 1 0
3.5 9995 2 2 1 0
3.625 9995 1 3 1 0
3.75 9992 4 3 1 0
3.875 9990 6 3 1 0
4 9982 14 2 2 0
4.125 9982 14 2 2 0
4.25 9982 11 5 2 0
4.375 9981 11 6 2 0
4.5 9981 10 7 2 0
4.625 9980 11 7 2 0
4.75 9980 11 6 3 0
4.875 9979 10 8 3 0
5 9978 10 9 3 0
5.125 9978 9 9 4 0
5.25 9978 9 9 4 0
5.375 9977 9 10 4 0
5.5 9977 8 11 4 0
5.625 9977 7 12 4 0
5.75 9976 8 12 4 0
5.875 9976 8 12 4 0
6 9976 7 13 4 0
6.125 9976 7 13 4 0
6.25 9975 8 12 5 0
6.375 9973 9 11 7 0
6.5 9972 10 10 8 0
6.625 9971 11 10 8 0
6.75 9971 11 10 8 0
6.875 9969 13 9 9 0
7 9969 13 8 10 0
7.125 9968 13 9 10 0
7.25 9967 14 9 10 0
7.375 9966 12 12 10 0
7.5 9963 14 13 10 0
7.625 9959 17 13 11 0
7.75 9955 21 13 11 0
7.875 9952 23 14 11 0
8 9946 29 13 12 0
8.125 9942 30 15 13 0
8.25 9936 31 20 13 0
8.375 9928 37 22 13 0
8.5 9921 41 25 13 0
8.625 9913 48 23 16 0
8.75 9902 54 27 17 0
8.875 9890 64 27 19 0
9 9885 62 34 19 0
9.125 9875 68 37 20 0
9.25 9860 75 45 20 0
9.375 9845 83 51 21 0
9.5 9837 86 55 22 0
9.625 9822 97 59 22 0
9.75 9808 109 58 25 0
9.875 9791 119 65 25 0
10 9764 139 72 25 0
10.125 9737 159 77 27 0
10.25 9722 166 83 29 0
10.375 9691 184 95 30 0
10.5 9661 204 102 33 0
10.625 9624 226 115 35 0
10.75 9593 240 132 35 0
10.875 9568 251 143 38 0
11 9537 269 156 38 0
11.125 9492 303 164 41 0
11.25 9446 328 178 48 0
11.375 9410 351 188 51 0
11.5 9361 377 206 56 0
11.625 9321 385 237 57 0
11.75 9267 405 267 61 0
11.875 9235 409 291 65 0
12 9187 436 306 71 0
12.125 9150 454 319 76 1
12.25 9105 472 342 80 1
12.375 9049 496 360 94 1
12.5 9005 510 381 103 1
12.625 8963 523 401 112 1
12.75 8913 522 448 116 1
12.875 8861 539 471 128 1
13 8813 566 480 140 1
13.125 8753 589 510 147 1
13.25 8687 616 537 159 1
13.375 8621 645 564 168 2
13.5 8544 681 600 173 2
13.625 8451 728 636 183 2
13.75 8371 767 666 194 2
13.875 8288 805 696 209 2
14 8205 827 737 229 2
14.125 8137 847 764 250 2
14.25 8060 876 794 268 2
14.375 7968 915 833 282 2
14.5 7908 918 870 301 3
14.625 7828 935 905 328 4
14.75 7738 969 939 350 4
14.875 7662 990 977 367 4
15 7583 1009 1008 395 5
15.125 7511 1029 1039 416 5
15.25 7443 1026 1089 437 5
15.375 7361 1044 1134 456 5
15.5 7288 1054 1173 480 5
15.625 7205 1061 1226 503 5
15.75 7124 1090 1252 529 5
15.875 7038 1108 1299 549 6
16 6943 1140 1337 574 6
16.125 6889 1108 1390 606 7
16.25 6812 1114 1429 637 8
16.375 6742 1129 1459 662 8
16.5 6682 1122 1496 692 8
16.625 6594 1156 1518 724 8
16.75 6504 1182 1550 755 9
16.875 6426 1190 1577 798 9
17 6354 1198 1617 822 9
17.125 6289 1181 1651 870 9
17.25 6211 1180 1690 909 10
17.375 6138 1178 1732 942 10
17.5 6051 1188 1761 989 11
17.625 5985 1176 1806 1022 11
17.75 5898 1179 1838 1074 11
17.875 5830 1173 1870 1116 11
18 5759 1175 1897 1158 11
18.125 5692 1171 1938 1188 11
18.25 5595 1192 1960 1239 14
18.375 5523 1202 1992 1269 14
18.5 5459 1192 2021 1314 14
18.625 5394 1196 2031 1365 14
18.75 5341 1176 2066 1403 14
18.875 5279 1161 2097 1448 15
19 5213 1138 2134 1500 15
19.125 5159 1126 2152 1548 15
19.25 5099 1114 2160 1612 15
19.375 5032 1110 2189 1654 15
19.5 4950 1105 2231 1699 15
19.625 4890 1105 2253 1737 15
19.75 4832 1081 2295 1777 15
19.875 4786 1062 2309 1828 15
20 4718 1069 2323 1871 19
20.125 4673 1042 2341 1925 19
20.25 4621 1034 2353 1971 21
20.375 4562 1038 2361 2018 21
20.5 4514 1018 2382 2065 21
20.625 4467 1012 2375 2124 22
20.75 4415 1004 2379 2180 22
20.875 4357 1003 2377 2240 23
21 4314 983 2404 2275 24
21.125 4273 958 2409 2335 25
21.25 4230 954 2414 2377 25
21.375 4182 931 2440 2420 27
21.5 4130 933 2422 2488 27
21.625 4076 932 2418 2547 27
21.75 4035 901 2431 2605 28
21.875 3992 886 2445 2648 29
22 3953 860 2451 2707 29
22.125 3902 870 2451 2747 30
22.25 3860 862 2450 2797 31
22.375 3812 866 2438 2851 33
22.5 3773 846 2440 2908 33
22.625 3736 811 2463 2956 34
22.75 3696 799 2459 3011 35
22.875 3653 795 2465 3052 35
23 3617 781 2470 3096 36
23.125 3580 777 2464 3143 36
23.25 3548 741 2476 3199 36
23.375 3510 732 2476 3245 37
23.5 3466 719 2477 3301 37
23.625 3434 714 2474 3341 37
23.75 3402 695 2466 3400 37
23.875 3369 675 2454 3465 37
24 3338 667 2451 3505 39
24.125 3305 666 2429 3561 39
24.25 3275 644 2437 3604 40
24.375 3246 635 2436 3643 40
24.5 3216 633 2419 3692 40
24.625 3193 614 2404 3748 41
24.75 3158 622 2393 3786 41
24.875 3139 602 2386 3832 41
25 3105 594 2376 3884 41
25.125 3088 567 2381 3922 42
25.25 3060 569 2352 3977 42
25.375 3034 564 2339 4021 42
25.5 3007 550 2329 4071 43
25.625 2981 544 2315 4116 44
25.75 2962 532 2306 4156 44
25.875 2936 535 2291 4194 44
26 2906 524 2278 4248 44
26.125 2882 512 2266 4296 44
26.25 2857 501 2266 4332 44
26.375 2830 498 2239 4389 44
26.5 2808 484 2231 4433 44
26.625 2775 491 2216 4474 44
26.75 2760 473 2207 4516 44
26.875 2741 458 2193 4564 44
27 2720 449 2182 4605 44
27.125 2690 457 2165 4644 44
27.25 2659 469 2133 4695 44
27.375 2643 454 2117 4742 44
27.5 2625 438 2110 4782 45
27.625 2606 421 2094 4834 45
27.75 2585 414 2088 4867 46
27.875 2567 411 2069 4907 46
28 2553 409 2049 4943 46
28.125 2541 401 2026 4986 46
28.25 2523 386 2005 5039 47
28.375 2498 391 1978 5086 47
28.5 2483 381 1963 5126 47
28.625 2468 376 1943 5166 47
28.75 2457 355 1932 5209 47
28.875 2440 339 1925 5248 48
29 2431 325 1914 5282 48
29.125 2419 316 1894 5323 48
29.25 2402 318 1867 5365 48
29.375 2390 301 1856 5404 49
29.5 2373 292 1850 5436 49
29.625 2359 285 1834 5472 50
29.75 2344 281 1811 5513 51
29.875 2338 272 1784 5555 51
30 2322 268 1780 5579 51
30.125 2311 268 1754 5615 52
30.25 2303 251 1746 5648 52
30.375 2294 248 1724 5682 52
30.5 2277 249 1702 5719 53
30.625 2268 238 1676 5763 55
30.75 2254 240 1644 5807 55
30.875 2243 239 1613 5850 55
31 2237 227 1602 5879 55
31.125 2228 214 1588 5914 56
31.25 2219 210 1566 5949 56
31.375 2208 203 1557 5976 56
31.5 2194 202 1539 6009 56
31.625 2184 205 1509 6045 57
31.75 2172 204 1487 6080 57
31.875 2160 205 1466 6112 57
32 2153 199 1456 6135 57
32.125 2143 202 1434 6164 57
32.25 2134 200 1413 6196 57
32.375 2125 194 1403 6221 57
32.5 2115 192 1386 6250 57
32.625 2098 198 1362 6284 58
32.75 2094 186 1343 6317 60
32.875 2086 186 1332 6336 60
33 2082 179 1311 6367 61
33.125 2077 168 1302 6392 61
33.25 2073 160 1276 6430 61
33.375 2064 152 1265 6458 61
33.5 2057 151 1246 6485 61
33.625 2051 148 1219 6521 61
33.75 2046 141 1207 6545 61
33.875 2042 139 1188 6570 61
34 2039 133 1173 6593 62
34.125 2029 138 1162 6609 62
34.25 2022 138 1148 6630 62
34.375 2013 141 1130 6653 63
34.5 2008 139 1106 6682 65
34.625 2001 138 1087 6709 65
34.75 1995 136 1069 6735 65
34.875 1992 129 1055 6759 65
35 1987 124 1044 6780 65
35.125 1982 121 1035 6797 65
35.25 1977 120 1020 6817 66
35.375 1975 116 1007 6835 67
35.5 1971 112 1001 6849 67
35.625 1970 109 982 6872 67
35.75 1967 109 962 6895 67
35.875 1964 105 954 6910 67
36 1959 105 937 6932 67
36.125 1953 104 931 6945 67
36.25 1948 101 922 6962 67
36.375 1947 97 904 6985 67
36.5 1945 93 895 7000 67
36.625 1942 92 878 7021 67
36.75 1938 87 872 7035 68
36.875 1936 84 858 7054 68
37 1931 86 838 7077 68
37.125 1927 85 828 7092 68
37.25 1923 84 815 7110 68
37.375 1917 82 805 7128 68
37.5 1916 78 793 7145 68
37.625 1913 75 786 7158 68
37.75 1906 77 775 7174 68
37.875 1904 74 760 7193 69
38 1900 74 746 7211 69
38.125 1899 70 732 7230 69
38.25 1897 64 723 7247 69
38.375 1894 62 709 7266 69
38.5 1889 63 701 7278 69
38.625 1887 58 695 7291 69
38.75 1885 57 686 7303 69
38.875 1883 54 679 7315 69
39 1882 51 671 7327 69
39.125 1880 50 657 7344 69
39.25 1877 48 654 7352 69
39.375 1875 49 644 7363 69
39.5 1874 46 633 7378 69
39.625 1870 46 622 7393 69
39.75 1867 44 616 7404 69
39.875 1863 45 613 7410 69
40 1858 49 604 7420 69
40.125 1856 49 593 7433 69
40.25 1853 48 583 7447 69
40.375 1851 47 579 7454 69
40.5 1850 48 569 7464 69
40.625 1849 46 557 7479 69
40.75 1848 44 554 7485 69
40.875 1847 45 539 7499 70
41 1844 43 537 7506 70
41.125 1842 43 528 7517 70
41.25 1840 42 521 7527 70
41.375 1838 43 508 7541 70
41.5 1836 45 500 7549 70
41.625 1833 47 490 7560 70
41.75 1830 46 491 7563 70
41.875 1828 45 478 7579 70
42 1827 44 469 7590 70
42.125 1825 42 466 7597 70
42.25 1823 44 458 7605 70
42.375 1823 42 447 7618 70
42.5 1821 41 442 7626 70
42.625 1821 36 443 7630 70
42.75 1819 37 431 7642 71
42.875 1817 35 427 7650 71
43 1815 34 424 7656 71
43.125 1814 32 419 7664 71
43.25 1812 31 413 7673 71
43.375 1809 34 405 7681 71
43.5 1809 30 400 7690 71
43.625 1809 28 396 7696 71
43.75 1809 27 383 7710 71
43.875 1807 28 374 7720 71
44 1805 29 366 7729 71
44.125 1804 26 361 7738 71
44.25 1803 26 357 7743 71
44.375 1803 22 355 7749 71
44.5 1802 22 346 7759 71
44.625 1802 21 343 7763 71
44.75 1801 21 336 7771 71
44.875 1800 22 332 7775 71
45 1795 25 331 7778 71
45.125 1793 25 322 7789 71
45.25 1792 26 314 7797 71
45.375 1791 26 311 7801 71
45.5 1790 26 309 7804 71
45.625 1790 21 307 7811 71
45.75 1788 22 303 7816 71
45.875 1787 23 293 7826 71
46 1785 24 285 7835 71
46.125 1784 24 277 7844 71
46.25 1784 22 271 7852 71
46.375 1784 19 264 7862 71
46.5 1783 20 259 7867 71
46.625 1782 19 254 7874 71
46.75 1781 19 252 7877 71
46.875 1780 17 249 7883 71
47 1779 17 245 7888 71
47.125 1779 17 237 7896 71
47.25 1778 18 236 7897 71
47.375 1778 18 233 7900 71
47.5 1778 18 231 7901 72
47.625 1778 18 228 7904 72
47.75 1777 17 225 7909 72
47.875 1777 17 223 7911 72
48 1777 16 219 7916 72
48.125 1777 16 213 7922 72
48.25 1777 16 209 7926 72
48.375 1777 16 205 7930 72
48.5 1776 15 203 7934 72
48.625 1776 14 202 7936 72
48.75 1776 13 200 7939 72
48.875 1775 13 197 7943 72
49 1774 10 199 7945 72
49.125 1773 11 192 7952 72
49.25 1773 11 191 7953 72
49.375 1772 11 186 7959 72
49.5 1772 11 182 7963 72
49.625 1772 10 177 7969 72
49.75 1772 8 174 7974 72
49.875 1771 9 173 7974 73
50 1770 8 172 7977 73
50.125 1770 8 170 7979 73
50.25 1770 7 165 7985 73
50.375 1770 7 158 7992 73
50.5 1769 7 154 7996 74
50.625 1768 8 151 7999 74
50.75 1768 8 146 8004 74
50.875 1768 8 143 8007 74
51 1768 8 142 8008 74
51.125 1767 9 140 8010 74
51.25 1767 9 138 8012 74
51.375 1767 9 135 8015 74
51.5 1766 10 134 8016 74
51.625 1766 8 132 8020 74
51.75 1766 6 132 8022 74
51.875 1766 5 129 8025 75
52 1766 5 125 8029 75
52.125 1766 3 125 8031 75
52.25 1765 4 122 8034 75
52.375 1765 4 121 8035 75
52.5 1764 5 120 8036 75
52.625 1764 5 115 8041 75
52.75 1764 5 111 8045 75
52.875 1764 4 110 8047 75
53 1763 5 108 8049 75
53.125 1763 5 108 8049 75
53.25 1763 5 108 8049 75
53.375 1763 4 107 8051 75
53.5 1763 4 103 8055 75
53.625 1763 4 101 8057 75
53.75 1763 4 100 8058 75
53.875 1763 4 94 8064 75
54 1763 4 93 8065 75
54.125 1763 4 92 8066 75
54.25 1763 4 90 8068 75
54.375 1763 4 89 8069 75
54.5 1763 3 88 8071 75
54.625 1763 3 85 8074 75
54.75 1763 3 85 8074 75
54.875 1763 3 84 8075 75
55 1763 2 83 8077 75
55.125 1762 3 81 8079 75
55.25 1762 3 80 8080 75
55.375 1762 3 80 8080 75
55.5 1761 3 81 8080 75
55.625 1761 3 79 8082 75
55.75 1761 3 76 8085 75
55.875 1761 3 75 8086 75
56 1760 4 74 8087 75
56.125 1760 1 73 8091 75
56.25 1760 1 70 8094 75
56.375 1759 2 69 8095 75
56.5 1759 1 70 8095 75
56.625 1759 1 70 8095 75
56.75 1758 2 69 8096 75
56.875 1758 2 68 8097 75
57 1758 2 66 8099 75
57.125 1758 2 65 8100 75
57.25 1758 2 63 8102 75
57.375 1757 3 62 8103 75
57.5 1757 3 61 8104 75
57.625 1757 3 60 8105 75
57.75 1757 2 58 8108 75
57.875 1757 2 57 8109 75
58 1757 2 56 8110 75
58.125 1756 3 56 8110 75
58.25 1756 3 53 8113 75
58.375 1756 3 52 8114 75
58.5 1756 3 52 8114 75
58.625 1755 4 50 8116 75
58.75 1755 4 49 8117 75
58.875 1755 2 51 8117 75
59 1755 1 49 8120 75
59.125 1755 1 49 8120 75
59.25 1755 1 49 8120 75
59.375 1754 2 48 8121 75
59.5 1754 2 47 8122 75
59.625 1754 2 47 8122 75
59.75 1754 2 45 8124 75
59.875 1754 2 39 8130 75
60 1754 2 37 8132 75
60.125 1754 1 38 8132 75
60.25 1754 1 38 8132 75
60.375 1754 1 38 8132 75
60.5 1754 1 38 8132 75
60.625 1754 1 38 8132 75
60.75 1753 2 37 8133 75
60.875 1753 2 37 8133 75
61 1753 2 36 8134 75
61.125 1753 2 36 8134 75
61.25 1753 2 35 8135 75
61.375 1753 2 34 8136 75
61.5 1753 2 33 8137 75
61.625 1753 0 33 8139 75
61.75 1753 0 33 8139 75
61.875 1753 0 32 8140 75
62 1753 0 30 8142 75
62.125 1753 0 30 8142 75
62.25 1753 0 29 8143 75
62.375 1753 0 29 8143 75
62.5 1753 0 28 8144 75
62.625 1753 0 28 8144 75
62.75 1753 0 27 8145 75
62.875 1753 0 26 8146 75
63 1753 0 26 8146 75
63.125 1753 0 26 8146 75
63.25 1753 0 25 8147 75
63.375 1753 0 24 8148 75
63.5 1752 1 23 8149 75
63.625 1751 2 23 8149 75
63.75 1751 2 23 8149 75
63.875 1751 2 23 8149 75
64 1751 2 22 8150 75
64.125 1751 2 21 8151 75
64.25 1750 2 22 8151 75
64.375 1750 2 22 8151 75
64.5 1750 2 21 8152 75
64.625 1750 2 20 8153 75
64.75 1750 2 19 8154 75
64.875 1749 2 20 8154 75
65 1749 2 20 8154 75
65.125 1749 2 19 8155 75
65.25 1749 2 18 8156 75
65.375 1749 2 18 8156 75
65.5 1749 1 18 8157 75
65.625 1749 1 18 8157 75
65.75 1749 1 18 8157 75
65.875 1749 1 18 8157 75
66 1749 1 18 8157 75
66.125 1749 1 18 8157 75
66.25 1749 1 18 8157 75
66.375 1749 1 18 8157 75
66.5 1749 1 18 8157 75
66.625 1749 1 17 8158 75
66.75 1749 1 17 8158 75
66.875 1749 1 16 8159 75
67 1749 1 16 8159 75
67.125 1749 1 16 8159 75
67.25 1749 1 16 8159 75
67.375 1749 1 16 8159 75
67.5 1749 1 13 8162 75
67.625 1749 1 13 8162 75
67.75 1749 1 13 8162 75
67.875 1749 1 13 8162 75
68 1749 1 13 8162 75
68.125 1749 1 13 8162 75
68.25 1749 1 13 8162 75
68.375 1749 1 12 8163 75
68.5 1749 1 12 8163 75
68.625 1749 1 12 8163 75
68.75 1749 1 12 8163 75
68.875 1749 1 11 8164 75
69 1748 2 11 8164 75
69.125 1748 2 11 8164 75
69.25 1748 2 11 8164 75
69.375 1748 2 11 8164 75
69.5 1748 2 11 8164 75
69.625 1748 2 10 8165 75
69.75 1747 3 10 8165 75
69.875 1747 3 10 8165 75
70 1747 2 11 8165 75
70.125 1747 2 11 8165 75
70.25 1747 2 10 8166 75
70.375 1747 2 10 8166 75
70.5 1747 1 11 8166 75
70.625 1747 1 11 8166 75
70.75 1747 1 11 8166 75
70.875 1747 1 11 8166 75
71 1747 1 11 8166 75
71.125 1747 1 11 8166 75
71.25 1746 2 11 8166 75
71.375 1746 2 11 8166 75
71.5 1746 2 11 8166 75
71.625 1746 2 11 8166 75
71.75 1746 1 12 8166 75
71.875 1746 1 12 8166 75
72 1746 1 12 8166 75
72.125 1746 1 11 8167 75
72.25 1746 1 11 8167 75
72.375 1746 1 11 8167 75
72.5 1746 1 11 8167 75
72.625 1746 1 11 8167 75
72.75 1746 1 11 8167 75
72.875 1746 1 11 8167 75
73 1746 1 11 8167 75
73.125 1746 1 10 8168 75
73.25 1746 1 10 8168 75
73.375 1746 1 10 8168 75
73.5 1746 1 10 8168 75
73.625 1746 1 10 8168 75
73.75 1746 1 10 8168 75
73.875 1746 1 9 8169 75
74 1746 1 9 8169 75
74.125 1746 1 9 8169 75
74.25 1746 1 9 8169 75
74.375 1746 1 9 8169 75
74.5 1746 1 9 8169 75
74.625 1746 1 9 8169 75
74.75 1746 1 9 8169 75
74.875 1746 1 9 8169 75
75 1746 1 8 8170 75
75.125 1746 1 8 8170 75
75.25 1746 1 8 8170 75
75.375 1746 1 8 8170 75
75.5 1746 1 8 8170 75
75.625 1746 1 8 8170 75
75.75 1746 1 8 8170 75
75.875 1746 1 8 8170 75
76 1746 1 8 8170 75
76.125 1746 1 8 8170 75
76.25 1746 1 8 8170 75
76.375 1746 1 8 8170 75
76.5 1746 1 7 8171 75
76.625 1746 1 7 8171 75
76.75 1746 1 7 8171 75
76.875 1745 2 7 8171 75
77 1745 2 6 8172 75
77.125 1745 2 6 8172 75
77.25 1745 2 6 8172 75
77.375 1745 2 6 8172 75
77.5 1745 2 6 8172 75
77.625 1745 2 6 8172 75
77.75 1745 2 6 8172 75
77.875 1745 2 6 8172 75
78 1745 2 6 8172 75
78.125 1745 1 7 8172 75
78.25 1745 1 7 8172 75
78.375 1745 1 7 8172 75
78.5 1745 1 6 8173 75
78.625 1745 1 5 8174 75
78.75 1745 1 5 8174 75
78.875 1745 1 5 8174 75
79 1745 1 5 8174 75
79.125 1745 0 6 8174 75
79.25 1745 0 6 8174 75
79.375 1745 0 6 8174 75
79.5 1745 0 6 8174 75
79.625 1745 0 6 8174 75
79.75 1745 0 6 8174 75
79.875 1745 0 6 8174 75
80 1745 0 6 8174 75
80.125 1745 0 6 8174 75
80.25 1745 0 6 8174 75
80.375 1745 0 6 8174 75
80.5 1745 0 6 8174 75
80.625 1745 0 6 8174 75
80.75 1745 0 5 8175 75
80.875 1745 0 5 8175 75
81 1745 0 5 8175 75
81.125 1745 0 5 8175 75
81.25 1745 0 5 8175 75
81.375 1745 0 5 8175 75
81.5 1745 0 5 8175 75
81.625 1745 0 5 8175 75
81.75 1745 0 5 8175 75
81.875 1745 0 5 8175 75
82 1745 0 5 8175 75
82.125 1745 0 5 8175 75
82.25 1745 0 5 8175 75
82.375 1745 0 5 8175 75
82.5 1745 0 5 8175 75
82.625 1745 0 5 8175 75
82.75 1745 0 5 8175 75
82.875 1745 0 5 8175 75
83 1745 0 5 8175 75
83.125 1745 0 5 8175 75
83.25 1745 0 5 8175 75
83.375 1745 0 5 8175 75
83.5 1745 0 5 8175 75
83.625 1745 0 5 8175 75
83.75 1745 0 5 8175 75
83.875 1745 0 5 8175 75
84 1745 0 5 8175 75
84.125 1745 0 5 8175 75
84.25 1745 0 4 8176 75
84.375 1745 0 4 8176 75
84.5 1745 0 4 8176 75
84.625 1745 0 4 8176 75
84.75 1745 0 4 8176 75
84.875 1745 0 4 8176 75
85 1745 0 4 8176 75
85.125 1745 0 4 8176 75
85.25 1745 0 4 8176 75
85.375 1745 0 4 8176 75
85.5 1745 0 4 8176 75
85.625 1745 0 4 8176 75
85.75 1745 0 4 8176 75
85.875 1745 0 4 8176 75
86 1745 0 4 8176 75
86.125 1745 0 4 8176 75
86.25 1745 0 4 8176 75
86.375 1745 0 4 8176 75
86.5 1745 0 4 8176 75
86.625 1745 0 4 8176 75
86.75 1745 0 4 8176 75
86.875 1745 0 4 8176 75
87 1745 0 4 8176 75
87.125 1745 0 4 8176 75
87.25 1745 0 4 8176 75
87.375 1745 0 4 8176 75
87.5 1745 0 4 8176 75
87.625 1745 0 4 8176 75
87.75 1745 0 4 8176 75
87.875 1745 0 4 8176 75
88 1745 0 4 8176 75
88.125 1745 0 4 8176 75
88.25 1745 0 4 8176 75
88.375 1745 0 4 8176 75
88.5 1745 0 4 8176 75
88.625 1745 0 4 8176 75
88.75 1745 0 4 8176 75
88.875 1745 0 4 8176 75
89 1745 0 4 8176 75
89.125 1745 0 4 8176 75
89.25 1745 0 4 8176 75
89.375 1745 0 4 8176 75
89.5 1745 0 4 8176 75
89.625 1745 0 4 8176 75
89.75 1745 0 4 8176 75
89.875 1745 0 4 8176 75
90 1745 0 4 8176 75
90.125 1745 0 4 8176 75
90.25 1745 0 4 8176 75
90.375 1745 0 4 8176 75
90.5 1745 0 4 8176 75
90.625 1745 0 4 8176 75
90.75 1745 0 3 8177 75
90.875 1745 0 3 8177 75
91 1745 0 3 8177 75
91.125 1745 0 3 8177 75
91.25 1745 0 3 8177 75
91.375 1745 0 3 8177 75
91.5 1745 0 3 8177 75
91.625 1745 0 3 8177 75
91.75 1745 0 2 8178 75
91.875 1745 0 2 8178 75
92 1745 0 2 8178 75
92.125 1745 0 2 8178 75
92.25 1745 0 2 8178 75
92.375 1745 0 2 8178 75
92.5 1745 0 2 8178 75
92.625 1745 0 2 8178 75
92.75 1745 0 2 8178 75
92.875 1745 0 2 8178 75
93 1745 0 2 8178 75
93.125 1745 0 2 8178 75
93.25 1745 0 2 8178 75
93.375 1745 0 2 8178 75
93.5 1745 0 2 8178 75
93.625 1745 0 1 8179 75
93.75 1745 0 1 8179 75
93.875 1745 0 1 8179 75
94 1745 0 0 8180 75
