t S E I R D
0 9998 0 2 0 0
0.125 9998 0 2 0 0
0.25 9997 1 2 0 0
0.375 9997 1 2 0 0
0.5 9997 1 2 0 0
0.625 9997 0 3 0 0
0.75 9996 1 3 0 0
0.875 9995 2 3 0 0
1 9993 4 3 0 0
1.125 9991 5 4 0 0
1.25 9990 6 4 0 0
1.375 9989 7 4 0 0
1.5 9988 8 4 0 0
1.625 9986 10 3 1 0
1.75 9986 8 5 1 0
1.875 9985 9 4 2 0
2 9985 9 4 2 0
2.125 9985 8 5 2 0
2.25 9984 9 5 2 0
2.375 9983 10 5 2 0
2.5 9983 8 7 2 0
2.625 9982 9 7 2 0
2.75 9981 9 8 2 0
2.875 9979 11 8 2 0
3 9977 13 8 2 0
3.125 9976 12 10 2 0
3.25 9975 10 13 2 0
3.375 9973 11 14 2 0
3.5 9970 13 15 2 0
3.625 9965 17 16 2 0
3.75 9960 22 16 2 0
3.875 9954 27 17 2 0
4 9943 35 20 2 0
4.125 9936 42 20 2 0
4.25 9932 43 23 2 0
4.375 9926 47 25 2 0
4.5 9922 51 24 3 0
4.625 9913 56 28 3 0
4.75 9900 63 32 4 1
4.875 9900 61 33 5 1
5 9898 59 37 5 1
5.125 9896 58 39 6 1
5.25 9896 56 41 6 1
5.375 9895 53 45 6 1
5.5 9891 54 48 6 1
5.625 9889 54 49 7 1
5.75 9885 54 53 7 1
5.875 9882 52 57 8 1
6 9882 49 60 8 1
6.125 9880 47 63 9 1
6.25 9879 45 64 11 1
6.375 9875 45 66 13 1
6.5 9870 47 68 14 1
6.625 9870 46 68 15 1
6.75 9868 43 71 17 1
6.875 9863 44 74 18 1
7 9858 48 74 19 1
7.125 9853 51 76 19 1
7.25 9850 48 79 22 1
7.375 9844 50 81 24 1
7.5 9841 51 81 26 1
7.625 9837 53 80 29 1
7.75 9834 54 81 30 1
7.875 9831 55 82 31 1
8 9826 60 81 32 1
8.125 9819 61 84 35 1
8.25 9815 63 84 37 1
8.375 9809 66 84 40 1
8.5 9807 67 85 40 1
8.625 9803 66 87 43 1
8.75 9799 66 87 47 1
8.875 9797 64 87 51 1
9 9795 63 89 52 1
9.125 9792 62 91 54 1
9.25 9791 57 96 55 1
9.375 9787 59 95 58 1
9.5 9785 60 95 59 1
9.625 9782 59 97 61 1
9.75 9779 58 100 62 1
9.875 9777 57 101 64 1
10 9775 55 100 69 1
10.125 9772 55 100 72 1
10.25 9765 58 102 74 1
10.375 9762 58 100 79 1
10.5 9761 55 102 81 1
10.625 9759 53 104 83 1
10.75 9754 53 109 83 1
10.875 9749 55 109 86 1
11 9745 57 107 90 1
11.125 9739 61 107 92 1
11.25 9737 60 108 94 1
11.375 9734 57 111 97 1
11.5 9731 55 115 98 1
11.625 9727 55 117 100 1
11.75 9724 55 119 101 1
11.875 9721 52 124 102 1
12 9714 57 120 108 1
12.125 9710 57 122 110 1
12.25 9703 60 122 114 1
12.375 9700 62 119 118 1
12.5 9696 62 123 118 1
12.625 9696 59 124 120 1
12.75 9693 54 131 121 1
12.875 9689 55 134 121 1
13 9687 52 136 124 1
13.125 9684 53 134 128 1
13.25 9680 50 139 130 1
13.375 9675 52 140 132 1
13.5 9674 50 135 140 1
13.625 9671 49 137 142 1
13.75 9669 49 135 146 1
13.875 9664 52 135 148 1
14 9660 55 133 151 1
14.125 9653 59 135 152 1
14.25 9651 59 135 154 1
14.375 9648 61 135 155 1
14.5 9647 62 133 157 1
14.625 9644 61 136 158 1
14.75 9643 54 141 161 1
14.875 9637 58 138 166 1
15 9634 58 139 167 2
15.125 9632 56 140 170 2
15.25 9628 55 145 170 2
15.375 9627 55 143 173 2
15.5 9625 53 145 175 2
15.625 9620 55 146 177 2
15.75 9620 53 145 180 2
15.875 9618 49 147 184 2
16 9616 50 143 189 2
16.125 9614 51 142 191 2
16.25 9613 47 144 194 2
16.375 9612 47 144 195 2
16.5 9610 44 146 198 2
16.625 9609 44 142 203 2
16.75 9608 40 147 203 2
16.875 9607 39 144 208 2
17 9605 34 147 212 2
17.125 9604 31 148 215 2
17.25 9604 28 147 219 2
17.375 9603 29 146 220 2
17.5 9602 27 144 225 2
17.625 9602 24 145 227 2
17.75 9601 22 146 229 2
17.875 9600 23 145 230 2
18 9598 24 143 232 3
18.125 9598 23 141 235 3
18.25 9597 22 139 239 3
18.375 9597 22 135 243 3
18.5 9595 23 133 246 3
18.625 9592 26 132 247 3
18.75 9591 26 133 247 3
18.875 9590 26 133 248 3
19 9588 27 131 251 3
19.125 9588 25 130 254 3
19.25 9586 27 128 256 3
19.375 9585 27 126 259 3
19.5 9583 28 126 260 3
19.625 9583 25 127 262 3
19.75 9582 24 126 265 3
19.875 9582 24 123 268 3
20 9582 23 121 271 3
20.125 9582 21 119 275 3
20.25 9581 21 114 281 3
20.375 9581 19 111 286 3
20.5 9581 19 108 289 3
20.625 9581 16 109 291 3
20.75 9578 17 109 293 3
20.875 9578 15 109 295 3
21 9577 15 109 296 3
21.125 9577 15 109 296 3
21.25 9575 16 108 298 3
21.375 9575 14 108 300 3
21.5 9575 12 109 301 3
21.625 9575 10 110 302 3
21.75 9575 8 111 303 3
21.875 9575 8 109 305 3
22 9573 9 107 308 3
22.125 9573 7 106 311 3
22.25 9573 7 104 313 3
22.375 9573 7 102 314 4
22.5 9573 7 100 316 4
22.625 9573 5 99 319 4
22.75 9573 4 98 321 4
22.875 9573 4 93 326 4
23 9573 2 95 326 4
23.125 9573 2 94 327 4
23.25 9573 2 94 327 4
23.375 9573 2 93 328 4
23.5 9573 2 92 329 4
23.625 9573 2 90 331 4
23.75 9573 2 89 332 4
23.875 9573 1 86 335 5
24 9573 1 81 340 5
24.125 9573 1 80 341 5
24.25 9573 1 79 342 5
24.375 9573 1 76 345 5
24.5 9572 2 70 351 5
24.625 9571 3 68 353 5
24.75 9571 3 68 353 5
24.875 9571 3 68 353 5
25 9569 5 68 353 5
25.125 9569 5 66 355 5
25.25 9569 5 65 356 5
25.375 9569 5 63 358 5
25.5 9569 4 62 359 6
25.625 9569 4 61 360 6
25.75 9569 3 62 360 6
25.875 9569 3 61 361 6
26 9569 2 61 362 6
26.125 9568 3 60 363 6
26.25 9568 3 57 366 6
26.375 9568 3 56 367 6
26.5 9568 3 54 369 6
26.625 9568 2 53 371 6
26.75 9568 2 50 374 6
26.875 9568 2 47 377 6
27 9568 2 45 379 6
27.125 9568 2 44 380 6
27.25 9568 2 42 382 6
27.375 9568 2 42 382 6
27.5 9567 2 42 383 6
27.625 9567 1 42 384 6
27.75 9567 1 41 385 6
27.875 9567 1 40 386 6
28 9567 1 40 386 6
28.125 9567 1 40 386 6
28.25 9567 1 40 386 6
28.375 9567 0 40 387 6
28.5 9567 0 39 388 6
28.625 9567 0 38 389 6
28.75 9567 0 35 392 6
28.875 9567 0 35 392 6
29 9567 0 35 392 6
29.125 9567 0 32 395 6
29.25 9567 0 32 395 6
29.375 9567 0 31 396 6
29.5 9567 0 31 396 6
29.625 9567 0 31 396 6
29.75 9567 0 31 396 6
29.875 9567 0 30 397 6
30 9566 1 29 398 6
30.125 9566 1 29 398 6
30.25 9566 1 29 398 6
30.375 9566 1 29 398 6
30.5 9566 1 27 400 6
30.625 9566 1 27 400 6
30.75 9566 1 26 401 6
30.875 9566 0 27 401 6
31 9566 0 26 402 6
31.125 9566 0 26 402 6
31.25 9566 0 23 405 6
31.375 9566 0 22 406 6
31.5 9566 0 22 406 6
31.625 9566 0 22 406 6
31.75 9565 1 22 406 6
31.875 9564 2 22 406 6
32 9564 2 22 406 6
32.125 9564 2 21 407 6
32.25 9564 2 20 408 6
32.375 9564 2 20 408 6
32.5 9563 3 18 410 6
32.625 9563 3 16 411 7
32.75 9563 3 16 411 7
32.875 9563 2 17 411 7
33 9563 2 16 412 7
33.125 9563 2 16 412 7
33.25 9563 2 15 413 7
33.375 9563 2 15 413 7
33.5 9563 1 16 413 7
33.625 9563 1 14 415 7
33.75 9563 1 14 415 7
33.875 9563 1 14 415 7
34 9562 2 14 415 7
34.125 9562 2 14 415 7
34.25 9562 2 14 415 7
34.375 9562 2 14 415 7
34.5 9562 2 14 415 7
34.625 9562 2 14 415 7
34.75 9562 2 13 416 7
34.875 9562 2 12 417 7
35 9562 2 12 417 7
35.125 9562 2 12 417 7
35.25 9561 3 12 417 7
35.375 9561 2 13 417 7
35.5 9561 2 13 417 7
35.625 9561 2 13 417 7
35.75 9561 2 13 417 7
35.875 9561 2 12 418 7
36 9561 2 12 418 7
36.125 9561 2 12 418 7
36.25 9561 2 12 418 7
36.375 9561 2 12 418 7
36.5 9561 2 12 418 7
36.625 9561 2 12 418 7
36.75 9561 2 12 418 7
36.875 9561 2 12 418 7
37 9561 1 13 418 7
37.125 9561 1 13 418 7
37.25 9561 1 13 418 7
37.375 9561 1 12 419 7
37.5 9561 1 11 420 7
37.625 9561 0 12 420 7
37.75 9561 0 12 420 7
37.875 9561 0 12 420 7
38 9561 0 12 420 7
38.125 9561 0 12 420 7
38.25 9561 0 11 421 7
38.375 9561 0 11 421 7
38.5 9561 0 11 421 7
38.625 9561 0 11 421 7
38.75 9561 0 11 421 7
38.875 9561 0 11 421 7
39 9561 0 11 421 7
39.125 9561 0 10 422 7
39.25 9561 0 10 422 7
39.375 9561 0 10 422 7
39.5 9561 0 10 422 7
39.625 9561 0 10 422 7
39.75 9561 0 10 422 7
39.875 9561 0 10 422 7
40 9561 0 10 422 7
40.125 9561 0 10 422 7
40.25 9561 0 10 422 7
40.375 9561 0 10 422 7
40.5 9561 0 10 422 7
40.625 9561 0 10 422 7
40.75 9561 0 10 422 7
40.875 9560 1 10 422 7
41 9560 1 10 422 7
41.125 9560 1 10 422 7
41.25 9560 1 10 422 7
41.375 9560 1 10 422 7
41.5 9560 1 10 422 7
41.625 9560 1 9 423 7
41.75 9560 1 9 423 7
41.875 9560 1 9 423 7
42 9560 1 9 423 7
42.125 9560 1 9 423 7
42.25 9560 1 8 424 7
42.375 9560 1 8 424 7
42.5 9560 1 8 424 7
42.625 9560 1 8 424 7
42.75 9560 0 9 424 7
42.875 9560 0 9 424 7
43 9560 0 8 425 7
43.125 9560 0 8 425 7
43.25 9560 0 8 425 7
43.375 9560 0 8 425 7
43.5 9560 0 8 425 7
43.625 9560 0 8 425 7
43.75 9560 0 8 425 7
43.875 9560 0 8 425 7
44 9560 0 8 425 7
44.125 9560 0 8 425 7
44.25 9560 0 8 425 7
44.375 9560 0 8 425 7
44.5 9560 0 8 425 7
44.625 9560 0 8 425 7
44.75 9560 0 8 425 7
44.875 9560 0 8 425 7
45 9560 0 8 425 7
45.125 9560 0 8 425 7
45.25 9560 0 8 425 7
45.375 9560 0 8 425 7
45.5 9560 0 8 425 7
45.625 9560 0 7 426 7
45.75 9560 0 7 426 7
45.875 9560 0 6 427 7
46 9560 0 6 427 7
46.125 9560 0 6 427 7
46.25 9560 0 6 427 7
46.375 9560 0 6 427 7
46.5 9560 0 6 427 7
46.625 9560 0 6 427 7
46.75 9560 0 5 428 7
46.875 9560 0 5 428 7
47 9560 0 5 428 7
47.125 9560 0 5 428 7
47.25 9560 0 5 428 7
47.375 9560 0 5 428 7
47.5 9560 0 5 428 7
47.625 9560 0 5 428 7
47.75 9560 0 5 428 7
47.875 9560 0 5 428 7
48 9560 0 4 429 7
48.125 9560 0 4 429 7
48.25 9560 0 4 429 7
48.375 9560 0 4 429 7
48.5 9560 0 4 429 7
48.625 9560 0 4 429 7
48.75 9560 0 3 430 7
48.875 9560 0 3 430 7
49 9560 0 3 430 7
49.125 9560 0 3 430 7
49.25 9560 0 3 430 7
49.375 9560 0 3 430 7
49.5 9560 0 3 430 7
49.625 9560 0 3 430 7
49.75 9560 0 3 430 7
49.875 9560 0 3 430 7
50 9560 0 3 430 7
50.125 9560 0 3 430 7
50.25 9560 0 3 430 7
50.375 9560 0 3 430 7
50.5 9560 0 3 430 7
50.625 9560 0 3 430 7
50.75 9560 0 3 430 7
50.875 9560 0 3 430 7
51 9560 0 3 430 7
51.125 9560 0 3 430 7
51.25 9560 0 2 431 7
51.375 9560 0 2 431 7
51.5 9560 0 2 431 7
51.625 9560 0 2 431 7
51.75 9560 0 2 431 7
51.875 9560 0 2 431 7
52 9560 0 2 431 7
52.125 9560 0 2 431 7
52.25 9560 0 2 431 7
52.375 9560 0 2 431 7
52.5 9560 0 2 431 7
52.625 9560 0 2 431 7
52.75 9560 0 1 432 7
52.875 9560 0 1 432 7
53 9560 0 1 432 7
53.125 9560 0 1 432 7
53.25 9560 0 1 432 7
53.375 9560 0 1 432 7
53.5 9560 0 1 432 7
53.625 9560 0 1 432 7
53.75 9560 0 1 432 7
53.875 9560 0 1 432 7
54 9560 0 1 432 7
54.125 9560 0 1 432 7
54.25 9560 0 1 432 7
54.375 9560 0 1 432 7
54.5 9560 0 1 432 7
54.625 9560 0 1 432 7
54.75 9560 0 1 432 7
54.875 9560 0 1 432 7
55 9560 0 1 432 7
55.125 9560 0 0 433 7
