t S E I R D
0 9998 0 2 0 0
0.125 9998 0 2 0 0
0.25 9998 0 2 0 0
0.375 9998 0 2 0 0
0.5 9998 0 2 0 0
0.625 9998 0 2 0 0
0.75 9998 0 2 0 0
0.875 9996 2 2 0 0
1 9996 2 2 0 0
1.125 9996 2 2 0 0
1.25 9996 2 2 0 0
1.375 9996 1 2 1 0
1.5 9996 1 1 2 0
1.625 9996 1 1 2 0
1.75 9996 1 1 2 0
1.875 9996 1 1 2 0
2 9996 1 1 2 0
2.125 9996 1 1 2 0
2.25 9996 1 1 2 0
2.375 9996 1 1 2 0
2.5 9996 1 1 2 0
2.625 9996 1 1 2 0
2.75 9996 1 1 2 0
2.875 9996 1 1 2 0
3 9996 1 1 2 0
3.125 9995 2 1 2 0
3.25 9995 2 1 2 0
3.375 9995 1 2 2 0
3.5 9995 1 1 3 0
3.625 9995 1 1 3 0
3.75 9995 1 1 3 0
3.875 9995 1 1 3 0
4 9994 2 1 3 0
4.125 9994 2 1 3 0
4.25 9993 3 1 3 0
4.375 9993 3 1 3 0
4.5 9993 2 2 3 0
4.625 9993 0 4 3 0
4.75 9983 10 4 3 0
4.875 9972 20 5 3 0
5 9954 36 6 4 0
5.125 9937 51 8 4 0
5.25 9927 59 10 4 0
5.375 9916 67 11 6 0
5.5 9905 75 14 6 0
5.625 9891 85 18 6 0
5.75 9876 91 26 7 0
5.875 9866 94 32 8 0
6 9861 96 34 9 0
6.125 9850 101 40 9 0
6.25 9837 105 49 9 0
6.375 9825 111 54 10 0
6.5 9815 114 58 13 0
6.625 9798 124 64 14 0
6.75 9785 131 69 15 0
6.875 9772 139 72 17 0
7 9764 132 87 17 0
7.125 9745 136 98 21 0
7.25 9716 161 100 23 0
7.375 9696 175 105 24 0
7.5 9669 191 113 27 0
7.625 9641 210 120 29 0
7.75 9620 222 127 31 0
7.875 9581 250 134 35 0
8 9549 265 151 35 0
8.125 9509 291 162 38 0
8.25 9460 321 177 42 0
8.375 9408 355 186 51 0
8.5 9347 394 205 54 0
8.625 9292 426 222 60 0
8.75 9230 464 241 65 0
8.875 9173 495 262 70 0
9 9114 512 300 74 0
9.125 9032 564 325 79 0
9.25 8956 611 347 86 0
9.375 8879 646 375 100 0
9.5 8795 685 414 106 0
9.625 8721 720 446 113 0
9.75 8653 722 501 124 0
9.875 8555 774 534 136 1
10 8516 758 567 158 1
10.125 8471 763 595 170 1
10.25 8425 768 623 183 1
10.375 8382 768 652 197 1
10.5 8329 774 682 214 1
10.625 8289 759 720 231 1
10.75 8251 750 752 246 1
10.875 8210 742 792 255 1
11 8169 738 828 264 1
11.125 8112 757 846 283 2
11.25 8068 756 868 306 2
11.375 8023 746 905 323 3
11.5 7992 730 931 344 3
11.625 7952 732 943 370 3
11.75 7926 714 973 384 3
11.875 7890 700 1001 406 3
12 7859 691 1019 427 4
12.125 7823 674 1049 450 4
12.25 7789 674 1051 482 4
12.375 7756 661 1081 498 4
12.5 7722 659 1102 512 5
12.625 7687 646 1126 535 6
12.75 7662 631 1147 553 7
12.875 7625 623 1173 572 7
13 7592 611 1190 600 7
13.125 7555 616 1200 622 7
13.25 7522 608 1221 641 8
13.375 7483 613 1233 663 8
13.5 7443 609 1253 687 8
13.625 7406 593 1277 716 8
13.75 7371 599 1277 745 8
13.875 7332 602 1288 769 9
14 7304 580 1314 792 10
14.125 7270 567 1335 818 10
14.25 7222 576 1350 842 10
14.375 7190 580 1342 877 11
14.5 7161 579 1350 899 11
14.625 7126 584 1353 926 11
14.75 7097 572 1357 963 11
14.875 7061 576 1361 991 11
15 7029 559 1384 1017 11
15.125 6999 553 1396 1041 11
15.25 6959 563 1397 1070 11
15.375 6917 573 1404 1095 11
15.5 6890 555 1426 1118 11
15.625 6861 549 1433 1146 11
15.75 6815 567 1427 1180 11
15.875 6784 568 1435 1201 12
16 6761 564 1429 1234 12
16.125 6720 567 1443 1258 12
16.25 6692 558 1451 1286 13
16.375 6660 558 1449 1319 14
16.5 6631 553 1454 1348 14
16.625 6599 547 1454 1386 14
16.75 6569 548 1452 1416 15
16.875 6533 547 1463 1442 15
17 6507 529 1483 1466 15
17.125 6480 524 1485 1496 15
17.25 6456 513 1495 1521 15
17.375 6431 505 1499 1549 16
17.5 6408 485 1511 1579 17
17.625 6379 477 1509 1618 17
17.75 6361 468 1506 1648 17
17.875 6333 462 1513 1675 17
18 6311 462 1503 1707 17
18.125 6286 457 1505 1735 17
18.25 6269 448 1495 1771 17
18.375 6246 441 1490 1804 19
18.5 6218 437 1491 1835 19
18.625 6196 439 1480 1866 19
18.75 6169 429 1482 1901 19
18.875 6149 419 1481 1932 19
19 6131 404 1483 1963 19
19.125 6108 397 1481 1995 19
19.25 6086 398 1469 2027 20
19.375 6065 397 1464 2054 20
19.5 6045 396 1453 2086 20
19.625 6023 388 1460 2109 20
19.75 5995 390 1459 2136 20
19.875 5980 387 1447 2166 20
20 5962 380 1435 2203 20
20.125 5946 376 1421 2237 20
20.25 5928 372 1415 2265 20
20.375 5909 372 1412 2287 20
20.5 5888 368 1406 2317 21
20.625 5870 368 1396 2345 21
20.75 5855 360 1394 2369 22
20.875 5848 346 1386 2398 22
21 5832 335 1387 2424 22
21.125 5818 329 1372 2459 22
21.25 5795 332 1352 2499 22
21.375 5783 331 1340 2524 22
21.5 5759 332 1342 2544 23
21.625 5750 324 1329 2573 24
21.75 5728 332 1314 2601 25
21.875 5714 324 1315 2622 25
22 5699 320 1304 2652 25
22.125 5687 318 1286 2684 25
22.25 5669 315 1275 2716 25
22.375 5658 312 1261 2744 25
22.5 5642 304 1265 2764 25
22.625 5631 294 1262 2787 26
22.75 5619 286 1262 2807 26
22.875 5608 281 1253 2831 27
23 5597 279 1240 2857 27
23.125 5584 272 1240 2877 27
23.25 5572 266 1234 2901 27
23.375 5560 268 1220 2925 27
23.5 5551 268 1206 2948 27
23.625 5536 264 1196 2977 27
23.75 5521 266 1182 3004 27
23.875 5511 253 1186 3023 27
24 5506 242 1182 3041 29
24.125 5497 237 1167 3070 29
24.25 5485 235 1151 3100 29
24.375 5472 239 1135 3125 29
24.5 5460 243 1120 3148 29
24.625 5451 238 1107 3175 29
24.75 5442 224 1105 3200 29
24.875 5435 222 1090 3224 29
25 5432 213 1080 3246 29
25.125 5428 207 1064 3272 29
25.25 5418 204 1056 3293 29
25.375 5410 199 1039 3323 29
25.5 5399 191 1044 3337 29
25.625 5388 190 1032 3360 30
25.75 5379 187 1035 3369 30
25.875 5376 179 1028 3387 30
26 5364 184 1009 3413 30
26.125 5360 175 1003 3431 31
26.25 5350 175 989 3455 31
26.375 5342 176 972 3479 31
26.5 5334 176 956 3503 31
26.625 5322 180 948 3519 31
26.75 5316 174 933 3544 33
26.875 5307 177 913 3570 33
27 5297 171 906 3593 33
27.125 5291 162 897 3617 33
27.25 5283 160 892 3632 33
27.375 5275 153 890 3649 33
27.5 5271 147 884 3664 34
27.625 5263 144 872 3687 34
27.75 5257 138 864 3707 34
27.875 5250 137 857 3721 35
28 5243 135 854 3733 35
28.125 5234 131 844 3756 35
28.25 5228 128 830 3779 35
28.375 5226 122 824 3793 35
28.5 5223 120 819 3803 35
28.625 5221 115 804 3825 35
28.75 5218 116 784 3846 36
28.875 5214 112 785 3853 36
29 5204 121 779 3860 36
29.125 5198 117 771 3878 36
29.25 5191 119 752 3902 36
29.375 5185 119 742 3918 36
29.5 5183 113 738 3930 36
29.625 5177 111 730 3946 36
29.75 5172 111 720 3961 36
29.875 5167 114 706 3977 36
30 5162 110 702 3990 36
30.125 5158 107 695 4004 36
30.25 5155 103 689 4017 36
30.375 5149 101 681 4032 37
30.5 5147 99 669 4047 38
30.625 5143 95 663 4061 38
30.75 5139 94 652 4077 38
30.875 5131 98 639 4094 38
31 5129 94 627 4112 38
31.125 5125 90 623 4124 38
31.25 5122 87 618 4135 38
31.375 5118 88 606 4150 38
31.5 5117 84 603 4158 38
31.625 5114 84 592 4172 38
31.75 5112 80 578 4192 38
31.875 5108 78 574 4202 38
32 5107 77 555 4223 38
32.125 5106 71 552 4233 38
32.25 5103 70 540 4249 38
32.375 5097 70 537 4258 38
32.5 5096 66 531 4269 38
32.625 5095 62 524 4281 38
32.75 5094 55 521 4292 38
32.875 5092 49 520 4301 38
33 5091 45 513 4313 38
33.125 5090 43 505 4324 38
33.25 5089 40 500 4333 38
33.375 5087 39 495 4340 39
33.5 5085 39 489 4348 39
33.625 5084 34 488 4355 39
33.75 5084 33 474 4370 39
33.875 5081 34 466 4380 39
34 5080 32 462 4387 39
34.125 5079 31 449 4402 39
34.25 5076 31 442 4412 39
34.375 5074 33 432 4422 39
34.5 5072 34 423 4432 39
34.625 5072 31 416 4442 39
34.75 5071 31 407 4452 39
34.875 5070 27 404 4459 40
35 5069 26 401 4464 40
35.125 5067 25 394 4474 40
35.25 5066 23 387 4484 40
35.375 5064 22 380 4494 40
35.5 5062 23 376 4499 40
35.625 5059 26 364 4511 40
35.75 5058 26 362 4514 40
35.875 5057 27 358 4518 40
36 5056 25 349 4530 40
36.125 5054 26 340 4540 40
36.25 5051 27 333 4548 41
36.375 5051 24 332 4552 41
36.5 5048 27 326 4558 41
36.625 5048 25 322 4564 41
36.75 5048 24 318 4569 41
36.875 5048 24 314 4573 41
37 5044 28 301 4586 41
37.125 5043 24 301 4590 42
37.25 5043 21 301 4593 42
37.375 5041 19 295 4603 42
37.5 5037 20 293 4608 42
37.625 5035 20 292 4611 42
37.75 5031 23 288 4616 42
37.875 5029 24 285 4620 42
38 5028 24 276 4630 42
38.125 5026 26 276 4630 42
38.25 5025 25 270 4638 42
38.375 5025 23 267 4643 42
38.5 5025 18 268 4647 42
38.625 5024 18 264 4652 42
38.75 5022 19 260 4657 42
38.875 5020 20 255 4663 42
39 5020 18 253 4667 42
39.125 5017 19 248 4674 42
39.25 5016 19 248 4675 42
39.375 5016 18 245 4679 42
39.5 5015 18 240 4685 42
39.625 5013 20 238 4687 42
39.75 5011 21 235 4691 42
39.875 5009 20 230 4699 42
40 5008 18 225 4707 42
40.125 5005 20 223 4710 42
40.25 5003 20 222 4713 42
40.375 5002 20 218 4718 42
40.5 5001 16 217 4723 43
40.625 5001 14 216 4726 43
40.75 4999 16 211 4731 43
40.875 4999 15 207 4736 43
41 4997 17 204 4739 43
41.125 4997 14 205 4741 43
41.25 4997 12 206 4742 43
41.375 4997 12 198 4750 43
41.5 4995 13 197 4752 43
41.625 4994 14 193 4756 43
41.75 4993 14 189 4761 43
41.875 4993 13 186 4765 43
42 4991 13 185 4768 43
42.125 4989 15 183 4770 43
42.25 4987 15 182 4773 43
42.375 4985 16 175 4781 43
42.5 4983 16 170 4788 43
42.625 4983 15 169 4790 43
42.75 4983 14 169 4791 43
42.875 4983 14 167 4793 43
43 4983 14 166 4793 44
43.125 4983 13 161 4799 44
43.25 4983 11 160 4802 44
43.375 4982 11 157 4806 44
43.5 4980 13 155 4808 44
43.625 4979 13 154 4810 44
43.75 4979 12 153 4812 44
43.875 4979 12 150 4815 44
44 4978 13 147 4818 44
44.125 4976 15 145 4820 44
44.25 4975 16 143 4822 44
44.375 4975 16 138 4826 45
44.5 4974 15 138 4828 45
44.625 4973 15 137 4830 45
44.75 4972 12 139 4832 45
44.875 4972 12 137 4834 45
45 4971 13 134 4837 45
45.125 4971 12 132 4840 45
45.25 4971 11 131 4842 45
45.375 4971 11 127 4846 45
45.5 4971 9 127 4848 45
45.625 4971 8 127 4849 45
45.75 4969 10 127 4849 45
45.875 4967 12 126 4850 45
46 4967 12 125 4851 45
46.125 4967 11 121 4856 45
46.25 4966 12 118 4859 45
46.375 4965 11 120 4859 45
46.5 4965 11 117 4861 46
46.625 4965 9 115 4865 46
46.75 4963 11 112 4868 46
46.875 4962 12 108 4872 46
47 4962 11 105 4876 46
47.125 4960 12 102 4880 46
47.25 4960 10 102 4882 46
47.375 4960 10 100 4884 46
47.5 4959 10 98 4887 46
47.625 4959 10 95 4890 46
47.75 4958 11 94 4891 46
47.875 4958 11 91 4894 46
48 4958 11 90 4895 46
48.125 4958 11 89 4896 46
48.25 4957 12 88 4897 46
48.375 4957 10 89 4898 46
48.5 4957 10 89 4898 46
48.625 4957 9 87 4901 46
48.75 4957 9 87 4901 46
48.875 4957 8 85 4904 46
49 4957 7 83 4907 46
49.125 4957 7 80 4910 46
49.25 4957 6 79 4912 46
49.375 4957 6 77 4914 46
49.5 4957 6 76 4915 46
49.625 4956 5 78 4915 46
49.75 4956 3 78 4917 46
49.875 4956 3 77 4918 46
50 4956 3 75 4920 46
50.125 4956 3 75 4920 46
50.25 4955 4 73 4922 46
50.375 4955 4 69 4926 46
50.5 4955 4 68 4927 46
50.625 4955 3 68 4928 46
50.75 4955 2 66 4931 46
50.875 4955 2 66 4931 46
51 4955 2 65 4932 46
51.125 4955 2 64 4933 46
51.25 4955 2 64 4933 46
51.375 4955 2 64 4933 46
51.5 4955 2 64 4933 46
51.625 4955 2 62 4935 46
51.75 4955 2 61 4936 46
51.875 4955 2 58 4939 46
52 4955 2 57 4940 46
52.125 4955 2 56 4941 46
52.25 4954 3 56 4941 46
52.375 4954 3 55 4942 46
52.5 4954 3 55 4942 46
52.625 4953 4 52 4945 46
52.75 4953 4 51 4946 46
52.875 4952 5 48 4949 46
53 4951 6 47 4950 46
53.125 4950 7 45 4952 46
53.25 4950 7 45 4952 46
53.375 4950 7 43 4954 46
53.5 4950 7 42 4955 46
53.625 4950 6 43 4955 46
53.75 4950 6 40 4958 46
53.875 4950 6 40 4958 46
54 4950 6 40 4958 46
54.125 4949 7 39 4959 46
54.25 4949 7 38 4960 46
54.375 4949 7 36 4962 46
54.5 4949 6 37 4962 46
54.625 4949 5 38 4962 46
54.75 4949 5 38 4962 46
54.875 4949 5 38 4962 46
55 4949 5 38 4962 46
55.125 4949 5 38 4962 46
55.25 4949 5 37 4963 46
55.375 4949 5 35 4965 46
55.5 4949 4 35 4966 46
55.625 4949 4 34 4967 46
55.75 4949 3 35 4967 46
55.875 4949 3 34 4968 46
56 4949 3 34 4968 46
56.125 4949 2 34 4969 46
56.25 4947 4 33 4970 46
56.375 4947 4 33 4970 46
56.5 4947 3 33 4971 46
56.625 4947 3 33 4971 46
56.75 4947 3 33 4971 46
56.875 4947 3 33 4971 46
57 4947 3 31 4973 46
57.125 4947 3 31 4973 46
57.25 4947 3 31 4973 46
57.375 4947 2 30 4975 46
57.5 4947 1 31 4975 46
57.625 4947 1 31 4975 46
57.75 4947 1 30 4976 46
57.875 4947 1 30 4976 46
58 4947 1 30 4976 46
58.125 4947 1 29 4977 46
58.25 4946 1 30 4977 46
58.375 4946 1 30 4977 46
58.5 4946 1 30 4977 46
58.625 4946 1 30 4977 46
58.75 4946 1 28 4979 46
58.875 4946 1 28 4979 46
59 4946 1 27 4980 46
59.125 4946 1 27 4980 46
59.25 4946 1 26 4981 46
59.375 4946 1 26 4981 46
59.5 4945 2 24 4983 46
59.625 4945 2 24 4983 46
59.75 4945 2 24 4983 46
59.875 4945 2 23 4984 46
60 4945 2 21 4986 46
60.125 4945 2 20 4987 46
60.25 4945 2 20 4987 46
60.375 4945 2 18 4989 46
60.5 4945 2 17 4990 46
60.625 4945 2 16 4991 46
60.75 4945 2 16 4991 46
60.875 4945 2 15 4992 46
61 4945 2 15 4992 46
61.125 4945 2 15 4992 46
61.25 4945 2 15 4992 46
61.375 4945 2 15 4992 46
61.5 4945 2 15 4992 46
61.625 4945 2 13 4994 46
61.75 4945 2 13 4994 46
61.875 4945 2 12 4995 46
62 4945 2 12 4995 46
62.125 4945 2 12 4995 46
62.25 4945 2 11 4996 46
62.375 4945 2 11 4996 46
62.5 4945 2 11 4996 46
62.625 4945 2 11 4996 46
62.75 4945 1 12 4996 46
62.875 4945 1 12 4996 46
63 4945 0 13 4996 46
63.125 4945 0 13 4996 46
63.25 4945 0 13 4996 46
63.375 4945 0 13 4996 46
63.5 4945 0 13 4996 46
63.625 4945 0 13 4996 46
63.75 4945 0 13 4996 46
63.875 4945 0 13 4996 46
64 4945 0 13 4996 46
64.125 4945 0 13 4996 46
64.25 4945 0 13 4996 46
64.375 4945 0 13 4996 46
64.5 4945 0 13 4996 46
64.625 4945 0 13 4996 46
64.75 4945 0 13 4996 46
64.875 4945 0 13 4996 46
65 4945 0 12 4997 46
65.125 4945 0 12 4997 46
65.25 4945 0 11 4998 46
65.375 4945 0 11 4998 46
65.5 4945 0 11 4998 46
65.625 4945 0 10 4999 46
65.75 4944 1 10 4999 46
65.875 4944 1 10 4999 46
66 4944 1 10 4999 46
66.125 4944 1 10 4999 46
66.25 4943 2 10 4999 46
66.375 4943 2 9 5000 46
66.5 4943 2 9 5000 46
66.625 4943 1 10 5000 46
66.75 4943 1 10 5000 46
66.875 4943 1 9 5001 46
67 4943 1 9 5001 46
67.125 4943 1 8 5002 46
67.25 4943 1 8 5002 46
67.375 4943 1 8 5002 46
67.5 4943 1 8 5002 46
67.625 4943 1 8 5002 46
67.75 4943 1 7 5003 46
67.875 4943 0 8 5003 46
68 4943 0 8 5003 46
68.125 4943 0 6 5005 46
68.25 4943 0 6 5005 46
68.375 4943 0 6 5005 46
68.5 4943 0 6 5005 46
68.625 4943 0 6 5005 46
68.75 4943 0 6 5005 46
68.875 4943 0 6 5005 46
69 4943 0 6 5005 46
69.125 4943 0 5 5006 46
69.25 4943 0 5 5006 46
69.375 4943 0 5 5006 46
69.5 4943 0 5 5006 46
69.625 4943 0 5 5006 46
69.75 4943 0 4 5007 46
69.875 4943 0 4 5007 46
70 4943 0 4 5007 46
70.125 4943 0 4 5007 46
70.25 4943 0 4 5007 46
70.375 4943 0 4 5007 46
70.5 4943 0 4 5007 46
70.625 4943 0 4 5007 46
70.75 4943 0 4 5007 46
70.875 4943 0 4 5007 46
71 4943 0 4 5007 46
71.125 4943 0 4 5007 46
71.25 4943 0 4 5007 46
71.375 4943 0 4 5007 46
71.5 4943 0 4 5007 46
71.625 4943 0 4 5007 46
71.75 4943 0 4 5007 46
71.875 4942 1 4 5007 46
72 4942 1 4 5007 46
72.125 4942 1 4 5007 46
72.25 4941 2 4 5007 46
72.375 4941 2 4 5007 46
72.5 4941 2 4 5007 46
72.625 4941 2 4 5007 46
72.75 4941 2 4 5007 46
72.875 4941 2 4 5007 46
73 4941 2 4 5007 46
73.125 4941 2 4 5007 46
73.25 4941 1 5 5007 46
73.375 4941 1 5 5007 46
73.5 4941 1 5 5007 46
73.625 4941 0 6 5007 46
73.75 4941 0 6 5007 46
73.875 4941 0 6 5007 46
74 4941 0 6 5007 46
74.125 4941 0 6 5007 46
74.25 4941 0 6 5007 46
74.375 4941 0 5 5008 46
74.5 4941 0 5 5008 46
74.625 4941 0 5 5008 46
74.75 4941 0 5 5008 46
74.875 4941 0 5 5008 46
75 4941 0 5 5008 46
75.125 4941 0 5 5008 46
75.25 4941 0 5 5008 46
75.375 4941 0 5 5008 46
75.5 4941 0 5 5008 46
75.625 4941 0 5 5008 46
75.75 4941 0 5 5008 46
75.875 4941 0 5 5008 46
76 4941 0 5 5008 46
76.125 4941 0 5 5008 46
76.25 4941 0 5 5008 46
76.375 4941 0 4 5009 46
76.5 4941 0 4 5009 46
76.625 4941 0 4 5009 46
76.75 4941 0 4 5009 46
76.875 4940 1 4 5009 46
77 4940 1 4 5009 46
77.125 4940 1 4 5009 46
77.25 4940 1 4 5009 46
77.375 4940 1 4 5009 46
77.5 4939 2 4 5009 46
77.625 4939 0 6 5009 46
77.75 4939 0 6 5009 46
77.875 4939 0 6 5009 46
78 4939 0 6 5009 46
78.125 4939 0 6 5009 46
78.25 4939 0 6 5009 46
78.375 4939 0 6 5009 46
78.5 4939 0 6 5009 46
78.625 4939 0 6 5009 46
78.75 4939 0 6 5009 46
78.875 4939 0 6 5009 46
79 4939 0 6 5009 46
79.125 4939 0 6 5009 46
79.25 4939 0 6 5009 46
79.375 4939 0 5 5010 46
79.5 4939 0 5 5010 46
79.625 4939 0 5 5010 46
79.75 4939 0 5 5010 46
79.875 4939 0 4 5011 46
80 4939 0 4 5011 46
80.125 4939 0 4 5011 46
80.25 4939 0 4 5011 46
80.375 4939 0 3 5012 46
80.5 4939 0 3 5012 46
80.625 4939 0 3 5012 46
80.75 4939 0 3 5012 46
80.875 4939 0 3 5012 46
81 4939 0 3 5012 46
81.125 4939 0 3 5012 46
81.25 4939 0 3 5012 46
81.375 4939 0 3 5012 46
81.5 4939 0 3 5012 46
81.625 4939 0 2 5013 46
81.75 4939 0 2 5013 46
81.875 4939 0 2 5013 46
82 4939 0 2 5013 46
82.125 4939 0 2 5013 46
82.25 4939 0 2 5013 46
82.375 4939 0 2 5013 46
82.5 4939 0 2 5013 46
82.625 4939 0 2 5013 46
82.75 4939 0 2 5013 46
82.875 4939 0 2 5013 46
83 4939 0 2 5013 46
83.125 4939 0 2 5013 46
83.25 4939 0 2 5013 46
83.375 4939 0 2 5013 46
83.5 4939 0 2 5013 46
83.625 4939 0 2 5013 46
83.75 4939 0 2 5013 46
83.875 4939 0 2 5013 46
84 4939 0 2 5013 46
84.125 4939 0 2 5013 46
84.25 4939 0 1 5014 46
84.375 4939 0 1 5014 46
84.5 4939 0 1 5014 46
84.625 4939 0 1 5014 46
84.75 4939 0 1 5014 46
84.875 4939 0 1 5014 46
85 4939 0 1 5014 46
85.125 4939 0 1 5014 46
85.25 4939 0 1 5014 46
85.375 4939 0 1 5014 46
85.5 4939 0 1 5014 46
85.625 4939 0 1 5014 46
85.75 4939 0 1 5014 46
85.875 4939 0 1 5014 46
86 4939 0 1 5014 46
86.125 4939 0 1 5014 46
86.25 4939 0 1 5014 46
86.375 4939 0 1 5014 46
86.5 4939 0 1 5014 46
86.625 4939 0 1 5014 46
86.75 4939 0 1 5014 46
86.875 4939 0 1 5014 46
87 4939 0 1 5014 46
87.125 4939 0 1 5014 46
87.25 4939 0 1 5014 46
87.375 4939 0 1 5014 46
87.5 4939 0 1 5014 46
87.625 4939 0 1 5014 46
87.75 4939 0 1 5014 46
87.875 4939 0 1 5014 46
88 4939 0 0 5015 46
