t S E I R D
0 9999 0 1 0 0
0.125 9999 0 1 0 0
0.25 9999 0 1 0 0
0.375 9999 0 1 0 0
0.5 9999 0 1 0 0
0.625 9999 0 1 0 0
0.75 9998 1 1 0 0
0.875 9998 1 1 0 0
1 9998 1 1 0 0
1.125 9998 1 1 0 0
1.25 9998 1 1 0 0
1.375 9998 1 1 0 0
1.5 9998 1 1 0 0
1.625 9998 1 1 0 0
1.75 9998 1 1 0 0
1.875 9998 1 1 0 0
2 9998 1 1 0 0
2.125 9998 1 1 0 0
2.25 9998 1 1 0 0
2.375 9997 2 1 0 0
2.5 9997 2 1 0 0
2.625 9997 2 1 0 0
2.75 9997 2 1 0 0
2.875 9997 2 1 0 0
3 9997 2 1 0 0
3.125 9997 2 1 0 0
3.25 9997 2 1 0 0
3.375 9996 3 1 0 0
3.5 9996 3 1 0 0
3.625 9996 3 1 0 0
3.75 9995 4 1 0 0
3.875 9994 5 1 0 0
4 9994 4 2 0 0
4.125 9993 5 2 0 0
4.25 9993 5 2 0 0
4.375 9993 4 3 0 0
4.5 9993 3 4 0 0
4.625 9988 7 5 0 0
4.75 9982 13 5 0 0
4.875 9979 16 5 0 0
5 9973 20 7 0 0
5.125 9970 22 8 0 0
5.25 9967 25 8 0 0
5.375 9966 24 10 0 0
5.5 9963 25 12 0 0
5.625 9959 28 12 1 0
5.75 9955 32 12 1 0
5.875 9950 34 15 1 0
6 9946 34 19 1 0
6.125 9943 33 23 1 0
6.25 9939 37 23 1 0
6.375 9932 43 23 2 0
6.5 9929 44 24 3 0
6.625 9925 48 24 3 0
6.75 9923 48 26 3 0
6.875 9919 47 30 4 0
7 9914 49 32 5 0
7.125 9908 52 35 5 0
7.25 9903 55 36 6 0
7.375 9899 57 36 8 0
7.5 9892 59 40 9 0
7.625 9883 63 45 9 0
7.75 9877 62 51 10 0
7.875 9869 68 50 13 0
8 9863 70 54 13 0
8.125 9858 73 55 14 0
8.25 9847 80 57 16 0
8.375 9838 87 58 17 0
8.5 9829 88 64 19 0
8.625 9827 83 71 19 0
8.75 9816 92 73 19 0
8.875 9806 92 81 21 0
9 9791 102 85 22 0
9.125 9779 107 91 23 0
9.25 9768 114 93 25 0
9.375 9762 112 99 26 1
9.5 9760 107 105 27 1
9.625 9759 103 105 32 1
9.75 9757 101 105 36 1
9.875 9754 101 102 42 1
10 9750 103 100 46 1
10.125 9746 102 105 46 1
10.25 9742 101 108 48 1
10.375 9740 94 114 51 1
10.5 9737 93 118 51 1
10.625 9735 94 118 52 1
10.75 9735 89 122 53 1
10.875 9734 87 123 55 1
11 9732 83 126 57 2
11.125 9732 76 128 62 2
11.25 9731 76 128 63 2
11.375 9728 76 129 65 2
11.5 9728 69 131 70 2
11.625 9727 63 135 73 2
11.75 9726 62 135 75 2
11.875 9726 56 141 75 2
12 9725 53 142 78 2
12.125 9724 51 141 82 2
12.25 9722 51 141 84 2
12.375 9720 51 138 89 2
12.5 9719 50 135 94 2
12.625 9719 45 137 97 2
12.75 9718 46 136 98 2
12.875 9717 46 134 101 2
13 9717 43 132 106 2
13.125 9714 43 132 109 2
13.25 9711 44 134 109 2
13.375 9709 42 133 114 2
13.5 9708 39 135 116 2
13.625 9707 36 136 119 2
13.75 9705 36 137 120 2
13.875 9703 36 137 122 2
14 9703 33 139 123 2
14.125 9702 32 139 125 2
14.25 9702 28 142 126 2
14.375 9701 27 140 130 2
14.5 9701 25 139 133 2
14.625 9699 23 136 140 2
14.75 9698 21 135 144 2
14.875 9696 21 135 146 2
15 9695 21 134 148 2
15.125 9694 20 135 149 2
15.25 9692 20 136 150 2
15.375 9691 19 137 151 2
15.5 9689 20 130 159 2
15.625 9688 19 126 165 2
15.75 9687 20 124 166 3
15.875 9686 21 124 166 3
16 9685 21 121 170 3
16.125 9685 18 122 172 3
16.25 9685 17 122 173 3
16.375 9685 16 120 176 3
16.5 9684 16 116 181 3
16.625 9683 16 115 183 3
16.75 9683 16 111 187 3
16.875 9683 15 110 189 3
17 9683 14 110 190 3
17.125 9683 13 111 190 3
17.25 9683 13 107 194 3
17.375 9683 12 106 196 3
17.5 9683 12 104 198 3
17.625 9682 13 103 199 3
17.75 9682 11 104 200 3
17.875 9682 9 106 200 3
18 9682 8 101 206 3
18.125 9682 8 99 208 3
18.25 9682 7 100 208 3
18.375 9682 7 97 211 3
18.5 9681 7 98 211 3
18.625 9680 7 97 213 3
18.75 9680 5 96 216 3
18.875 9680 5 94 218 3
19 9679 6 91 221 3
19.125 9679 6 87 224 4
19.25 9679 6 85 226 4
19.375 9679 6 85 226 4
19.5 9679 5 84 228 4
19.625 9678 6 80 232 4
19.75 9677 7 79 233 4
19.875 9676 7 78 235 4
20 9676 7 78 235 4
20.125 9676 7 75 238 4
20.25 9676 6 76 238 4
20.375 9676 6 75 239 4
20.5 9676 5 73 242 4
20.625 9675 6 73 242 4
20.75 9674 6 72 244 4
20.875 9673 6 71 246 4
21 9672 7 70 247 4
21.125 9671 8 70 247 4
21.25 9671 7 67 251 4
21.375 9671 7 66 252 4
21.5 9671 7 64 254 4
21.625 9671 7 62 256 4
21.75 9671 6 60 259 4
21.875 9671 6 58 261 4
22 9671 6 57 262 4
22.125 9670 7 57 262 4
22.25 9669 8 54 265 4
22.375 9668 9 53 266 4
22.5 9668 8 54 266 4
22.625 9667 8 54 267 4
22.75 9667 8 54 267 4
22.875 9667 8 54 267 4
23 9666 7 55 268 4
23.125 9666 7 55 268 4
23.25 9666 7 55 268 4
23.375 9666 7 54 269 4
23.5 9666 7 52 271 4
23.625 9666 7 52 271 4
23.75 9665 8 51 272 4
23.875 9665 8 49 274 4
24 9665 8 48 275 4
24.125 9665 8 46 277 4
24.25 9665 7 46 278 4
24.375 9665 6 44 281 4
24.5 9665 6 44 281 4
24.625 9665 6 43 282 4
24.75 9665 5 43 283 4
24.875 9665 5 43 283 4
25 9665 5 43 283 4
25.125 9665 5 41 285 4
25.25 9665 4 42 285 4
25.375 9665 4 42 285 4
25.5 9664 5 41 286 4
25.625 9664 5 39 288 4
25.75 9664 5 38 289 4
25.875 9664 5 35 292 4
26 9662 7 35 292 4
26.125 9662 6 35 293 4
26.25 9662 5 35 294 4
26.375 9662 5 33 296 4
26.5 9662 5 33 296 4
26.625 9662 2 33 299 4
26.75 9662 2 31 301 4
26.875 9662 2 31 301 4
27 9662 2 29 303 4
27.125 9662 2 29 303 4
27.25 9662 2 27 305 4
27.375 9662 1 28 305 4
27.5 9662 1 28 305 4
27.625 9662 1 27 306 4
27.75 9662 1 27 306 4
27.875 9662 1 27 306 4
28 9662 1 27 306 4
28.125 9662 1 27 306 4
28.25 9662 1 25 308 4
28.375 9662 1 25 308 4
28.5 9661 2 25 308 4
28.625 9661 2 25 308 4
28.75 9661 2 25 308 4
28.875 9661 2 23 310 4
29 9661 2 23 310 4
29.125 9661 2 23 310 4
29.25 9661 1 24 310 4
29.375 9661 1 23 311 4
29.5 9660 2 23 311 4
29.625 9660 1 24 311 4
29.75 9660 1 23 312 4
29.875 9660 1 23 312 4
30 9660 1 23 312 4
30.125 9660 1 23 312 4
30.25 9660 1 22 313 4
30.375 9660 1 22 313 4
30.5 9660 1 22 313 4
30.625 9660 1 22 313 4
30.75 9660 1 22 313 4
30.875 9660 1 22 313 4
31 9660 1 20 315 4
31.125 9660 1 19 316 4
31.25 9660 1 19 316 4
31.375 9660 1 19 316 4
31.5 9660 1 18 317 4
31.625 9660 1 14 321 4
31.75 9660 1 14 321 4
31.875 9660 1 12 323 4
32 9660 1 11 324 4
32.125 9660 1 11 324 4
32.25 9660 1 11 324 4
32.375 9660 1 11 324 4
32.5 9660 1 11 324 4
32.625 9660 1 10 325 4
32.75 9660 1 9 326 4
32.875 9660 1 9 326 4
33 9660 1 9 326 4
33.125 9660 1 9 326 4
33.25 9660 1 9 326 4
33.375 9660 1 9 326 4
33.5 9660 1 9 326 4
33.625 9660 1 9 326 4
33.75 9660 1 9 326 4
33.875 9660 1 9 326 4
34 9660 1 9 326 4
34.125 9660 1 9 326 4
34.25 9660 1 9 326 4
34.375 9660 1 9 326 4
34.5 9660 1 9 326 4
34.625 9660 1 9 326 4
34.75 9660 1 9 326 4
34.875 9660 0 10 326 4
35 9660 0 10 326 4
35.125 9660 0 10 326 4
35.25 9660 0 10 326 4
35.375 9660 0 9 327 4
35.5 9660 0 8 328 4
35.625 9660 0 8 328 4
35.75 9660 0 8 328 4
35.875 9660 0 8 328 4
36 9660 0 8 328 4
36.125 9660 0 8 328 4
36.25 9660 0 8 328 4
36.375 9660 0 7 329 4
36.5 9660 0 7 329 4
36.625 9660 0 7 329 4
36.75 9660 0 7 329 4
36.875 9660 0 7 329 4
37 9660 0 7 329 4
37.125 9660 0 7 329 4
37.25 9660 0 7 329 4
37.375 9660 0 7 329 4
37.5 9660 0 7 329 4
37.625 9660 0 6 330 4
37.75 9660 0 6 330 4
37.875 9660 0 6 330 4
38 9660 0 6 330 4
38.125 9660 0 5 331 4
38.25 9660 0 5 331 4
38.375 9660 0 5 331 4
38.5 9660 0 5 331 4
38.625 9660 0 5 331 4
38.75 9660 0 5 331 4
38.875 9660 0 5 331 4
39 9660 0 5 331 4
39.125 9660 0 5 331 4
39.25 9660 0 5 331 4
39.375 9660 0 5 331 4
39.5 9660 0 5 331 4
39.625 9660 0 5 331 4
39.75 9660 0 5 331 4
39.875 9660 0 5 331 4
40 9660 0 5 331 4
40.125 9660 0 5 331 4
40.25 9660 0 5 331 4
40.375 9660 0 5 331 4
40.5 9660 0 5 331 4
40.625 9660 0 5 331 4
40.75 9660 0 5 331 4
40.875 9660 0 5 331 4
41 9660 0 5 331 4
41.125 9660 0 5 331 4
41.25 9660 0 5 331 4
41.375 9660 0 5 331 4
41.5 9660 0 5 331 4
41.625 9660 0 5 331 4
41.75 9660 0 4 332 4
41.875 9660 0 3 333 4
42 9660 0 3 333 4
42.125 9660 0 3 333 4
42.25 9660 0 3 333 4
42.375 9660 0 3 333 4
42.5 9660 0 3 333 4
42.625 9660 0 3 333 4
42.75 9660 0 3 333 4
42.875 9660 0 3 333 4
43 9660 0 3 333 4
43.125 9660 0 2 334 4
43.25 9660 0 2 334 4
43.375 9660 0 2 334 4
43.5 9660 0 2 334 4
43.625 9660 0 2 334 4
43.75 9660 0 2 334 4
43.875 9660 0 2 334 4
44 9660 0 2 334 4
44.125 9660 0 2 334 4
44.25 9660 0 2 334 4
44.375 9660 0 2 334 4
44.5 9660 0 2 334 4
44.625 9660 0 2 334 4
44.75 9660 0 2 334 4
44.875 9660 0 2 334 4
45 9660 0 2 334 4
45.125 9660 0 2 334 4
45.25 9660 0 2 334 4
45.375 9660 0 2 334 4
45.5 9660 0 2 334 4
45.625 9660 0 2 334 4
45.75 9660 0 2 334 4
45.875 9660 0 2 334 4
46 9660 0 2 334 4
46.125 9660 0 2 334 4
46.25 9660 0 2 334 4
46.375 9660 0 2 334 4
46.5 9660 0 2 334 4
46.625 9660 0 2 334 4
46.75 9660 0 2 334 4
46.875 9660 0 2 334 4
47 9660 0 2 334 4
47.125 9660 0 2 334 4
47.25 9660 0 2 334 4
47.375 9660 0 2 334 4
47.5 9660 0 2 334 4
47.625 9660 0 2 334 4
47.75 9660 0 2 334 4
47.875 9660 0 2 334 4
48 9660 0 2 334 4
48.125 9660 0 2 334 4
48.25 9660 0 2 334 4
48.375 9660 0 2 334 4
48.5 9660 0 2 334 4
48.625 9660 0 2 334 4
48.75 9660 0 2 334 4
48.875 9660 0 2 334 4
49 9660 0 2 334 4
49.125 9660 0 2 334 4
49.25 9660 0 1 335 4
49.375 9660 0 1 335 4
49.5 9660 0 0 336 4
