t S E I R D
0 9998 0 2 0 0
0.125 9997 1 2 0 0
0.25 9996 2 1 1 0
0.375 9996 2 1 1 0
0.5 9996 2 1 1 0
0.625 9996 2 1 1 0
0.75 9996 2 1 1 0
0.875 9996 2 1 1 0
1 9996 2 1 1 0
1.125 9996 2 1 1 0
1.25 9996 2 1 1 0
1.375 9996 2 1 1 0
1.5 9996 2 1 1 0
1.625 9996 2 1 1 0
1.75 9996 2 1 1 0
1.875 9996 1 2 1 0
2 9996 1 2 1 0
2.125 9996 1 2 1 0
2.25 9996 1 2 1 0
2.375 9996 1 2 1 0
2.5 9996 1 2 1 0
2.625 9996 1 2 1 0
2.75 9996 1 2 1 0
2.875 9996 1 2 1 0
3 9996 1 2 1 0
3.125 9995 2 2 1 0
3.25 9995 2 2 1 0
3.375 9995 2 2 1 0
3.5 9995 2 2 1 0
3.625 9994 3 2 1 0
3.75 9994 3 2 1 0
3.875 9993 4 2 1 0
4 9993 3 3 1 0
4.125 9992 4 3 1 0
4.25 9992 3 4 1 0
4.375 9990 5 4 1 0
4.5 9988 7 4 1 0
4.625 9985 9 5 1 0
4.75 9983 11 5 1 0
4.875 9982 12 5 1 0
5 9982 11 5 2 0
5.125 9980 10 8 2 0
5.25 9969 19 10 2 0
5.375 9957 31 10 2 0
5.5 9949 38 10 3 0
5.625 9940 45 12 3 0
5.75 9938 45 14 3 0
5.875 9931 48 18 3 0
6 9910 66 21 3 0
6.125 9893 81 23 3 0
6.25 9872 97 28 3 0
6.375 9840 122 34 4 0
6.5 9801 155 40 4 0
6.625 9785 160 50 5 0
6.75 9764 173 57 6 0
6.875 9731 198 65 6 0
7 9700 212 79 9 0
7.125 9668 234 87 11 0
7.25 9636 245 107 12 0
7.375 9590 276 120 14 0
7.5 9558 295 129 18 0
7.625 9509 329 143 19 0
7.75 9461 349 166 24 0
7.875 9408 370 196 26 0
8 9342 411 219 28 0
8.125 9270 460 238 32 0
8.25 9220 484 260 36 0
8.375 9157 513 288 42 0
8.5 9088 547 314 51 0
8.625 9013 593 335 58 1
8.75 9004 554 379 62 1
8.875 8996 526 407 70 1
9 8988 508 421 82 1
9.125 8973 497 439 89 2
9.25 8964 476 459 98 3
9.375 8959 449 488 101 3
9.5 8955 419 512 111 3
9.625 8950 402 524 121 3
9.75 8946 385 530 136 3
9.875 8940 368 548 141 3
10 8934 354 558 151 3
10.125 8926 338 576 157 3
10.25 8923 316 592 166 3
10.375 8921 296 606 174 3
10.5 8919 278 613 187 3
10.625 8910 266 625 196 3
10.75 8907 252 622 216 3
10.875 8900 243 630 224 3
11 8896 239 616 245 4
11.125 8895 220 621 259 5
11.25 8894 195 633 273 5
11.375 8893 188 627 286 6
11.5 8892 183 614 305 6
11.625 8892 170 613 319 6
11.75 8888 164 612 330 6
11.875 8887 152 616 339 6
12 8884 144 617 349 6
12.125 8884 135 612 363 6
12.25 8883 132 595 384 6
12.375 8877 133 590 394 6
12.5 8875 125 593 401 6
12.625 8871 121 585 417 6
12.75 8869 117 579 429 6
12.875 8869 110 574 441 6
13 8867 105 567 455 6
13.125 8865 99 561 469 6
13.25 8863 94 558 479 6
13.375 8861 86 553 494 6
13.5 8859 82 549 504 6
13.625 8857 81 539 517 6
13.75 8854 81 529 530 6
13.875 8851 77 526 540 6
14 8850 69 523 552 6
14.125 8846 68 518 561 7
14.25 8844 68 511 570 7
14.375 8843 66 507 577 7
14.5 8841 62 501 589 7
14.625 8838 61 497 597 7
14.75 8837 61 490 605 7
14.875 8837 59 481 616 7
15 8837 54 475 627 7
15.125 8836 49 472 636 7
15.25 8836 46 468 643 7
15.375 8836 42 460 655 7
15.5 8834 39 451 669 7
15.625 8833 34 450 676 7
15.75 8831 27 445 690 7
15.875 8830 25 439 699 7
16 8830 23 426 714 7
16.125 8828 23 424 718 7
16.25 8827 24 412 730 7
16.375 8826 22 404 741 7
16.5 8824 23 396 750 7
16.625 8824 22 389 758 7
16.75 8823 23 383 764 7
16.875 8821 24 376 772 7
17 8818 27 364 784 7
17.125 8818 26 359 789 8
17.25 8818 24 356 794 8
17.375 8818 20 347 807 8
17.5 8818 18 343 813 8
17.625 8817 18 341 816 8
17.75 8816 19 335 821 9
17.875 8815 19 332 825 9
18 8815 19 317 840 9
18.125 8814 19 312 846 9
18.25 8813 19 307 852 9
18.375 8812 19 302 858 9
18.5 8812 19 299 861 9
18.625 8812 18 294 867 9
18.75 8812 17 289 873 9
18.875 8812 14 284 881 9
19 8811 15 279 886 9
19.125 8811 13 277 890 9
19.25 8811 13 269 898 9
19.375 8811 13 263 904 9
19.5 8810 13 258 910 9
19.625 8807 15 255 914 9
19.75 8807 14 252 918 9
19.875 8807 14 248 922 9
20 8804 16 241 930 9
20.125 8803 16 235 937 9
20.25 8802 17 231 941 9
20.375 8802 16 227 946 9
20.5 8802 15 222 952 9
20.625 8799 16 216 960 9
20.75 8798 17 212 964 9
20.875 8798 16 210 967 9
21 8797 17 208 969 9
21.125 8797 16 207 971 9
21.25 8797 16 203 975 9
21.375 8797 14 202 978 9
21.5 8796 13 200 982 9
21.625 8795 12 197 987 9
21.75 8794 12 195 990 9
21.875 8794 11 192 994 9
22 8794 9 191 997 9
22.125 8794 9 190 998 9
22.25 8794 9 182 1006 9
22.375 8793 10 180 1008 9
22.5 8792 9 177 1013 9
22.625 8792 9 174 1016 9
22.75 8792 9 172 1018 9
22.875 8792 9 169 1021 9
23 8792 9 165 1025 9
23.125 8792 9 162 1028 9
23.25 8792 9 160 1030 9
23.375 8792 7 159 1033 9
23.5 8792 7 153 1039 9
23.625 8792 6 150 1043 9
23.75 8792 6 146 1047 9
23.875 8792 5 142 1052 9
24 8790 6 141 1054 9
24.125 8790 5 139 1057 9
24.25 8790 5 134 1062 9
24.375 8789 6 133 1063 9
24.5 8789 6 128 1068 9
24.625 8789 6 126 1070 9
24.75 8789 6 122 1074 9
24.875 8789 6 119 1077 9
25 8788 7 115 1081 9
25.125 8787 8 110 1086 9
25.25 8787 8 108 1088 9
25.375 8786 9 108 1088 9
25.5 8786 8 107 1090 9
25.625 8786 7 107 1091 9
25.75 8785 8 104 1094 9
25.875 8785 6 104 1096 9
26 8785 6 101 1099 9
26.125 8785 5 101 1100 9
26.25 8785 5 100 1101 9
26.375 8785 5 99 1102 9
26.5 8785 5 98 1103 9
26.625 8785 5 96 1105 9
26.75 8785 5 92 1109 9
26.875 8785 5 87 1114 9
27 8785 5 87 1114 9
27.125 8785 5 86 1115 9
27.25 8785 5 83 1118 9
27.375 8785 5 83 1118 9
27.5 8785 5 83 1118 9
27.625 8785 4 84 1118 9
27.75 8785 3 84 1119 9
27.875 8785 3 81 1122 9
28 8785 3 80 1123 9
28.125 8782 6 78 1125 9
28.25 8782 5 78 1126 9
28.375 8782 5 77 1126 10
28.5 8781 5 77 1127 10
28.625 8781 4 75 1130 10
28.75 8781 4 73 1131 11
28.875 8781 4 73 1131 11
29 8781 4 73 1131 11
29.125 8781 3 74 1131 11
29.25 8781 3 72 1133 11
29.375 8781 3 70 1135 11
29.5 8781 3 70 1135 11
29.625 8781 3 69 1136 11
29.75 8781 2 70 1136 11
29.875 8781 2 69 1137 11
30 8781 2 68 1138 11
30.125 8781 2 67 1139 11
30.25 8781 2 64 1142 11
30.375 8781 2 64 1142 11
30.5 8781 2 61 1145 11
30.625 8781 2 59 1147 11
30.75 8781 2 58 1148 11
30.875 8781 2 56 1150 11
31 8781 2 56 1150 11
31.125 8781 2 54 1152 11
31.25 8781 2 54 1152 11
31.375 8781 2 53 1153 11
31.5 8781 2 51 1155 11
31.625 8780 3 49 1157 11
31.75 8780 3 48 1158 11
31.875 8780 3 48 1158 11
32 8780 3 47 1159 11
32.125 8780 3 47 1159 11
32.25 8779 4 46 1160 11
32.375 8778 5 44 1162 11
32.5 8778 5 44 1162 11
32.625 8778 5 43 1163 11
32.75 8778 5 41 1165 11
32.875 8778 4 41 1166 11
33 8778 3 42 1166 11
33.125 8777 4 40 1168 11
33.25 8777 4 39 1169 11
33.375 8777 4 38 1170 11
33.5 8777 4 37 1171 11
33.625 8777 4 37 1171 11
33.75 8777 4 37 1171 11
33.875 8777 4 36 1172 11
34 8777 4 36 1172 11
34.125 8777 4 34 1174 11
34.25 8777 4 31 1177 11
34.375 8776 5 31 1177 11
34.5 8776 4 32 1177 11
34.625 8776 4 32 1177 11
34.75 8776 4 32 1177 11
34.875 8775 5 31 1178 11
35 8775 5 30 1179 11
35.125 8775 5 30 1179 11
35.25 8775 5 30 1179 11
35.375 8775 5 29 1180 11
35.5 8775 5 27 1182 11
35.625 8775 5 26 1183 11
35.75 8775 5 26 1183 11
35.875 8775 5 26 1183 11
36 8775 5 25 1184 11
36.125 8775 4 25 1185 11
36.25 8774 5 22 1188 11
36.375 8774 5 21 1189 11
36.5 8774 3 23 1189 11
36.625 8774 3 23 1189 11
36.75 8774 3 22 1190 11
36.875 8774 3 22 1190 11
37 8774 3 22 1190 11
37.125 8774 3 20 1192 11
37.25 8774 3 19 1193 11
37.375 8773 3 19 1194 11
37.5 8773 3 19 1194 11
37.625 8773 3 19 1194 11
37.75 8773 3 19 1194 11
37.875 8773 3 17 1196 11
38 8773 3 15 1198 11
38.125 8773 2 15 1199 11
38.25 8773 2 14 1200 11
38.375 8773 2 13 1201 11
38.5 8773 2 12 1202 11
38.625 8773 2 12 1202 11
38.75 8773 2 12 1202 11
38.875 8773 2 12 1202 11
39 8773 2 10 1204 11
39.125 8773 2 10 1204 11
39.25 8773 2 10 1204 11
39.375 8773 2 9 1205 11
39.5 8773 2 9 1205 11
39.625 8773 2 7 1207 11
39.75 8773 2 7 1207 11
39.875 8773 2 7 1207 11
40 8773 2 7 1207 11
40.125 8773 1 8 1207 11
40.25 8773 1 8 1207 11
40.375 8773 1 8 1207 11
40.5 8773 1 8 1207 11
40.625 8773 1 8 1207 11
40.75 8773 1 8 1207 11
40.875 8773 1 8 1207 11
41 8773 1 8 1207 11
41.125 8773 1 7 1208 11
41.25 8773 1 7 1208 11
41.375 8773 1 7 1208 11
41.5 8773 1 7 1208 11
41.625 8773 1 6 1209 11
41.75 8773 1 6 1209 11
41.875 8773 1 6 1209 11
42 8773 1 6 1209 11
42.125 8773 1 6 1209 11
42.25 8773 1 6 1209 11
42.375 8773 1 6 1209 11
42.5 8773 0 6 1210 11
42.625 8773 0 6 1210 11
42.75 8773 0 6 1210 11
42.875 8773 0 6 1210 11
43 8773 0 6 1210 11
43.125 8773 0 6 1210 11
43.25 8773 0 6 1210 11
43.375 8773 0 6 1210 11
43.5 8773 0 6 1210 11
43.625 8773 0 5 1211 11
43.75 8773 0 5 1211 11
43.875 8773 0 5 1211 11
44 8773 0 5 1211 11
44.125 8773 0 5 1211 11
44.25 8773 0 5 1211 11
44.375 8773 0 5 1211 11
44.5 8773 0 5 1211 11
44.625 8773 0 5 1211 11
44.75 8773 0 5 1211 11
44.875 8773 0 5 1211 11
45 8773 0 5 1211 11
45.125 8773 0 4 1212 11
45.25 8773 0 4 1212 11
45.375 8773 0 4 1212 11
45.5 8773 0 4 1212 11
45.625 8773 0 4 1212 11
45.75 8773 0 4 1212 11
45.875 8773 0 4 1212 11
46 8773 0 3 1213 11
46.125 8773 0 3 1213 11
46.25 8773 0 3 1213 11
46.375 8773 0 2 1214 11
46.5 8773 0 2 1214 11
46.625 8773 0 2 1214 11
46.75 8773 0 2 1214 11
46.875 8773 0 2 1214 11
47 8773 0 2 1214 11
47.125 8773 0 2 1214 11
47.25 8773 0 2 1214 11
47.375 8773 0 2 1214 11
47.5 8773 0 2 1214 11
47.625 8773 0 2 1214 11
47.75 8773 0 2 1214 11
47.875 8773 0 2 1214 11
48 8773 0 2 1214 11
48.125 8773 0 2 1214 11
48.25 8773 0 2 1214 11
48.375 8773 0 2 1214 11
48.5 8773 0 2 1214 11
48.625 8773 0 2 1214 11
48.75 8773 0 2 1214 11
48.875 8773 0 2 1214 11
49 8773 0 2 1214 11
49.125 8773 0 2 1214 11
49.25 8773 0 2 1214 11
49.375 8773 0 2 1214 11
49.5 8773 0 2 1214 11
49.625 8773 0 2 1214 11
49.75 8773 0 2 1214 11
49.875 8773 0 1 1215 11
50 8773 0 1 1215 11
50.125 8773 0 1 1215 11
50.25 8773 0 1 1215 11
50.375 8773 0 1 1215 11
50.5 8773 0 1 1215 11
50.625 8773 0 1 1215 11
50.75 8773 0 1 1215 11
50.875 8773 0 1 1215 11
51 8773 0 1 1215 11
51.125 8773 0 1 1215 11
51.25 8773 0 1 1215 11
51.375 8773 0 1 1215 11
51.5 8773 0 1 1215 11
51.625 8773 0 1 1215 11
51.75 8773 0 1 1215 11
51.875 8773 0 1 1215 11
52 8773 0 1 1215 11
52.125 8773 0 1 1215 11
52.25 8773 0 1 1215 11
52.375 8773 0 1 1215 11
52.5 8773 0 1 1215 11
52.625 8773 0 1 1215 11
52.75 8773 0 1 1215 11
52.875 8773 0 1 1215 11
53 8773 0 1 1215 11
53.125 8773 0 1 1215 11
53.25 8773 0 1 1215 11
53.375 8773 0 1 1215 11
53.5 8773 0 1 1215 11
53.625 8773 0 1 1215 11
53.75 8773 0 1 1215 11
53.875 8773 0 1 1215 11
54 8773 0 1 1215 11
54.125 8773 0 1 1215 11
54.25 8773 0 1 1215 11
54.375 8773 0 1 1215 11
54.5 8773 0 1 1215 11
54.625 8773 0 1 1215 11
54.75 8773 0 1 1215 11
54.875 8773 0 1 1215 11
55 8773 0 1 1215 11
55.125 8773 0 1 1215 11
55.25 8773 0 1 1215 11
55.375 8773 0 1 1215 11
55.5 8773 0 1 1215 11
55.625 8773 0 1 1215 11
55.75 8773 0 1 1215 11
55.875 8773 0 1 1215 11
56 8773 0 1 1215 11
56.125 8773 0 1 1215 11
56.25 8773 0 1 1215 11
56.375 8773 0 1 1215 11
56.5 8773 0 1 1215 11
56.625 8773 0 1 1215 11
56.75 8773 0 1 1215 11
56.875 8773 0 1 1215 11
57 8773 0 1 1215 11
57.125 8773 0 1 1215 11
57.25 8773 0 1 1215 11
57.375 8773 0 1 1215 11
57.5 8773 0 1 1215 11
57.625 8773 0 1 1215 11
57.75 8773 0 1 1215 11
57.875 8773 0 1 1215 11
58 8773 0 1 1215 11
58.125 8773 0 1 1215 11
58.25 8773 0 1 1215 11
58.375 8773 0 1 1215 11
58.5 8773 0 1 1215 11
58.625 8773 0 1 1215 11
58.75 8773 0 1 1215 11
58.875 8773 0 1 1215 11
59 8773 0 1 1215 11
59.125 8773 0 1 1215 11
59.25 8773 0 1 1215 11
59.375 8773 0 1 1215 11
59.5 8773 0 1 1215 11
59.625 8773 0 1 1215 11
59.75 8773 0 1 1215 11
59.875 8773 0 0 1216 11
