t S E I R D
0 9999 0 1 0 0
0.125 9999 0 1 0 0
0.25 9999 0 1 0 0
0.375 9999 0 1 0 0
0.5 9999 0 1 0 0
0.625 9999 0 1 0 0
0.75 9999 0 1 0 0
0.875 9999 0 1 0 0
1 9998 1 1 0 0
1.125 9998 1 1 0 0
1.25 9998 1 1 0 0
1.375 9998 1 1 0 0
1.5 9998 1 1 0 0
1.625 9998 1 1 0 0
1.75 9998 1 1 0 0
1.875 9998 1 1 0 0
2 9998 0 2 0 0
2.125 9998 0 2 0 0
2.25 9998 0 2 0 0
2.375 9997 1 2 0 0
2.5 9997 1 2 0 0
2.625 9997 1 2 0 0
2.75 9996 2 2 0 0
2.875 9996 2 2 0 0
3 9996 2 2 0 0
3.125 9996 2 2 0 0
3.25 9996 2 2 0 0
3.375 9996 2 2 0 0
3.5 9995 2 3 0 0
3.625 9992 5 3 0 0
3.75 9988 9 3 0 0
3.875 9982 15 3 0 0
4 9977 18 5 0 0
4.125 9972 22 6 0 0
4.25 9966 28 6 0 0
4.375 9959 30 11 0 0
4.5 9953 34 13 0 0
4.625 9945 41 14 0 0
4.75 9938 46 15 1 0
4.875 9934 48 17 1 0
5 9930 50 18 2 0
5.125 9928 48 22 2 0
5.25 9924 48 26 2 0
5.375 9916 54 28 2 0
5.5 9906 61 30 3 0
5.625 9898 67 32 3 0
5.75 9890 72 34 4 0
5.875 9882 77 36 5 0
6 9875 80 40 5 0
6.125 9867 83 45 5 0
6.25 9851 94 49 6 0
6.375 9842 103 48 7 0
6.5 9832 106 55 7 0
6.625 9828 105 59 8 0
6.75 9823 102 67 8 0
6.875 9819 102 68 11 0
7 9809 105 73 13 0
7.125 9796 112 78 14 0
7.25 9785 113 87 15 0
7.375 9772 117 96 15 0
7.5 9765 121 97 17 0
7.625 9759 123 101 17 0
7.75 9748 131 102 19 0
7.875 9732 141 107 20 0
8 9722 143 110 25 0
8.125 9703 155 110 32 0
8.25 9693 156 117 34 0
8.375 9669 166 131 34 0
8.5 9654 165 144 37 0
8.625 9641 164 155 40 0
8.75 9624 174 158 44 0
8.875 9603 185 167 45 0
9 9577 199 175 49 0
9.125 9551 216 182 51 0
9.25 9534 222 189 55 0
9.375 9511 229 197 63 0
9.5 9492 236 205 67 0
9.625 9460 252 216 72 0
9.75 9433 258 233 76 0
9.875 9410 266 243 81 0
10 9385 268 259 88 0
10.125 9348 290 268 94 0
10.25 9318 305 275 102 0
10.375 9302 303 288 107 0
10.5 9273 318 300 109 0
10.625 9246 328 307 119 0
10.75 9222 333 316 129 0
10.875 9196 342 326 136 0
11 9174 346 340 140 0
11.125 9140 358 353 149 0
11.25 9113 365 372 150 0
11.375 9089 363 392 156 0
11.5 9057 380 401 162 0
11.625 9019 393 420 168 0
11.75 8987 401 429 183 0
11.875 8951 408 451 190 0
12 8910 426 465 199 0
12.125 8867 440 485 208 0
12.25 8831 450 505 214 0
12.375 8790 472 511 227 0
12.5 8758 467 538 237 0
12.625 8718 478 557 247 0
12.75 8680 486 575 259 0
12.875 8643 505 584 268 0
13 8616 509 588 286 1
13.125 8602 488 614 294 2
13.25 8598 465 626 309 2
13.375 8596 448 631 323 2
13.5 8593 425 644 336 2
13.625 8589 403 659 347 2
13.75 8586 378 671 363 2
13.875 8583 350 684 380 3
14 8581 323 706 387 3
14.125 8579 308 705 405 3
14.25 8574 300 707 416 3
14.375 8573 290 706 428 3
14.5 8572 278 708 439 3
14.625 8569 263 710 454 4
14.75 8568 245 711 472 4
14.875 8567 232 705 491 5
15 8567 217 702 509 5
15.125 8566 212 696 521 5
15.25 8564 204 687 538 7
15.375 8561 195 681 556 7
15.5 8560 187 672 574 7
15.625 8559 181 662 591 7
15.75 8558 168 663 604 7
15.875 8558 157 662 616 7
16 8558 146 657 630 9
16.125 8558 135 648 650 9
16.25 8557 131 643 660 9
16.375 8557 127 629 678 9
16.5 8557 119 623 692 9
16.625 8556 110 617 708 9
16.75 8556 103 609 723 9
16.875 8556 97 599 737 11
17 8555 91 592 751 11
17.125 8552 86 590 761 11
17.25 8552 82 582 772 12
17.375 8550 81 577 780 12
17.5 8550 71 572 795 12
17.625 8550 68 566 804 12
17.75 8550 66 556 815 13
17.875 8550 61 554 822 13
18 8550 55 545 837 13
18.125 8550 53 535 849 13
18.25 8550 49 526 862 13
18.375 8550 46 514 876 14
18.5 8549 41 508 888 14
18.625 8548 40 506 892 14
18.75 8548 37 503 897 15
18.875 8548 35 497 905 15
19 8548 31 490 915 16
19.125 8548 28 480 927 17
19.25 8547 29 475 932 17
19.375 8547 29 463 944 17
19.5 8546 28 459 950 17
19.625 8546 27 448 962 17
19.75 8546 24 443 969 18
19.875 8546 21 434 981 18
20 8546 21 426 989 18
20.125 8546 18 420 998 18
20.25 8546 14 414 1008 18
20.375 8546 13 404 1019 18
20.5 8546 12 399 1025 18
20.625 8546 12 394 1030 18
20.75 8546 12 386 1038 18
20.875 8544 13 375 1049 19
21 8544 13 367 1057 19
21.125 8544 13 360 1064 19
21.25 8544 10 353 1074 19
21.375 8544 10 344 1083 19
21.5 8544 10 337 1090 19
21.625 8544 9 331 1097 19
21.75 8544 8 325 1104 19
21.875 8544 8 320 1109 19
22 8544 6 317 1114 19
22.125 8544 6 310 1120 20
22.25 8544 4 305 1127 20
22.375 8544 4 299 1133 20
22.5 8544 3 297 1136 20
22.625 8544 3 289 1144 20
22.75 8544 2 280 1154 20
22.875 8544 2 273 1161 20
23 8543 3 269 1165 20
23.125 8543 3 262 1172 20
23.25 8543 1 257 1179 20
23.375 8543 1 251 1185 20
23.5 8543 1 243 1193 20
23.625 8543 1 239 1197 20
23.75 8542 2 237 1199 20
23.875 8542 2 235 1201 20
24 8542 2 230 1205 21
24.125 8542 2 229 1206 21
24.25 8542 2 222 1213 21
24.375 8542 2 219 1216 21
24.5 8541 3 215 1220 21
24.625 8541 3 212 1223 21
24.75 8540 4 207 1228 21
24.875 8540 3 207 1229 21
25 8540 3 200 1236 21
25.125 8540 2 198 1239 21
25.25 8540 2 192 1245 21
25.375 8540 2 184 1253 21
25.5 8540 2 176 1261 21
25.625 8540 2 173 1264 21
25.75 8540 1 172 1266 21
25.875 8540 1 170 1268 21
26 8540 1 166 1272 21
26.125 8540 1 162 1276 21
26.25 8540 1 160 1278 21
26.375 8540 1 156 1282 21
26.5 8540 1 155 1283 21
26.625 8540 1 151 1287 21
26.75 8540 1 147 1291 21
26.875 8540 1 145 1293 21
27 8540 1 141 1297 21
27.125 8540 1 139 1299 21
27.25 8540 1 136 1302 21
27.375 8540 1 134 1304 21
27.5 8540 1 126 1312 21
27.625 8540 1 122 1316 21
27.75 8540 0 121 1318 21
27.875 8540 0 118 1321 21
28 8540 0 115 1324 21
28.125 8540 0 114 1325 21
28.25 8540 0 110 1329 21
28.375 8540 0 110 1329 21
28.5 8540 0 108 1331 21
28.625 8540 0 105 1334 21
28.75 8540 0 105 1334 21
28.875 8540 0 102 1337 21
29 8540 0 99 1340 21
29.125 8540 0 94 1345 21
29.25 8540 0 90 1349 21
29.375 8540 0 88 1351 21
29.5 8540 0 86 1353 21
29.625 8540 0 82 1357 21
29.75 8540 0 82 1357 21
29.875 8540 0 80 1359 21
30 8540 0 78 1361 21
30.125 8540 0 77 1362 21
30.25 8540 0 77 1362 21
30.375 8540 0 77 1362 21
30.5 8540 0 77 1362 21
30.625 8540 0 75 1364 21
30.75 8540 0 73 1366 21
30.875 8540 0 72 1367 21
31 8540 0 70 1369 21
31.125 8540 0 69 1370 21
31.25 8540 0 67 1372 21
31.375 8540 0 66 1373 21
31.5 8540 0 65 1374 21
31.625 8540 0 65 1374 21
31.75 8540 0 61 1378 21
31.875 8540 0 60 1379 21
32 8540 0 60 1379 21
32.125 8540 0 58 1381 21
32.25 8540 0 57 1382 21
32.375 8540 0 57 1382 21
32.5 8540 0 55 1384 21
32.625 8540 0 55 1384 21
32.75 8540 0 55 1384 21
32.875 8540 0 54 1385 21
33 8540 0 54 1385 21
33.125 8540 0 52 1387 21
33.25 8540 0 51 1388 21
33.375 8540 0 51 1388 21
33.5 8540 0 51 1388 21
33.625 8540 0 51 1388 21
33.75 8540 0 50 1389 21
33.875 8540 0 49 1390 21
34 8540 0 49 1390 21
34.125 8540 0 48 1391 21
34.25 8540 0 48 1391 21
34.375 8540 0 47 1392 21
34.5 8540 0 44 1395 21
34.625 8540 0 44 1395 21
34.75 8540 0 43 1396 21
34.875 8540 0 42 1397 21
35 8540 0 41 1398 21
35.125 8540 0 39 1400 21
35.25 8540 0 39 1400 21
35.375 8540 0 39 1400 21
35.5 8540 0 38 1401 21
35.625 8540 0 37 1402 21
35.75 8540 0 36 1403 21
35.875 8540 0 35 1404 21
36 8540 0 35 1404 21
36.125 8540 0 34 1405 21
36.25 8540 0 32 1407 21
36.375 8540 0 31 1408 21
36.5 8540 0 30 1409 21
36.625 8540 0 29 1410 21
36.75 8540 0 28 1411 21
36.875 8540 0 28 1411 21
37 8540 0 27 1412 21
37.125 8540 0 25 1414 21
37.25 8540 0 25 1414 21
37.375 8540 0 25 1414 21
37.5 8540 0 25 1414 21
37.625 8540 0 24 1415 21
37.75 8540 0 24 1415 21
37.875 8540 0 24 1415 21
38 8540 0 23 1416 21
38.125 8540 0 23 1416 21
38.25 8540 0 23 1416 21
38.375 8540 0 23 1416 21
38.5 8540 0 23 1416 21
38.625 8540 0 23 1416 21
38.75 8540 0 22 1417 21
38.875 8540 0 21 1418 21
39 8540 0 21 1418 21
39.125 8540 0 21 1418 21
39.25 8540 0 21 1418 21
39.375 8540 0 20 1419 21
39.5 8540 0 19 1420 21
39.625 8540 0 19 1420 21
39.75 8540 0 17 1422 21
39.875 8540 0 17 1422 21
40 8540 0 17 1422 21
40.125 8540 0 16 1423 21
40.25 8540 0 16 1423 21
40.375 8540 0 16 1423 21
40.5 8540 0 16 1423 21
40.625 8540 0 16 1423 21
40.75 8540 0 16 1423 21
40.875 8540 0 16 1423 21
41 8540 0 14 1425 21
41.125 8540 0 14 1425 21
41.25 8540 0 14 1425 21
41.375 8540 0 14 1425 21
41.5 8540 0 12 1427 21
41.625 8540 0 12 1427 21
41.75 8540 0 12 1427 21
41.875 8540 0 12 1427 21
42 8540 0 12 1427 21
42.125 8540 0 12 1427 21
42.25 8540 0 12 1427 21
42.375 8540 0 12 1427 21
42.5 8540 0 12 1427 21
42.625 8540 0 11 1428 21
42.75 8540 0 11 1428 21
42.875 8540 0 11 1428 21
43 8540 0 11 1428 21
43.125 8540 0 11 1428 21
43.25 8540 0 11 1428 21
43.375 8540 0 11 1428 21
43.5 8540 0 11 1428 21
43.625 8540 0 11 1428 21
43.75 8540 0 10 1429 21
43.875 8540 0 9 1430 21
44 8540 0 8 1431 21
44.125 8540 0 7 1432 21
44.25 8540 0 7 1432 21
44.375 8540 0 7 1432 21
44.5 8540 0 7 1432 21
44.625 8540 0 7 1432 21
44.75 8540 0 6 1433 21
44.875 8540 0 6 1433 21
45 8540 0 6 1433 21
45.125 8540 0 6 1433 21
45.25 8540 0 6 1433 21
45.375 8540 0 6 1433 21
45.5 8540 0 6 1433 21
45.625 8540 0 6 1433 21
45.75 8540 0 6 1433 21
45.875 8540 0 6 1433 21
46 8540 0 6 1433 21
46.125 8540 0 6 1433 21
46.25 8540 0 6 1433 21
46.375 8540 0 6 1433 21
46.5 8540 0 6 1433 21
46.625 8540 0 6 1433 21
46.75 8540 0 6 1433 21
46.875 8540 0 6 1433 21
47 8540 0 6 1433 21
47.125 8540 0 6 1433 21
47.25 8540 0 6 1433 21
47.375 8540 0 5 1434 21
47.5 8540 0 5 1434 21
47.625 8540 0 5 1434 21
47.75 8540 0 5 1434 21
47.875 8540 0 5 1434 21
48 8540 0 5 1434 21
48.125 8540 0 5 1434 21
48.25 8540 0 5 1434 21
48.375 8540 0 5 1434 21
48.5 8540 0 5 1434 21
48.625 8540 0 5 1434 21
48.75 8540 0 5 1434 21
48.875 8540 0 5 1434 21
49 8540 0 5 1434 21
49.125 8540 0 5 1434 21
49.25 8540 0 5 1434 21
49.375 8540 0 5 1434 21
49.5 8540 0 4 1435 21
49.625 8540 0 4 1435 21
49.75 8540 0 4 1435 21
49.875 8540 0 4 1435 21
50 8540 0 4 1435 21
50.125 8540 0 4 1435 21
50.25 8540 0 4 1435 21
50.375 8540 0 4 1435 21
50.5 8540 0 4 1435 21
50.625 8540 0 4 1435 21
50.75 8540 0 4 1435 21
50.875 8540 0 4 1435 21
51 8540 0 4 1435 21
51.125 8540 0 4 1435 21
51.25 8540 0 4 1435 21
51.375 8540 0 4 1435 21
51.5 8540 0 4 1435 21
51.625 8540 0 4 1435 21
51.75 8540 0 4 1435 21
51.875 8540 0 4 1435 21
52 8540 0 4 1435 21
52.125 8540 0 4 1435 21
52.25 8540 0 4 1435 21
52.375 8540 0 4 1435 21
52.5 8540 0 4 1435 21
52.625 8540 0 4 1435 21
52.75 8540 0 4 1435 21
52.875 8540 0 4 1435 21
53 8540 0 4 1435 21
53.125 8540 0 4 1435 21
53.25 8540 0 4 1435 21
53.375 8540 0 4 1435 21
53.5 8540 0 4 1435 21
53.625 8540 0 4 1435 21
53.75 8540 0 4 1435 21
53.875 8540 0 4 1435 21
54 8540 0 4 1435 21
54.125 8540 0 4 1435 21
54.25 8540 0 4 1435 21
54.375 8540 0 4 1435 21
54.5 8540 0 3 1436 21
54.625 8540 0 3 1436 21
54.75 8540 0 3 1436 21
54.875 8540 0 3 1436 21
55 8540 0 3 1436 21
55.125 8540 0 3 1436 21
55.25 8540 0 3 1436 21
55.375 8540 0 3 1436 21
55.5 8540 0 3 1436 21
55.625 8540 0 3 1436 21
55.75 8540 0 3 1436 21
55.875 8540 0 3 1436 21
56 8540 0 3 1436 21
56.125 8540 0 3 1436 21
56.25 8540 0 3 1436 21
56.375 8540 0 3 1436 21
56.5 8540 0 3 1436 21
56.625 8540 0 3 1436 21
56.75 8540 0 3 1436 21
56.875 8540 0 3 1436 21
57 8540 0 3 1436 21
57.125 8540 0 3 1436 21
57.25 8540 0 3 1436 21
57.375 8540 0 3 1436 21
57.5 8540 0 3 1436 21
57.625 8540 0 3 1436 21
57.75 8540 0 3 1436 21
57.875 8540 0 3 1436 21
58 8540 0 3 1436 21
58.125 8540 0 3 1436 21
58.25 8540 0 3 1436 21
58.375 8540 0 3 1436 21
58.5 8540 0 3 1436 21
58.625 8540 0 3 1436 21
58.75 8540 0 3 1436 21
58.875 8540 0 3 1436 21
59 8540 0 3 1436 21
59.125 8540 0 3 1436 21
59.25 8540 0 3 1436 21
59.375 8540 0 3 1436 21
59.5 8540 0 3 1436 21
59.625 8540 0 3 1436 21
59.75 8540 0 3 1436 21
59.875 8540 0 3 1436 21
60 8540 0 3 1436 21
60.125 8540 0 3 1436 21
60.25 8540 0 3 1436 21
60.375 8540 0 3 1436 21
60.5 8540 0 3 1436 21
60.625 8540 0 3 1436 21
60.75 8540 0 3 1436 21
60.875 8540 0 3 1436 21
61 8540 0 2 1437 21
61.125 8540 0 2 1437 21
61.25 8540 0 2 1437 21
61.375 8540 0 2 1437 21
61.5 8540 0 2 1437 21
61.625 8540 0 2 1437 21
61.75 8540 0 2 1437 21
61.875 8540 0 2 1437 21
62 8540 0 2 1437 21
62.125 8540 0 2 1437 21
62.25 8540 0 2 1437 21
62.375 8540 0 2 1437 21
62.5 8540 0 2 1437 21
62.625 8540 0 1 1438 21
62.75 8540 0 1 1438 21
62.875 8540 0 1 1438 21
63 8540 0 1 1438 21
63.125 8540 0 1 1438 21
63.25 8540 0 1 1438 21
63.375 8540 0 1 1438 21
63.5 8540 0 1 1438 21
63.625 8540 0 1 1438 21
63.75 8540 0 1 1438 21
63.875 8540 0 1 1438 21
64 8540 0 1 1438 21
64.125 8540 0 1 1438 21
64.25 8540 0 1 1438 21
64.375 8540 0 1 1438 21
64.5 8540 0 1 1438 21
64.625 8540 0 1 1438 21
64.75 8540 0 1 1438 21
64.875 8540 0 1 1438 21
65 8540 0 1 1438 21
65.125 8540 0 1 1438 21
65.25 8540 0 0 1439 21
