t S E I R D
0 9999 0 1 0 0
0.125 9999 0 1 0 0
0.25 9999 0 1 0 0
0.375 9999 0 1 0 0
0.5 9999 0 1 0 0
0.625 9999 0 1 0 0
0.75 9999 0 1 0 0
0.875 9999 0 1 0 0
1 9999 0 1 0 0
1.125 9999 0 1 0 0
1.25 9999 0 1 0 0
1.375 9999 0 1 0 0
1.5 9999 0 1 0 0
1.625 9999 0 1 0 0
1.75 9999 0 1 0 0
1.875 9998 1 1 0 0
2 9998 1 1 0 0
2.125 9998 1 1 0 0
2.25 9997 2 1 0 0
2.375 9997 2 1 0 0
2.5 9997 2 1 0 0
2.625 9997 2 1 0 0
2.75 9997 1 2 0 0
2.875 9996 2 2 0 0
3 9996 2 2 0 0
3.125 9996 2 2 0 0
3.25 9995 3 2 0 0
3.375 9995 3 2 0 0
3.5 9995 3 2 0 0
3.625 9995 3 1 1 0
3.75 9995 2 2 1 0
3.875 9995 1 3 1 0
4 9995 1 3 1 0
4.125 9994 2 3 1 0
4.25 9991 5 3 1 0
4.375 9991 5 3 1 0
4.5 9989 7 3 1 0
4.625 9988 8 3 1 0
4.75 9988 8 3 1 0
4.875 9986 10 3 1 0
5 9986 9 4 1 0
5.125 9985 10 4 1 0
5.25 9981 13 5 1 0
5.375 9980 12 7 1 0
5.5 9980 11 8 1 0
5.625 9978 13 7 2 0
5.75 9975 14 9 2 0
5.875 9972 16 9 3 0
6 9972 15 10 3 0
6.125 9970 15 12 3 0
6.25 9968 15 14 3 0
6.375 9967 15 14 4 0
6.5 9964 17 13 6 0
6.625 9960 21 13 6 0
6.75 9958 20 16 6 0
6.875 9955 23 16 6 0
7 9949 29 16 6 0
7.125 9946 32 16 6 0
7.25 9941 36 17 6 0
7.375 9934 42 17 7 0
7.5 9931 43 18 8 0
7.625 9925 48 19 8 0
7.75 9920 47 25 8 0
7.875 9914 51 26 9 0
8 9911 48 30 11 0
8.125 9908 45 35 12 0
8.25 9900 50 37 13 0
8.375 9894 51 41 14 0
8.5 9886 57 42 15 0
8.625 9882 58 45 15 0
8.75 9878 61 45 16 0
8.875 9872 64 47 17 0
9 9861 70 50 19 0
9.125 9853 77 50 20 0
9.25 9847 83 49 21 0
9.375 9834 91 52 23 0
9.5 9827 91 57 25 0
9.625 9807 105 60 28 0
9.75 9797 108 66 29 0
9.875 9784 112 73 31 0
10 9768 123 78 31 0
10.125 9755 128 84 33 0
10.25 9744 129 92 35 0
10.375 9730 135 97 38 0
10.5 9712 144 104 40 0
10.625 9699 150 108 42 1
10.75 9698 147 111 43 1
10.875 9698 139 119 43 1
11 9694 137 121 47 1
11.125 9691 133 124 51 1
11.25 9689 125 128 57 1
11.375 9687 118 133 61 1
11.5 9687 110 140 62 1
11.625 9684 104 146 65 1
11.75 9684 97 151 67 1
11.875 9683 93 152 71 1
12 9681 88 158 72 1
12.125 9680 86 155 78 1
12.25 9678 83 157 81 1
12.375 9677 78 155 89 1
12.5 9674 79 150 96 1
12.625 9673 76 150 100 1
12.75 9668 75 154 102 1
12.875 9665 73 154 107 1
13 9665 67 158 109 1
13.125 9663 63 159 114 1
13.25 9662 56 162 119 1
13.375 9659 55 160 124 2
13.5 9659 52 158 129 2
13.625 9659 50 156 133 2
13.75 9658 50 155 135 2
13.875 9657 48 156 137 2
14 9655 47 159 137 2
14.125 9655 44 159 139 3
14.25 9655 39 161 142 3
14.375 9654 38 156 148 4
14.5 9654 35 153 154 4
14.625 9654 33 150 159 4
14.75 9654 30 151 161 4
14.875 9654 29 150 163 4
15 9653 29 146 168 4
15.125 9650 30 145 171 4
15.25 9649 29 143 175 4
15.375 9649 27 142 178 4
15.5 9649 24 140 183 4
15.625 9649 21 139 186 5
15.75 9649 21 138 187 5
15.875 9649 21 136 189 5
16 9649 18 137 191 5
16.125 9649 17 135 194 5
16.25 9649 13 133 200 5
16.375 9649 12 132 202 5
16.5 9648 11 131 205 5
16.625 9647 12 130 206 5
16.75 9647 11 128 209 5
16.875 9647 10 126 212 5
17 9647 10 125 213 5
17.125 9647 10 122 216 5
17.25 9646 11 118 220 5
17.375 9646 11 113 225 5
17.5 9646 10 111 228 5
17.625 9646 10 105 234 5
17.75 9646 10 102 237 5
17.875 9645 9 102 239 5
18 9645 9 99 242 5
18.125 9645 7 96 247 5
18.25 9645 7 95 248 5
18.375 9645 5 95 250 5
18.5 9645 5 93 252 5
18.625 9645 4 93 253 5
18.75 9645 4 89 256 6
18.875 9645 4 87 258 6
19 9645 4 87 258 6
19.125 9645 4 87 258 6
19.25 9645 4 85 260 6
19.375 9645 4 82 263 6
19.5 9644 5 81 264 6
19.625 9644 4 82 264 6
19.75 9643 5 80 266 6
19.875 9643 5 80 266 6
20 9643 5 79 267 6
20.125 9643 5 77 269 6
20.25 9643 5 73 273 6
20.375 9643 4 72 275 6
20.5 9643 4 71 276 6
20.625 9643 4 69 278 6
20.75 9643 4 67 280 6
20.875 9643 3 66 282 6
21 9643 3 63 285 6
21.125 9643 3 62 286 6
21.25 9643 3 61 287 6
21.375 9643 3 61 287 6
21.5 9643 2 62 287 6
21.625 9643 2 61 288 6
21.75 9643 2 60 289 6
21.875 9643 2 60 289 6
22 9643 2 59 290 6
22.125 9643 2 56 292 7
22.25 9642 3 53 295 7
22.375 9642 2 50 298 8
22.5 9642 2 50 298 8
22.625 9642 2 49 299 8
22.75 9642 2 46 302 8
22.875 9642 2 45 303 8
23 9642 2 44 304 8
23.125 9642 2 42 306 8
23.25 9642 2 41 307 8
23.375 9642 2 41 307 8
23.5 9642 2 41 307 8
23.625 9642 2 41 307 8
23.75 9642 2 37 311 8
23.875 9642 2 35 313 8
24 9642 2 34 314 8
24.125 9642 2 33 315 8
24.25 9642 2 33 315 8
24.375 9642 2 33 315 8
24.5 9642 2 33 315 8
24.625 9642 2 33 315 8
24.75 9642 2 33 315 8
24.875 9642 2 32 316 8
25 9642 2 30 318 8
25.125 9642 2 30 318 8
25.25 9642 2 28 320 8
25.375 9642 2 28 320 8
25.5 9642 2 28 320 8
25.625 9642 1 28 321 8
25.75 9642 1 28 321 8
25.875 9642 1 28 321 8
26 9642 1 28 321 8
26.125 9642 1 28 321 8
26.25 9642 1 28 321 8
26.375 9642 1 28 321 8
26.5 9642 1 28 321 8
26.625 9642 1 28 321 8
26.75 9642 1 28 321 8
26.875 9642 1 28 321 8
27 9642 1 28 321 8
27.125 9642 1 28 321 8
27.25 9642 1 27 322 8
27.375 9642 1 27 322 8
27.5 9642 1 24 325 8
27.625 9642 1 23 326 8
27.75 9642 1 23 326 8
27.875 9642 1 22 327 8
28 9642 1 22 327 8
28.125 9642 1 21 328 8
28.25 9642 1 21 328 8
28.375 9642 1 21 328 8
28.5 9642 1 21 328 8
28.625 9642 1 21 328 8
28.75 9642 1 21 328 8
28.875 9642 0 22 328 8
29 9642 0 22 328 8
29.125 9642 0 22 328 8
29.25 9642 0 22 328 8
29.375 9642 0 22 328 8
29.5 9642 0 22 328 8
29.625 9642 0 21 329 8
29.75 9642 0 19 331 8
29.875 9642 0 17 333 8
30 9642 0 17 333 8
30.125 9642 0 17 333 8
30.25 9642 0 16 334 8
30.375 9642 0 16 334 8
30.5 9642 0 15 335 8
30.625 9642 0 15 335 8
30.75 9642 0 14 336 8
30.875 9642 0 14 336 8
31 9642 0 14 336 8
31.125 9642 0 14 336 8
31.25 9642 0 13 337 8
31.375 9642 0 12 338 8
31.5 9642 0 12 338 8
31.625 9642 0 12 338 8
31.75 9642 0 12 338 8
31.875 9642 0 12 338 8
32 9642 0 12 338 8
32.125 9642 0 12 338 8
32.25 9642 0 12 338 8
32.375 9642 0 11 339 8
32.5 9642 0 11 339 8
32.625 9642 0 10 340 8
32.75 9642 0 10 340 8
32.875 9642 0 10 340 8
33 9642 0 10 340 8
33.125 9642 0 10 340 8
33.25 9642 0 10 340 8
33.375 9642 0 10 340 8
33.5 9642 0 10 340 8
33.625 9642 0 9 341 8
33.75 9642 0 8 342 8
33.875 9642 0 6 344 8
34 9642 0 6 344 8
34.125 9642 0 6 344 8
34.25 9642 0 6 344 8
34.375 9642 0 6 344 8
34.5 9642 0 6 344 8
34.625 9642 0 6 344 8
34.75 9642 0 6 344 8
34.875 9642 0 6 344 8
35 9642 0 6 344 8
35.125 9642 0 6 344 8
35.25 9642 0 4 346 8
35.375 9642 0 3 347 8
35.5 9642 0 3 347 8
35.625 9642 0 3 347 8
35.75 9642 0 3 347 8
35.875 9642 0 3 347 8
36 9642 0 3 347 8
36.125 9642 0 3 347 8
36.25 9642 0 3 347 8
36.375 9642 0 3 347 8
36.5 9642 0 3 347 8
36.625 9642 0 3 347 8
36.75 9642 0 2 348 8
36.875 9642 0 2 348 8
37 9642 0 2 348 8
37.125 9642 0 2 348 8
37.25 9642 0 2 348 8
37.375 9642 0 2 348 8
37.5 9642 0 2 348 8
37.625 9642 0 2 348 8
37.75 9642 0 2 348 8
37.875 9642 0 2 348 8
38 9642 0 2 348 8
38.125 9642 0 2 348 8
38.25 9642 0 2 348 8
38.375 9642 0 2 348 8
38.5 9642 0 2 348 8
38.625 9642 0 2 348 8
38.75 9642 0 2 348 8
38.875 9642 0 1 349 8
39 9642 0 1 349 8
39.125 9642 0 1 349 8
39.25 9642 0 1 349 8
39.375 9642 0 1 349 8
39.5 9642 0 1 349 8
39.625 9642 0 1 349 8
39.75 9642 0 1 349 8
39.875 9642 0 1 349 8
40 9642 0 1 349 8
40.125 9642 0 1 349 8
40.25 9642 0 1 349 8
40.375 9642 0 1 349 8
40.5 9642 0 1 349 8
40.625 9642 0 1 349 8
40.75 9642 0 1 349 8
40.875 9642 0 1 349 8
41 9642 0 1 349 8
41.125 9642 0 1 349 8
41.25 9642 0 1 349 8
41.375 9642 0 1 349 8
41.5 9642 0 1 349 8
41.625 9642 0 1 349 8
41.75 9642 0 1 349 8
41.875 9642 0 1 349 8
42 9642 0 1 349 8
42.125 9642 0 1 349 8
42.25 9642 0 1 349 8
42.375 9642 0 1 349 8
42.5 9642 0 1 349 8
42.625 9642 0 1 349 8
42.75 9642 0 1 349 8
42.875 9642 0 1 349 8
43 9642 0 1 349 8
43.125 9642 0 1 349 8
43.25 9642 0 1 349 8
43.375 9642 0 1 349 8
43.5 9642 0 1 349 8
43.625 9642 0 1 349 8
43.75 9642 0 1 349 8
43.875 9642 0 1 349 8
44 9642 0 1 349 8
44.125 9642 0 1 349 8
44.25 9642 0 1 349 8
44.375 9642 0 1 349 8
44.5 9642 0 1 349 8
44.625 9642 0 1 349 8
44.75 9642 0 1 349 8
44.875 9642 0 1 349 8
45 9642 0 1 349 8
45.125 9642 0 1 349 8
45.25 9642 0 1 349 8
45.375 9642 0 1 349 8
45.5 9642 0 1 349 8
45.625 9642 0 1 349 8
45.75 9642 0 1 349 8
45.875 9642 0 1 349 8
46 9642 0 1 349 8
46.125 9642 0 1 349 8
46.25 9642 0 1 349 8
46.375 9642 0 1 349 8
46.5 9642 0 1 349 8
46.625 9642 0 1 349 8
46.75 9642 0 1 349 8
46.875 9642 0 1 349 8
47 9642 0 1 349 8
47.125 9642 0 1 349 8
47.25 9642 0 1 349 8
47.375 9642 0 1 349 8
47.5 9642 0 1 349 8
47.625 9642 0 1 349 8
47.75 9642 0 1 349 8
47.875 9642 0 1 349 8
48 9642 0 1 349 8
48.125 9642 0 1 349 8
48.25 9642 0 1 349 8
48.375 9642 0 1 349 8
48.5 9642 0 1 349 8
48.625 9642 0 1 349 8
48.75 9642 0 0 350 8
