t S E I R D
0 9998 0 2 0 0
0.125 9998 0 2 0 0
0.25 9998 0 2 0 0
0.375 9998 0 2 0 0
0.5 9998 0 2 0 0
0.625 9998 0 2 0 0
0.75 9997 1 2 0 0
0.875 9997 1 2 0 0
1 9997 1 2 0 0
1.125 9997 1 2 0 0
1.25 9997 1 1 1 0
1.375 9997 1 1 1 0
1.5 9997 1 1 1 0
1.625 9997 1 1 1 0
1.75 9997 0 2 1 0
1.875 9997 0 2 1 0
2 9997 0 2 1 0
2.125 9997 0 2 1 0
2.25 9997 0 2 1 0
2.375 9997 0 2 1 0
2.5 9997 0 2 1 0
2.625 9997 0 2 1 0
2.75 9997 0 2 1 0
2.875 9997 0 1 2 0
3 9997 0 1 2 0
3.125 9997 0 1 2 0
3.25 9997 0 1 2 0
3.375 9997 0 1 2 0
3.5 9997 0 1 2 0
3.625 9997 0 1 2 0
3.75 9997 0 1 2 0
3.875 9997 0 1 2 0
4 9997 0 1 2 0
4.125 9997 0 1 2 0
4.25 9997 0 1 2 0
4.375 9997 0 1 2 0
4.5 9997 0 1 2 0
4.625 9997 0 1 2 0
4.75 9997 0 1 2 0
4.875 9997 0 1 2 0
5 9997 0 1 2 0
5.125 9997 0 1 2 0
5.25 9997 0 1 2 0
5.375 9997 0 1 2 0
5.5 9997 0 1 2 0
5.625 9996 1 1 2 0
5.75 9996 1 1 2 0
5.875 9996 1 1 2 0
6 9996 0 2 2 0
6.125 9996 0 2 2 0
6.25 9996 0 1 3 0
6.375 9996 0 1 3 0
6.5 9996 0 1 3 0
6.625 9996 0 1 3 0
6.75 9995 1 1 3 0
6.875 9995 1 1 3 0
7 9995 1 1 3 0
7.125 9995 1 1 3 0
7.25 9995 1 1 3 0
7.375 9995 1 1 3 0
7.5 9995 1 1 3 0
7.625 9995 0 2 3 0
7.75 9994 1 2 3 0
7.875 9994 1 2 3 0
8 9994 0 3 3 0
8.125 9994 0 3 3 0
8.25 9994 0 3 3 0
8.375 9994 0 3 3 0
8.5 9994 0 3 3 0
8.625 9993 1 3 3 0
8.75 9993 1 3 3 0
8.875 9993 1 3 3 0
9 9993 1 3 3 0
9.125 9993 1 3 3 0
9.25 9992 2 3 3 0
9.375 9992 2 3 3 0
9.5 9992 2 3 3 0
9.625 9991 2 4 3 0
9.75 9991 2 4 3 0
9.875 9991 2 4 3 0
10 9991 0 6 3 0
10.125 9989 2 6 3 0
10.25 9989 2 6 3 0
10.375 9987 4 6 3 0
10.5 9985 6 6 3 0
10.625 9985 6 5 4 0
10.75 9985 5 6 4 0
10.875 9984 6 6 4 0
11 9984 6 6 4 0
11.125 9983 7 6 4 0
11.25 9983 7 6 4 0
11.375 9981 9 6 4 0
11.5 9981 8 7 4 0
11.625 9981 7 8 4 0
11.75 9980 8 7 5 0
11.875 9979 9 7 5 0
12 9978 8 9 5 0
12.125 9978 8 9 5 0
12.25 9978 8 9 5 0
12.375 9977 9 9 5 0
12.5 9975 11 9 5 0
12.625 9974 10 11 5 0
12.75 9963 21 11 5 0
12.875 9952 32 11 5 0
13 9942 40 13 5 0
13.125 9932 46 17 5 0
13.25 9920 55 20 5 0
13.375 9914 60 21 5 0
13.5 9901 69 25 5 0
13.625 9892 72 31 5 0
13.75 9874 83 38 5 0
13.875 9844 106 45 5 0
14 9824 112 59 5 0
14.125 9796 133 63 8 0
14.25 9767 151 74 8 0
14.375 9748 156 88 8 0
14.5 9714 180 95 11 0
14.625 9683 199 104 14 0
14.75 9654 215 117 14 0
14.875 9631 225 128 16 0
15 9591 250 141 18 0
15.125 9548 282 152 18 0
15.25 9500 309 169 22 0
15.375 9466 324 186 24 0
15.5 9419 354 199 28 0
15.625 9377 375 216 32 0
15.75 9339 391 233 37 0
15.875 9297 407 255 41 0
16 9257 421 275 47 0
16.125 9222 429 295 54 0
16.25 9174 448 314 64 0
16.375 9128 462 341 68 1
16.5 9119 440 367 73 1
16.625 9116 404 398 81 1
16.75 9105 395 414 85 1
16.875 9093 383 430 93 1
17 9086 370 441 101 2
17.125 9083 351 458 106 2
17.25 9080 330 469 118 3
17.375 9073 319 474 131 3
17.5 9072 299 489 137 3
17.625 9068 281 507 141 3
17.75 9064 265 520 148 3
17.875 9063 239 540 155 3
18 9057 223 549 168 3
18.125 9053 208 560 176 3
18.25 9045 198 565 189 3
18.375 9042 189 566 200 3
18.5 9039 176 573 209 3
18.625 9032 173 569 222 4
18.75 9026 168 567 235 4
18.875 9023 163 568 242 4
19 9022 157 566 251 4
19.125 9019 153 560 264 4
19.25 9016 150 554 276 4
19.375 9013 142 558 283 4
19.5 9012 134 556 294 4
19.625 9008 128 558 302 4
19.75 9003 125 557 311 4
19.875 9000 119 557 320 4
20 8992 119 558 327 4
20.125 8991 109 556 340 4
20.25 8986 109 548 353 4
20.375 8985 104 543 364 4
20.5 8982 97 543 374 4
20.625 8979 94 540 382 5
20.75 8973 97 535 390 5
20.875 8971 93 531 400 5
21 8968 86 530 411 5
21.125 8968 82 519 426 5
21.25 8967 79 520 429 5
21.375 8964 78 509 443 6
21.5 8963 77 505 449 6
21.625 8959 74 508 453 6
21.75 8957 75 501 460 7
21.875 8956 73 496 468 7
22 8956 70 486 480 8
22.125 8955 67 486 484 8
22.25 8955 65 479 493 8
22.375 8955 60 479 498 8
22.5 8954 58 477 503 8
22.625 8954 52 477 509 8
22.75 8954 49 475 514 8
22.875 8951 52 464 525 8
23 8951 50 453 538 8
23.125 8951 48 445 548 8
23.25 8951 46 441 554 8
23.375 8951 40 441 560 8
23.5 8951 37 436 568 8
23.625 8950 37 428 577 8
23.75 8950 35 419 587 9
23.875 8948 35 417 591 9
24 8947 36 402 606 9
24.125 8945 35 395 616 9
24.25 8945 31 386 627 11
24.375 8945 30 378 636 11
24.5 8945 26 376 642 11
24.625 8944 25 371 649 11
24.75 8941 27 363 658 11
24.875 8941 27 354 667 11
25 8941 25 348 675 11
25.125 8941 21 345 682 11
25.25 8940 21 338 690 11
25.375 8940 21 328 700 11
25.5 8940 20 321 708 11
25.625 8939 21 312 717 11
25.75 8938 22 307 722 11
25.875 8937 22 306 724 11
26 8937 21 300 731 11
26.125 8937 17 295 740 11
26.25 8937 15 286 751 11
26.375 8937 15 283 754 11
26.5 8936 13 283 757 11
26.625 8936 11 280 762 11
26.75 8935 11 275 768 11
26.875 8935 11 266 777 11
27 8934 12 262 781 11
27.125 8934 10 262 783 11
27.25 8933 9 256 790 12
27.375 8933 5 251 799 12
27.5 8933 4 249 802 12
27.625 8932 5 247 804 12
27.75 8931 6 243 808 12
27.875 8931 6 234 817 12
28 8931 5 231 821 12
28.125 8931 5 225 827 12
28.25 8930 6 221 831 12
28.375 8930 6 212 840 12
28.5 8929 6 210 843 12
28.625 8929 5 205 849 12
28.75 8929 4 201 853 13
28.875 8929 4 198 856 13
29 8929 4 192 862 13
29.125 8929 4 188 866 13
29.25 8929 4 186 868 13
29.375 8929 4 183 871 13
29.5 8929 4 178 876 13
29.625 8929 4 172 882 13
29.75 8929 4 170 884 13
29.875 8929 3 165 889 14
30 8929 3 158 896 14
30.125 8928 4 156 898 14
30.25 8927 5 155 899 14
30.375 8927 5 148 906 14
30.5 8927 5 144 910 14
30.625 8927 5 141 913 14
30.75 8925 6 141 914 14
30.875 8925 6 141 914 14
31 8925 6 136 919 14
31.125 8925 6 134 921 14
31.25 8925 5 132 924 14
31.375 8925 5 130 926 14
31.5 8925 5 127 929 14
31.625 8925 5 125 931 14
31.75 8925 5 121 935 14
31.875 8925 4 121 936 14
32 8925 4 120 937 14
32.125 8924 5 119 938 14
32.25 8924 5 118 939 14
32.375 8924 5 117 940 14
32.5 8924 5 115 942 14
32.625 8924 5 110 947 14
32.75 8924 5 109 948 14
32.875 8924 5 104 953 14
33 8924 5 101 956 14
33.125 8923 5 101 957 14
33.25 8923 5 99 959 14
33.375 8923 5 99 959 14
33.5 8923 4 97 962 14
33.625 8923 3 98 962 14
33.75 8923 3 97 963 14
33.875 8923 3 94 966 14
34 8923 3 91 969 14
34.125 8923 3 91 969 14
34.25 8923 3 89 971 14
34.375 8923 3 86 974 14
34.5 8923 3 85 975 14
34.625 8923 3 85 975 14
34.75 8923 3 83 977 14
34.875 8923 3 82 978 14
35 8923 3 81 979 14
35.125 8923 3 79 981 14
35.25 8923 3 75 985 14
35.375 8922 4 74 986 14
35.5 8922 4 74 986 14
35.625 8922 4 70 990 14
35.75 8922 4 69 991 14
35.875 8922 3 70 991 14
36 8922 3 69 992 14
36.125 8922 2 69 993 14
36.25 8922 2 65 997 14
36.375 8922 2 65 997 14
36.5 8922 1 62 1001 14
36.625 8922 1 60 1003 14
36.75 8922 1 58 1005 14
36.875 8922 1 57 1006 14
37 8922 1 57 1006 14
37.125 8922 1 57 1006 14
37.25 8922 1 57 1006 14
37.375 8922 1 57 1006 14
37.5 8922 1 56 1007 14
37.625 8922 1 55 1008 14
37.75 8922 1 53 1010 14
37.875 8922 1 53 1010 14
38 8922 1 50 1013 14
38.125 8922 1 48 1015 14
38.25 8922 1 48 1015 14
38.375 8922 1 47 1016 14
38.5 8922 1 46 1017 14
38.625 8922 1 44 1019 14
38.75 8922 1 43 1020 14
38.875 8922 0 43 1021 14
39 8922 0 41 1023 14
39.125 8922 0 40 1024 14
39.25 8922 0 40 1024 14
39.375 8922 0 40 1024 14
39.5 8922 0 40 1024 14
39.625 8922 0 39 1025 14
39.75 8922 0 39 1025 14
39.875 8922 0 37 1027 14
40 8922 0 36 1028 14
40.125 8922 0 36 1028 14
40.25 8922 0 36 1028 14
40.375 8922 0 36 1028 14
40.5 8922 0 36 1028 14
40.625 8922 0 36 1028 14
40.75 8922 0 35 1029 14
40.875 8922 0 35 1029 14
41 8922 0 34 1030 14
41.125 8922 0 34 1030 14
41.25 8922 0 33 1031 14
41.375 8922 0 33 1031 14
41.5 8922 0 33 1031 14
41.625 8922 0 31 1033 14
41.75 8922 0 28 1036 14
41.875 8922 0 28 1036 14
42 8922 0 27 1037 14
42.125 8922 0 27 1037 14
42.25 8922 0 26 1038 14
42.375 8922 0 23 1041 14
42.5 8922 0 23 1041 14
42.625 8922 0 22 1042 14
42.75 8922 0 21 1043 14
42.875 8922 0 20 1044 14
43 8922 0 18 1046 14
43.125 8922 0 18 1046 14
43.25 8922 0 18 1046 14
43.375 8922 0 17 1047 14
43.5 8922 0 17 1047 14
43.625 8922 0 16 1048 14
43.75 8922 0 16 1048 14
43.875 8922 0 16 1048 14
44 8922 0 15 1048 15
44.125 8922 0 15 1048 15
44.25 8922 0 15 1048 15
44.375 8922 0 15 1048 15
44.5 8922 0 15 1048 15
44.625 8922 0 15 1048 15
44.75 8922 0 15 1048 15
44.875 8922 0 15 1048 15
45 8922 0 15 1048 15
45.125 8922 0 15 1048 15
45.25 8922 0 15 1048 15
45.375 8922 0 15 1048 15
45.5 8922 0 14 1049 15
45.625 8922 0 14 1049 15
45.75 8922 0 14 1049 15
45.875 8922 0 14 1049 15
46 8922 0 14 1049 15
46.125 8922 0 14 1049 15
46.25 8922 0 14 1049 15
46.375 8922 0 12 1051 15
46.5 8922 0 12 1051 15
46.625 8922 0 12 1051 15
46.75 8922 0 12 1051 15
46.875 8922 0 12 1051 15
47 8922 0 12 1051 15
47.125 8922 0 12 1051 15
47.25 8922 0 12 1051 15
47.375 8922 0 12 1051 15
47.5 8922 0 12 1051 15
47.625 8922 0 12 1051 15
47.75 8922 0 12 1051 15
47.875 8922 0 12 1051 15
48 8922 0 12 1051 15
48.125 8922 0 12 1051 15
48.25 8922 0 12 1051 15
48.375 8922 0 12 1051 15
48.5 8922 0 12 1051 15
48.625 8922 0 12 1051 15
48.75 8922 0 12 1051 15
48.875 8922 0 11 1052 15
49 8922 0 11 1052 15
49.125 8922 0 10 1053 15
49.25 8922 0 10 1053 15
49.375 8922 0 10 1053 15
49.5 8922 0 10 1053 15
49.625 8922 0 10 1053 15
49.75 8922 0 9 1053 16
49.875 8922 0 9 1053 16
50 8922 0 9 1053 16
50.125 8922 0 9 1053 16
50.25 8922 0 9 1053 16
50.375 8922 0 8 1054 16
50.5 8922 0 8 1054 16
50.625 8922 0 8 1054 16
50.75 8922 0 8 1054 16
50.875 8922 0 8 1054 16
51 8922 0 8 1054 16
51.125 8922 0 8 1054 16
51.25 8922 0 8 1054 16
51.375 8922 0 7 1055 16
51.5 8922 0 6 1056 16
51.625 8922 0 5 1057 16
51.75 8922 0 5 1057 16
51.875 8922 0 5 1057 16
52 8922 0 5 1057 16
52.125 8922 0 5 1057 16
52.25 8922 0 5 1057 16
52.375 8922 0 4 1058 16
52.5 8922 0 4 1058 16
52.625 8922 0 4 1058 16
52.75 8922 0 4 1058 16
52.875 8922 0 4 1058 16
53 8922 0 4 1058 16
53.125 8922 0 4 1058 16
53.25 8922 0 4 1058 16
53.375 8922 0 4 1058 16
53.5 8922 0 4 1058 16
53.625 8922 0 4 1058 16
53.75 8922 0 4 1058 16
53.875 8922 0 4 1058 16
54 8922 0 4 1058 16
54.125 8922 0 3 1059 16
54.25 8922 0 3 1059 16
54.375 8922 0 3 1059 16
54.5 8922 0 3 1059 16
54.625 8922 0 3 1059 16
54.75 8922 0 3 1059 16
54.875 8922 0 2 1060 16
55 8922 0 2 1060 16
55.125 8922 0 2 1060 16
55.25 8922 0 2 1060 16
55.375 8922 0 1 1060 17
55.5 8922 0 1 1060 17
55.625 8922 0 1 1060 17
55.75 8922 0 1 1060 17
55.875 8922 0 1 1060 17
56 8922 0 1 1060 17
56.125 8922 0 1 1060 17
56.25 8922 0 1 1060 17
56.375 8922 0 1 1060 17
56.5 8922 0 1 1060 17
56.625 8922 0 1 1060 17
56.75 8922 0 1 1060 17
56.875 8922 0 1 1060 17
57 8922 0 1 1060 17
57.125 8922 0 1 1060 17
57.25 8922 0 1 1060 17
57.375 8922 0 1 1060 17
57.5 8922 0 1 1060 17
57.625 8922 0 1 1060 17
57.75 8922 0 1 1060 17
57.875 8922 0 1 1060 17
58 8922 0 1 1060 17
58.125 8922 0 1 1060 17
58.25 8922 0 1 1060 17
58.375 8922 0 1 1060 17
58.5 8922 0 1 1060 17
58.625 8922 0 1 1060 17
58.75 8922 0 1 1060 17
58.875 8922 0 1 1060 17
59 8922 0 1 1060 17
59.125 8922 0 1 1060 17
59.25 8922 0 1 1060 17
59.375 8922 0 1 1060 17
59.5 8922 0 1 1060 17
59.625 8922 0 0 1061 17
