t S E I R D
0 9998 0 2 0 0
0.125 9998 0 2 0 0
0.25 9998 0 2 0 0
0.375 9998 0 2 0 0
0.5 9998 0 2 0 0
0.625 9998 0 2 0 0
0.75 9998 0 2 0 0
0.875 9998 0 2 0 0
1 9998 0 2 0 0
1.125 9998 0 1 1 0
1.25 9998 0 1 1 0
1.375 9998 0 1 1 0
1.5 9998 0 1 1 0
1.625 9998 0 1 1 0
1.75 9998 0 1 1 0
1.875 9998 0 1 1 0
2 9998 0 1 1 0
2.125 9998 0 1 1 0
2.25 9998 0 1 1 0
2.375 9998 0 1 1 0
2.5 9996 2 1 1 0
2.625 9996 2 1 1 0
2.75 9996 2 1 1 0
2.875 9996 2 1 1 0
3 9996 2 1 1 0
3.125 9996 2 1 1 0
3.25 9996 2 1 1 0
3.375 9996 2 1 1 0
3.5 9996 2 1 1 0
3.625 9996 2 1 1 0
3.75 9996 2 1 1 0
3.875 9996 2 1 1 0
4 9996 2 1 1 0
4.125 9996 2 1 1 0
4.25 9996 2 1 1 0
4.375 9996 2 1 1 0
4.5 9996 2 1 1 0
4.625 9996 2 1 1 0
4.75 9996 2 1 1 0
4.875 9996 2 1 1 0
5 9996 2 1 1 0
5.125 9995 3 1 1 0
5.25 9995 3 1 1 0
5.375 9995 3 1 1 0
5.5 9995 3 1 1 0
5.625 9994 4 1 1 0
5.75 9994 3 1 2 0
5.875 9990 7 1 2 0
6 9987 9 2 2 0
6.125 9982 14 2 2 0
6.25 9979 16 3 2 0
6.375 9976 17 5 2 0
6.5 9971 21 6 2 0
6.625 9967 24 7 2 0
6.75 9962 28 8 2 0
6.875 9956 34 8 2 0
7 9954 34 10 2 0
7.125 9951 33 13 3 0
7.25 9934 48 14 4 0
7.375 9923 54 19 4 0
7.5 9907 67 21 5 0
7.625 9885 88 22 5 0
7.75 9868 102 24 6 0
7.875 9852 115 27 6 0
8 9830 133 31 6 0
8.125 9817 139 36 8 0
8.25 9808 142 41 9 0
8.375 9802 141 45 12 0
8.5 9791 139 56 14 0
8.625 9781 142 62 15 0
8.75 9767 149 68 16 0
8.875 9756 155 71 18 0
9 9743 152 85 20 0
9.125 9719 166 91 24 0
9.25 9698 179 96 27 0
9.375 9677 192 101 30 0
9.5 9653 209 105 33 0
9.625 9633 219 112 36 0
9.75 9604 228 132 36 0
9.875 9567 250 143 40 0
10 9525 273 157 45 0
10.125 9480 301 172 47 0
10.25 9436 326 188 50 0
10.375 9380 362 202 56 0
10.5 9327 389 225 59 0
10.625 9276 426 235 63 0
10.75 9235 441 257 67 0
10.875 9184 464 278 74 0
11 9126 499 297 78 0
11.125 9066 525 327 82 0
11.25 9005 548 360 87 0
11.375 8936 580 389 95 0
11.5 8878 603 413 106 0
11.625 8817 628 440 115 0
11.75 8744 654 472 130 0
11.875 8675 691 490 144 0
12 8605 713 523 159 0
12.125 8534 740 559 167 0
12.25 8448 790 583 179 0
12.375 8363 822 621 194 0
12.5 8277 857 664 202 0
12.625 8188 903 697 212 0
12.75 8108 930 732 230 0
12.875 8038 938 778 246 0
13 7976 935 829 260 0
13.125 7894 963 864 279 0
13.25 7808 998 901 293 0
13.375 7728 1006 960 306 0
13.5 7636 1036 1005 323 0
13.625 7539 1080 1033 348 0
13.75 7448 1105 1079 368 0
13.875 7359 1129 1125 387 0
14 7290 1142 1166 402 0
14.125 7203 1158 1215 424 0
14.25 7084 1207 1255 454 0
14.375 7007 1218 1294 481 0
14.5 6906 1248 1332 514 0
14.625 6819 1261 1375 543 2
14.75 6811 1187 1430 569 3
14.875 6804 1117 1479 597 3
15 6798 1059 1498 640 5
15.125 6793 1001 1523 678 5
15.25 6789 945 1554 707 5
15.375 6787 887 1585 736 5
15.5 6784 834 1608 769 5
15.625 6777 795 1627 796 5
15.75 6774 754 1642 824 6
15.875 6770 711 1666 847 6
16 6769 669 1678 877 7
16.125 6766 634 1676 917 7
16.25 6761 591 1689 951 8
16.375 6759 557 1696 979 9
16.5 6758 523 1689 1020 10
16.625 6755 494 1685 1056 10
16.75 6753 466 1684 1087 10
16.875 6750 443 1675 1122 10
17 6747 415 1673 1155 10
17.125 6745 389 1665 1191 10
17.25 6741 381 1641 1226 11
17.375 6739 358 1630 1262 11
17.5 6739 332 1622 1295 12
17.625 6737 317 1605 1329 12
17.75 6735 302 1595 1356 12
17.875 6735 281 1577 1395 12
18 6733 264 1570 1421 12
18.125 6732 247 1555 1454 12
18.25 6729 238 1524 1497 12
18.375 6727 222 1508 1531 12
18.5 6725 210 1489 1564 12
18.625 6725 194 1474 1595 12
18.75 6724 181 1449 1634 12
18.875 6722 175 1420 1671 12
19 6719 163 1407 1698 13
19.125 6718 155 1389 1725 13
19.25 6717 148 1365 1757 13
19.375 6714 144 1349 1780 13
19.5 6713 138 1322 1813 14
19.625 6713 126 1302 1845 14
19.75 6712 122 1280 1871 15
19.875 6712 115 1253 1905 15
20 6711 106 1232 1936 15
20.125 6709 102 1215 1958 16
20.25 6708 97 1196 1983 16
20.375 6706 90 1179 2009 16
20.5 6704 77 1173 2030 16
20.625 6704 74 1144 2061 17
20.75 6704 69 1123 2086 18
20.875 6704 64 1102 2112 18
21 6704 61 1077 2140 18
21.125 6703 58 1051 2169 19
21.25 6702 57 1029 2193 19
21.375 6702 54 1005 2220 19
21.5 6702 51 989 2239 19
21.625 6701 47 973 2260 19
21.75 6701 46 958 2276 19
21.875 6701 44 934 2301 20
22 6701 40 915 2324 20
22.125 6701 38 892 2349 20
22.25 6701 34 880 2365 20
22.375 6701 33 865 2381 20
22.5 6701 30 853 2396 20
22.625 6699 30 837 2414 20
22.75 6699 27 829 2425 20
22.875 6697 27 819 2437 20
23 6697 24 816 2443 20
23.125 6696 23 807 2454 20
23.25 6695 20 790 2475 20
23.375 6694 20 775 2491 20
23.5 6693 19 764 2504 20
23.625 6692 19 752 2516 21
23.75 6692 17 738 2532 21
23.875 6692 15 724 2548 21
24 6692 15 714 2558 21
24.125 6692 14 699 2574 21
24.25 6691 15 685 2588 21
24.375 6691 13 669 2606 21
24.5 6691 13 648 2627 21
24.625 6691 13 640 2635 21
24.75 6691 12 625 2651 21
24.875 6691 12 620 2656 21
25 6689 14 596 2680 21
25.125 6689 13 583 2694 21
25.25 6689 12 567 2710 22
25.375 6689 12 556 2721 22
25.5 6688 12 539 2739 22
25.625 6687 13 529 2749 22
25.75 6687 12 518 2761 22
25.875 6687 11 506 2774 22
26 6686 11 494 2786 23
26.125 6685 11 481 2800 23
26.25 6685 10 475 2807 23
26.375 6685 10 467 2815 23
26.5 6685 8 455 2829 23
26.625 6685 7 453 2832 23
26.75 6685 6 444 2842 23
26.875 6685 6 438 2848 23
27 6685 4 434 2854 23
27.125 6685 3 430 2859 23
27.25 6685 3 419 2870 23
27.375 6685 3 412 2876 24
27.5 6685 3 403 2885 24
27.625 6685 3 391 2897 24
27.75 6685 3 383 2905 24
27.875 6685 3 375 2913 24
28 6685 3 364 2924 24
28.125 6685 3 357 2931 24
28.25 6685 3 354 2934 24
28.375 6685 3 347 2941 24
28.5 6685 2 340 2949 24
28.625 6685 2 335 2954 24
28.75 6685 2 323 2966 24
28.875 6685 2 315 2973 25
29 6685 2 310 2978 25
29.125 6684 3 306 2982 25
29.25 6683 3 303 2986 25
29.375 6683 3 297 2992 25
29.5 6683 2 294 2996 25
29.625 6683 2 288 3002 25
29.75 6683 2 284 3006 25
29.875 6682 3 278 3012 25
30 6682 3 271 3019 25
30.125 6682 3 265 3025 25
30.25 6682 2 258 3033 25
30.375 6681 3 252 3039 25
30.5 6681 3 251 3040 25
30.625 6681 3 248 3043 25
30.75 6681 3 243 3048 25
30.875 6681 3 240 3051 25
31 6681 3 235 3056 25
31.125 6681 3 232 3059 25
31.25 6681 3 230 3061 25
31.375 6681 2 222 3070 25
31.5 6681 2 219 3073 25
31.625 6681 2 212 3080 25
31.75 6681 2 211 3081 25
31.875 6681 2 207 3085 25
32 6681 1 207 3086 25
32.125 6681 1 204 3089 25
32.25 6681 1 204 3089 25
32.375 6681 1 200 3093 25
32.5 6681 1 195 3098 25
32.625 6681 0 190 3104 25
32.75 6681 0 186 3108 25
32.875 6681 0 183 3111 25
33 6681 0 180 3114 25
33.125 6681 0 177 3117 25
33.25 6681 0 172 3122 25
33.375 6681 0 167 3127 25
33.5 6681 0 164 3130 25
33.625 6681 0 160 3134 25
33.75 6681 0 157 3137 25
33.875 6681 0 155 3139 25
34 6681 0 150 3144 25
34.125 6681 0 148 3146 25
34.25 6681 0 146 3148 25
34.375 6681 0 145 3148 26
34.5 6680 1 142 3151 26
34.625 6680 1 140 3153 26
34.75 6680 1 140 3153 26
34.875 6680 1 136 3157 26
35 6680 1 132 3161 26
35.125 6680 1 131 3162 26
35.25 6680 0 130 3164 26
35.375 6680 0 129 3165 26
35.5 6680 0 127 3167 26
35.625 6680 0 126 3168 26
35.75 6680 0 122 3172 26
35.875 6680 0 121 3173 26
36 6680 0 117 3177 26
36.125 6680 0 116 3178 26
36.25 6680 0 112 3182 26
36.375 6680 0 110 3184 26
36.5 6680 0 108 3186 26
36.625 6680 0 105 3189 26
36.75 6680 0 103 3191 26
36.875 6680 0 100 3194 26
37 6680 0 98 3196 26
37.125 6680 0 95 3199 26
37.25 6680 0 95 3199 26
37.375 6680 0 94 3200 26
37.5 6680 0 92 3202 26
37.625 6680 0 89 3205 26
37.75 6680 0 89 3205 26
37.875 6680 0 86 3208 26
38 6680 0 85 3209 26
38.125 6680 0 83 3211 26
38.25 6680 0 80 3214 26
38.375 6680 0 78 3216 26
38.5 6680 0 75 3219 26
38.625 6680 0 73 3221 26
38.75 6680 0 71 3223 26
38.875 6680 0 67 3227 26
39 6680 0 67 3227 26
39.125 6680 0 66 3228 26
39.25 6680 0 65 3229 26
39.375 6680 0 65 3229 26
39.5 6680 0 63 3231 26
39.625 6680 0 63 3231 26
39.75 6680 0 62 3232 26
39.875 6680 0 62 3232 26
40 6680 0 62 3232 26
40.125 6680 0 61 3233 26
40.25 6680 0 59 3235 26
40.375 6680 0 58 3236 26
40.5 6680 0 57 3237 26
40.625 6680 0 57 3237 26
40.75 6680 0 56 3238 26
40.875 6680 0 56 3238 26
41 6680 0 55 3239 26
41.125 6680 0 54 3240 26
41.25 6680 0 52 3242 26
41.375 6680 0 50 3244 26
41.5 6680 0 49 3245 26
41.625 6680 0 47 3247 26
41.75 6680 0 44 3250 26
41.875 6680 0 43 3251 26
42 6680 0 40 3254 26
42.125 6680 0 37 3257 26
42.25 6680 0 35 3259 26
42.375 6680 0 35 3259 26
42.5 6680 0 35 3259 26
42.625 6680 0 34 3260 26
42.75 6680 0 34 3260 26
42.875 6680 0 33 3261 26
43 6680 0 32 3262 26
43.125 6680 0 32 3262 26
43.25 6680 0 32 3262 26
43.375 6680 0 31 3263 26
43.5 6680 0 30 3264 26
43.625 6680 0 30 3264 26
43.75 6680 0 29 3265 26
43.875 6680 0 28 3266 26
44 6680 0 27 3267 26
44.125 6680 0 25 3269 26
44.25 6680 0 25 3269 26
44.375 6680 0 23 3271 26
44.5 6680 0 23 3271 26
44.625 6680 0 23 3271 26
44.75 6680 0 22 3271 27
44.875 6680 0 21 3272 27
45 6680 0 21 3272 27
45.125 6680 0 21 3272 27
45.25 6680 0 21 3272 27
45.375 6680 0 21 3272 27
45.5 6680 0 21 3272 27
45.625 6680 0 21 3272 27
45.75 6680 0 21 3272 27
45.875 6680 0 20 3273 27
46 6680 0 20 3273 27
46.125 6680 0 20 3273 27
46.25 6680 0 19 3274 27
46.375 6680 0 19 3274 27
46.5 6680 0 19 3274 27
46.625 6680 0 19 3274 27
46.75 6680 0 19 3274 27
46.875 6680 0 19 3274 27
47 6680 0 19 3274 27
47.125 6680 0 18 3275 27
47.25 6680 0 18 3275 27
47.375 6680 0 18 3275 27
47.5 6680 0 18 3275 27
47.625 6680 0 18 3275 27
47.75 6680 0 18 3275 27
47.875 6680 0 18 3275 27
48 6680 0 18 3275 27
48.125 6680 0 18 3275 27
48.25 6680 0 18 3275 27
48.375 6680 0 17 3276 27
48.5 6680 0 17 3276 27
48.625 6680 0 17 3276 27
48.75 6680 0 17 3276 27
48.875 6680 0 17 3276 27
49 6680 0 17 3276 27
49.125 6680 0 17 3276 27
49.25 6680 0 16 3277 27
49.375 6680 0 15 3278 27
49.5 6680 0 15 3278 27
49.625 6680 0 14 3279 27
49.75 6680 0 12 3281 27
49.875 6680 0 11 3282 27
50 6680 0 11 3282 27
50.125 6680 0 11 3282 27
50.25 6680 0 11 3282 27
50.375 6680 0 11 3282 27
50.5 6680 0 10 3283 27
50.625 6680 0 10 3283 27
50.75 6680 0 10 3283 27
50.875 6680 0 9 3284 27
51 6680 0 9 3284 27
51.125 6680 0 9 3284 27
51.25 6680 0 7 3286 27
51.375 6680 0 7 3286 27
51.5 6680 0 7 3286 27
51.625 6680 0 7 3286 27
51.75 6680 0 7 3286 27
51.875 6680 0 7 3286 27
52 6680 0 7 3286 27
52.125 6680 0 6 3287 27
52.25 6680 0 6 3287 27
52.375 6680 0 6 3287 27
52.5 6680 0 5 3288 27
52.625 6680 0 5 3288 27
52.75 6680 0 5 3288 27
52.875 6680 0 4 3289 27
53 6680 0 4 3289 27
53.125 6680 0 4 3289 27
53.25 6680 0 4 3289 27
53.375 6680 0 4 3289 27
53.5 6680 0 4 3289 27
53.625 6680 0 4 3289 27
53.75 6680 0 4 3289 27
53.875 6680 0 4 3289 27
54 6680 0 4 3289 27
54.125 6680 0 3 3290 27
54.25 6680 0 3 3290 27
54.375 6680 0 3 3290 27
54.5 6680 0 3 3290 27
54.625 6680 0 3 3290 27
54.75 6680 0 3 3290 27
54.875 6680 0 3 3290 27
55 6680 0 3 3290 27
55.125 6680 0 3 3290 27
55.25 6680 0 3 3290 27
55.375 6680 0 3 3290 27
55.5 6680 0 3 3290 27
55.625 6680 0 3 3290 27
55.75 6680 0 3 3290 27
55.875 6680 0 3 3290 27
56 6680 0 3 3290 27
56.125 6680 0 3 3290 27
56.25 6680 0 3 3290 27
56.375 6680 0 3 3290 27
56.5 6680 0 3 3290 27
56.625 6680 0 3 3290 27
56.75 6680 0 2 3291 27
56.875 6680 0 2 3291 27
57 6680 0 2 3291 27
57.125 6680 0 2 3291 27
57.25 6680 0 2 3291 27
57.375 6680 0 2 3291 27
57.5 6680 0 2 3291 27
57.625 6680 0 2 3291 27
57.75 6680 0 2 3291 27
57.875 6680 0 2 3291 27
58 6680 0 2 3291 27
58.125 6680 0 2 3291 27
58.25 6680 0 2 3291 27
58.375 6680 0 2 3291 27
58.5 6680 0 2 3291 27
58.625 6680 0 2 3291 27
58.75 6680 0 2 3291 27
58.875 6680 0 1 3292 27
59 6680 0 1 3292 27
59.125 6680 0 1 3292 27
59.25 6680 0 1 3292 27
59.375 6680 0 1 3292 27
59.5 6680 0 1 3292 27
59.625 6680 0 1 3292 27
59.75 6680 0 1 3292 27
59.875 6680 0 1 3292 27
60 6680 0 1 3292 27
60.125 6680 0 1 3292 27
60.25 6680 0 1 3292 27
60.375 6680 0 1 3292 27
60.5 6680 0 1 3292 27
60.625 6680 0 1 3292 27
60.75 6680 0 1 3292 27
60.875 6680 0 1 3292 27
61 6680 0 1 3292 27
61.125 6680 0 1 3292 27
61.25 6680 0 1 3292 27
61.375 6680 0 1 3292 27
61.5 6680 0 1 3292 27
61.625 6680 0 1 3292 27
61.75 6680 0 1 3292 27
61.875 6680 0 1 3292 27
62 6680 0 1 3292 27
62.125 6680 0 1 3292 27
62.25 6680 0 1 3292 27
62.375 6680 0 1 3292 27
62.5 6680 0 1 3292 27
62.625 6680 0 1 3292 27
62.75 6680 0 1 3292 27
62.875 6680 0 1 3292 27
63 6680 0 1 3292 27
63.125 6680 0 1 3292 27
63.25 6680 0 1 3292 27
63.375 6680 0 1 3292 27
63.5 6680 0 1 3292 27
63.625 6680 0 1 3292 27
63.75 6680 0 1 3292 27
63.875 6680 0 1 3292 27
64 6680 0 1 3292 27
64.125 6680 0 1 3292 27
64.25 6680 0 1 3292 27
64.375 6680 0 1 3292 27
64.5 6680 0 1 3292 27
64.625 6680 0 1 3292 27
64.75 6680 0 1 3292 27
64.875 6680 0 1 3292 27
65 6680 0 1 3292 27
65.125 6680 0 1 3292 27
65.25 6680 0 1 3292 27
65.375 6680 0 1 3292 27
65.5 6680 0 1 3292 27
65.625 6680 0 1 3292 27
65.75 6680 0 1 3292 27
65.875 6680 0 1 3292 27
66 6680 0 1 3292 27
66.125 6680 0 1 3292 27
66.25 6680 0 1 3292 27
66.375 6680 0 1 3292 27
66.5 6680 0 1 3292 27
66.625 6680 0 1 3292 27
66.75 6680 0 1 3292 27
66.875 6680 0 1 3292 27
67 6680 0 1 3292 27
67.125 6680 0 1 3292 27
67.25 6680 0 1 3292 27
67.375 6680 0 1 3292 27
67.5 6680 0 1 3292 27
67.625 6680 0 1 3292 27
67.75 6680 0 1 3292 27
67.875 6680 0 1 3292 27
68 6680 0 1 3292 27
68.125 6680 0 1 3292 27
68.25 6680 0 1 3292 27
68.375 6680 0 1 3292 27
68.5 6680 0 1 3292 27
68.625 6680 0 1 3292 27
68.75 6680 0 1 3292 27
68.875 6680 0 1 3292 27
69 6680 0 1 3292 27
69.125 6680 0 1 3292 27
69.25 6680 0 1 3292 27
69.375 6680 0 1 3292 27
69.5 6680 0 1 3292 27
69.625 6680 0 1 3292 27
69.75 6680 0 1 3292 27
69.875 6680 0 1 3292 27
70 6680 0 1 3292 27
70.125 6680 0 1 3292 27
70.25 6680 0 1 3292 27
70.375 6680 0 1 3292 27
70.5 6680 0 1 3292 27
70.625 6680 0 1 3292 27
70.75 6680 0 1 3292 27
70.875 6680 0 1 3292 27
71 6680 0 1 3292 27
71.125 6680 0 1 3292 27
71.25 6680 0 1 3292 27
71.375 6680 0 1 3292 27
71.5 6680 0 1 3292 27
71.625 6680 0 1 3292 27
71.75 6680 0 1 3292 27
71.875 6680 0 1 3292 27
72 6680 0 1 3292 27
72.125 6680 0 1 3292 27
72.25 6680 0 0 3293 27
