t S E I R D
0 9998 0 2 0 0
0.125 9997 1 2 0 0
0.25 9997 0 3 0 0
0.375 9997 0 3 0 0
0.5 9996 1 2 1 0
0.625 9994 3 2 1 0
0.75 9994 3 2 1 0
0.875 9994 3 2 1 0
1 9993 4 2 1 0
1.125 9993 4 2 1 0
1.25 9993 4 2 1 0
1.375 9992 5 1 2 0
1.5 9992 3 3 2 0
1.625 9991 4 3 2 0
1.75 9991 4 3 2 0
1.875 9991 3 4 2 0
2 9990 3 5 2 0
2.125 9989 4 4 3 0
2.25 9989 4 4 3 0
2.375 9987 5 5 3 0
2.5 9987 5 5 3 0
2.625 9987 5 4 4 0
2.75 9987 4 5 4 0
2.875 9986 5 5 4 0
3 9985 5 6 4 0
3.125 9984 6 5 5 0
3.25 9979 11 5 5 0
3.375 9977 13 5 5 0
3.5 9977 12 5 6 0
3.625 9972 16 6 6 0
3.75 9969 17 8 6 0
3.875 9967 19 8 6 0
4 9963 21 10 6 0
4.125 9960 22 11 7 0
4.25 9957 22 14 7 0
4.375 9950 29 12 9 0
4.5 9944 32 15 9 0
4.625 9937 38 16 9 0
4.75 9927 48 16 9 0
4.875 9921 49 21 9 0
5 9912 57 21 10 0
5.125 9902 62 25 11 0
5.25 9889 69 30 12 0
5.375 9877 78 32 13 0
5.5 9867 80 38 14 1
5.625 9867 75 43 14 1
5.75 9864 73 48 14 1
5.875 9861 72 52 14 1
6 9861 66 56 16 1
6.125 9856 69 58 16 1
6.25 9853 71 58 17 1
6.375 9852 68 59 20 1
6.5 9850 69 60 20 1
6.625 9849 63 64 23 1
6.75 9848 60 68 23 1
6.875 9845 59 71 24 1
7 9839 63 72 25 1
7.125 9832 65 77 25 1
7.25 9827 63 83 26 1
7.375 9822 67 82 28 1
7.5 9821 67 82 29 1
7.625 9817 69 81 32 1
7.75 9814 66 84 35 1
7.875 9811 63 88 37 1
8 9807 67 88 37 1
8.125 9805 64 91 39 1
8.25 9801 65 91 42 1
8.375 9800 59 98 42 1
8.5 9799 55 103 42 1
8.625 9795 54 107 43 1
8.75 9791 54 106 48 1
8.875 9786 57 107 49 1
9 9781 56 109 52 2
9.125 9780 54 111 53 2
9.25 9777 54 110 57 2
9.375 9772 58 108 60 2
9.5 9770 55 110 63 2
9.625 9766 56 110 66 2
9.75 9765 54 111 67 3
9.875 9764 52 113 68 3
10 9762 53 111 71 3
10.125 9760 53 110 74 3
10.25 9760 52 108 77 3
10.375 9760 51 107 79 3
10.5 9758 51 107 81 3
10.625 9757 51 105 84 3
10.75 9757 48 107 85 3
10.875 9755 48 105 89 3
11 9754 45 108 90 3
11.125 9752 45 105 95 3
11.25 9750 46 99 102 3
11.375 9747 46 99 105 3
11.5 9745 43 101 108 3
11.625 9741 43 100 113 3
11.75 9739 42 100 116 3
11.875 9738 41 99 119 3
12 9738 36 104 119 3
12.125 9738 33 106 120 3
12.25 9737 30 109 121 3
12.375 9735 30 110 122 3
12.5 9734 30 110 123 3
12.625 9734 28 111 124 3
12.75 9733 26 113 125 3
12.875 9732 27 109 129 3
13 9729 30 107 131 3
13.125 9729 30 106 132 3
13.25 9728 28 103 138 3
13.375 9727 27 101 142 3
13.5 9726 27 98 146 3
13.625 9724 27 98 148 3
13.75 9722 29 95 151 3
13.875 9720 29 95 153 3
14 9718 29 97 153 3
14.125 9717 25 100 155 3
14.25 9716 25 100 156 3
14.375 9714 26 96 161 3
14.5 9714 22 96 165 3
14.625 9712 23 96 166 3
14.75 9712 22 95 168 3
14.875 9711 22 93 171 3
15 9710 19 95 173 3
15.125 9710 17 91 179 3
15.25 9709 17 91 180 3
15.375 9708 18 83 188 3
15.5 9707 17 83 190 3
15.625 9707 17 81 192 3
15.75 9707 16 82 192 3
15.875 9706 16 82 193 3
16 9705 17 81 194 3
16.125 9703 18 81 195 3
16.25 9701 18 81 197 3
16.375 9700 18 82 197 3
16.5 9698 18 83 198 3
16.625 9695 21 79 202 3
16.75 9695 19 81 202 3
16.875 9695 18 81 203 3
17 9695 16 80 206 3
17.125 9694 16 79 208 3
17.25 9694 15 78 210 3
17.375 9691 17 79 210 3
17.5 9691 16 80 210 3
17.625 9690 17 78 212 3
17.75 9688 18 79 212 3
17.875 9688 17 79 213 3
18 9687 18 76 216 3
18.125 9686 17 77 216 4
18.25 9686 16 76 218 4
18.375 9685 17 75 219 4
18.5 9684 17 72 223 4
18.625 9682 18 72 224 4
18.75 9682 18 70 226 4
18.875 9679 20 68 229 4
19 9678 20 69 229 4
19.125 9677 18 68 233 4
19.25 9674 21 67 234 4
19.375 9674 20 67 235 4
19.5 9673 21 65 237 4
19.625 9672 19 65 240 4
19.75 9669 22 64 241 4
19.875 9669 21 64 242 4
20 9667 21 63 245 4
20.125 9666 22 62 246 4
20.25 9664 24 59 249 4
20.375 9663 24 58 251 4
20.5 9661 26 58 251 4
20.625 9660 27 57 252 4
20.75 9659 26 59 252 4
20.875 9658 26 58 254 4
21 9658 24 59 255 4
21.125 9656 25 60 255 4
21.25 9656 25 57 258 4
21.375 9656 22 59 259 4
21.5 9655 20 62 259 4
21.625 9655 19 61 261 4
21.75 9654 17 61 264 4
21.875 9653 17 59 267 4
22 9653 15 59 268 5
22.125 9653 14 55 273 5
22.25 9652 15 55 273 5
22.375 9651 14 54 276 5
22.5 9650 15 54 276 5
22.625 9650 14 54 277 5
22.75 9650 13 53 279 5
22.875 9648 15 52 280 5
23 9648 13 53 281 5
23.125 9648 13 52 282 5
23.25 9648 11 53 283 5
23.375 9648 11 53 283 5
23.5 9648 11 53 283 5
23.625 9648 11 53 283 5
23.75 9648 10 53 284 5
23.875 9648 10 51 286 5
24 9648 10 50 287 5
24.125 9648 10 50 287 5
24.25 9647 9 52 287 5
24.375 9647 8 53 287 5
24.5 9646 9 51 289 5
24.625 9646 9 49 291 5
24.75 9646 8 50 291 5
24.875 9646 6 51 292 5
25 9646 5 50 294 5
25.125 9646 4 51 294 5
25.25 9646 4 50 295 5
25.375 9646 4 50 295 5
25.5 9645 5 48 297 5
25.625 9645 5 47 298 5
25.75 9645 4 48 298 5
25.875 9645 4 48 298 5
26 9645 4 47 299 5
26.125 9645 4 47 299 5
26.25 9645 4 46 300 5
26.375 9645 4 45 301 5
26.5 9644 4 43 304 5
26.625 9644 3 43 305 5
26.75 9644 2 44 305 5
26.875 9644 2 44 305 5
27 9643 3 43 306 5
27.125 9642 4 43 306 5
27.25 9641 5 43 306 5
27.375 9641 4 42 308 5
27.5 9641 3 40 311 5
27.625 9640 4 37 314 5
27.75 9640 4 37 314 5
27.875 9640 4 37 314 5
28 9639 5 36 315 5
28.125 9638 5 37 315 5
28.25 9636 7 36 316 5
28.375 9636 5 37 317 5
28.5 9636 5 37 317 5
28.625 9635 6 37 317 5
28.75 9635 6 37 317 5
28.875 9635 5 37 318 5
29 9635 5 37 318 5
29.125 9634 6 37 318 5
29.25 9633 7 35 320 5
29.375 9633 4 36 322 5
29.5 9632 4 35 324 5
29.625 9630 6 35 324 5
29.75 9629 7 35 324 5
29.875 9629 6 33 327 5
30 9629 5 34 327 5
30.125 9628 6 33 328 5
30.25 9628 5 32 329 6
30.375 9628 5 31 330 6
30.5 9628 5 31 330 6
30.625 9628 5 30 331 6
30.75 9627 6 29 332 6
30.875 9626 5 31 332 6
31 9626 5 30 333 6
31.125 9624 7 27 336 6
31.25 9623 6 28 337 6
31.375 9623 6 27 338 6
31.5 9623 6 27 338 6
31.625 9623 6 27 338 6
31.75 9621 8 26 339 6
31.875 9621 8 25 340 6
32 9620 8 26 340 6
32.125 9620 7 26 341 6
32.25 9620 6 26 342 6
32.375 9620 6 26 342 6
32.5 9619 7 26 342 6
32.625 9619 7 26 342 6
32.75 9619 6 27 342 6
32.875 9619 5 28 342 6
33 9619 5 27 343 6
33.125 9619 5 27 343 6
33.25 9618 6 27 343 6
33.375 9618 6 26 344 6
33.5 9618 5 27 344 6
33.625 9618 5 27 344 6
33.75 9618 5 26 345 6
33.875 9618 4 25 347 6
34 9618 3 23 350 6
34.125 9618 2 24 350 6
34.25 9618 2 24 350 6
34.375 9618 2 24 350 6
34.5 9618 2 24 350 6
34.625 9618 2 24 350 6
34.75 9618 2 24 350 6
34.875 9618 2 23 351 6
35 9617 3 23 351 6
35.125 9617 3 23 351 6
35.25 9617 2 24 351 6
35.375 9617 2 23 352 6
35.5 9616 3 23 352 6
35.625 9614 5 23 352 6
35.75 9614 5 22 353 6
35.875 9614 5 21 354 6
36 9614 5 20 355 6
36.125 9614 5 19 356 6
36.25 9614 5 19 356 6
36.375 9614 4 20 356 6
36.5 9614 4 20 356 6
36.625 9614 3 21 356 6
36.75 9614 3 21 356 6
36.875 9614 3 20 357 6
37 9614 2 20 358 6
37.125 9614 2 20 358 6
37.25 9614 2 20 358 6
37.375 9614 2 19 359 6
37.5 9614 2 19 359 6
37.625 9614 2 17 361 6
37.75 9614 2 17 361 6
37.875 9614 2 16 362 6
38 9614 2 15 363 6
38.125 9614 2 15 363 6
38.25 9614 1 16 363 6
38.375 9614 0 17 363 6
38.5 9614 0 17 363 6
38.625 9614 0 17 363 6
38.75 9614 0 17 363 6
38.875 9614 0 17 363 6
39 9614 0 17 363 6
39.125 9614 0 17 363 6
39.25 9614 0 17 363 6
39.375 9614 0 17 363 6
39.5 9614 0 17 363 6
39.625 9614 0 16 364 6
39.75 9614 0 16 364 6
39.875 9613 1 16 364 6
40 9613 1 16 364 6
40.125 9613 1 16 364 6
40.25 9613 1 15 365 6
40.375 9613 0 16 365 6
40.5 9613 0 15 366 6
40.625 9613 0 15 366 6
40.75 9612 1 13 368 6
40.875 9612 1 13 368 6
41 9612 1 13 368 6
41.125 9612 1 13 368 6
41.25 9612 1 13 368 6
41.375 9612 0 14 368 6
41.5 9612 0 14 368 6
41.625 9612 0 14 368 6
41.75 9612 0 14 368 6
41.875 9612 0 14 368 6
42 9612 0 14 368 6
42.125 9612 0 13 369 6
42.25 9612 0 12 370 6
42.375 9612 0 12 370 6
42.5 9612 0 12 370 6
42.625 9612 0 12 370 6
42.75 9612 0 12 370 6
42.875 9612 0 11 371 6
43 9612 0 11 371 6
43.125 9612 0 11 371 6
43.25 9612 0 11 371 6
43.375 9612 0 11 371 6
43.5 9612 0 11 371 6
43.625 9611 1 11 371 6
43.75 9611 1 11 371 6
43.875 9611 1 11 371 6
44 9611 1 11 371 6
44.125 9611 1 11 371 6
44.25 9611 1 11 371 6
44.375 9611 1 11 371 6
44.5 9611 1 11 371 6
44.625 9611 1 11 371 6
44.75 9611 1 11 371 6
44.875 9611 1 11 371 6
45 9611 1 11 371 6
45.125 9611 1 11 371 6
45.25 9611 1 11 371 6
45.375 9611 1 11 371 6
45.5 9611 0 12 371 6
45.625 9611 0 12 371 6
45.75 9611 0 12 371 6
45.875 9611 0 12 371 6
46 9611 0 12 371 6
46.125 9611 0 12 371 6
46.25 9611 0 12 371 6
46.375 9611 0 12 371 6
46.5 9611 0 12 371 6
46.625 9611 0 12 371 6
46.75 9611 0 12 371 6
46.875 9611 0 12 371 6
47 9611 0 12 371 6
47.125 9611 0 12 371 6
47.25 9611 0 11 372 6
47.375 9611 0 11 372 6
47.5 9611 0 10 373 6
47.625 9611 0 10 373 6
47.75 9611 0 10 373 6
47.875 9611 0 9 374 6
48 9611 0 9 374 6
48.125 9611 0 9 374 6
48.25 9611 0 9 374 6
48.375 9611 0 9 374 6
48.5 9611 0 8 375 6
48.625 9611 0 7 376 6
48.75 9611 0 7 376 6
48.875 9611 0 7 376 6
49 9611 0 7 376 6
49.125 9611 0 7 376 6
49.25 9611 0 6 377 6
49.375 9611 0 6 377 6
49.5 9611 0 6 377 6
49.625 9611 0 6 377 6
49.75 9611 0 6 377 6
49.875 9611 0 6 377 6
50 9611 0 6 377 6
50.125 9611 0 6 377 6
50.25 9611 0 6 377 6
50.375 9611 0 4 379 6
50.5 9611 0 4 379 6
50.625 9611 0 4 379 6
50.75 9611 0 4 379 6
50.875 9611 0 4 379 6
51 9611 0 4 379 6
51.125 9611 0 4 379 6
51.25 9611 0 4 379 6
51.375 9611 0 4 379 6
51.5 9611 0 4 379 6
51.625 9611 0 4 379 6
51.75 9611 0 4 379 6
51.875 9611 0 4 379 6
52 9611 0 4 379 6
52.125 9611 0 4 379 6
52.25 9611 0 4 379 6
52.375 9611 0 4 379 6
52.5 9611 0 4 379 6
52.625 9611 0 3 380 6
52.75 9611 0 2 381 6
52.875 9611 0 2 381 6
53 9611 0 2 381 6
53.125 9611 0 2 381 6
53.25 9611 0 2 381 6
53.375 9611 0 2 381 6
53.5 9611 0 2 381 6
53.625 9611 0 2 381 6
53.75 9611 0 2 381 6
53.875 9611 0 1 382 6
54 9611 0 1 382 6
54.125 9611 0 1 382 6
54.25 9611 0 1 382 6
54.375 9610 1 1 382 6
54.5 9610 1 1 382 6
54.625 9610 1 1 382 6
54.75 9610 1 1 382 6
54.875 9610 1 1 382 6
55 9610 1 1 382 6
55.125 9610 1 1 382 6
55.25 9610 1 1 382 6
55.375 9610 1 1 382 6
55.5 9610 0 2 382 6
55.625 9610 0 2 382 6
55.75 9610 0 2 382 6
55.875 9610 0 2 382 6
56 9610 0 2 382 6
56.125 9610 0 2 382 6
56.25 9610 0 2 382 6
56.375 9610 0 2 382 6
56.5 9610 0 2 382 6
56.625 9610 0 2 382 6
56.75 9610 0 2 382 6
56.875 9610 0 2 382 6
57 9609 1 2 382 6
57.125 9609 1 2 382 6
57.25 9609 1 2 382 6
57.375 9609 1 2 382 6
57.5 9609 1 2 382 6
57.625 9609 0 3 382 6
57.75 9609 0 3 382 6
57.875 9609 0 3 382 6
58 9609 0 3 382 6
58.125 9609 0 3 382 6
58.25 9609 0 3 382 6
58.375 9609 0 3 382 6
58.5 9609 0 3 382 6
58.625 9609 0 3 382 6
58.75 9609 0 3 382 6
58.875 9609 0 3 382 6
59 9609 0 3 382 6
59.125 9609 0 3 382 6
59.25 9609 0 3 382 6
59.375 9609 0 3 382 6
59.5 9609 0 2 383 6
59.625 9609 0 2 383 6
59.75 9609 0 2 383 6
59.875 9609 0 2 383 6
60 9609 0 2 383 6
60.125 9609 0 2 383 6
60.25 9609 0 2 383 6
60.375 9609 0 2 383 6
60.5 9609 0 2 383 6
60.625 9609 0 2 383 6
60.75 9609 0 2 383 6
60.875 9609 0 2 383 6
61 9609 0 2 383 6
61.125 9609 0 1 384 6
61.25 9609 0 1 384 6
61.375 9609 0 1 384 6
61.5 9609 0 1 384 6
61.625 9609 0 1 384 6
61.75 9609 0 1 384 6
61.875 9609 0 1 384 6
62 9609 0 1 384 6
62.125 9609 0 1 384 6
62.25 9609 0 1 384 6
62.375 9609 0 1 384 6
62.5 9609 0 1 384 6
62.625 9609 0 1 384 6
62.75 9609 0 1 384 6
62.875 9609 0 1 384 6
63 9609 0 1 384 6
63.125 9609 0 1 384 6
63.25 9609 0 1 384 6
63.375 9609 0 1 384 6
63.5 9609 0 1 384 6
63.625 9609 0 1 384 6
63.75 9609 0 1 384 6
63.875 9609 0 1 384 6
64 9609 0 1 384 6
64.125 9609 0 1 384 6
64.25 9609 0 1 384 6
64.375 9609 0 1 384 6
64.5 9609 0 1 384 6
64.625 9609 0 1 384 6
64.75 9609 0 1 384 6
64.875 9609 0 1 384 6
65 9609 0 1 384 6
65.125 9609 0 0 385 6
