t S E I R D
0 9998 0 2 0 0
0.125 9997 1 2 0 0
0.25 9997 1 2 0 0
0.375 9997 1 2 0 0
0.5 9997 0 3 0 0
0.625 9995 2 3 0 0
0.75 9994 3 3 0 0
0.875 9993 4 2 1 0
1 9993 4 2 1 0
1.125 9992 5 2 1 0
1.25 9991 6 2 1 0
1.375 9991 6 2 1 0
1.5 9991 5 3 1 0
1.625 9991 5 3 1 0
1.75 9990 6 3 1 0
1.875 9990 6 3 1 0
2 9990 6 3 1 0
2.125 9989 7 3 1 0
2.25 9988 8 3 1 0
2.375 9987 8 4 1 0
2.5 9986 9 4 1 0
2.625 9986 9 4 1 0
2.75 9985 10 4 1 0
2.875 9985 9 5 1 0
3 9984 9 6 1 0
3.125 9984 7 8 1 0
3.25 9982 8 9 1 0
3.375 9981 8 9 2 0
3.5 9980 9 9 2 0
3.625 9978 11 8 3 0
3.75 9977 11 9 3 0
3.875 9977 10 10 3 0
4 9977 10 10 3 0
4.125 9977 10 9 4 0
4.25 9976 10 10 4 0
4.375 9974 10 12 4 0
4.5 9971 13 12 4 0
4.625 9969 15 12 4 0
4.75 9968 16 11 5 0
4.875 9968 15 12 5 0
5 9966 16 13 5 0
5.125 9964 18 13 5 0
5.25 9963 19 13 5 0
5.375 9961 20 14 5 0
5.5 9960 20 15 5 0
5.625 9958 21 16 5 0
5.75 9957 21 17 5 0
5.875 9953 21 21 5 0
6 9945 28 22 5 0
6.125 9935 37 23 5 0
6.25 9927 39 28 6 0
6.375 9921 42 30 7 0
6.5 9908 51 33 8 0
6.625 9902 53 36 9 0
6.75 9888 63 40 9 0
6.875 9872 76 41 11 0
7 9868 80 39 13 0
7.125 9862 82 43 13 0
7.25 9858 82 47 13 0
7.375 9850 87 47 16 0
7.5 9843 89 52 16 0
7.625 9834 91 57 18 0
7.75 9826 96 60 18 0
7.875 9818 98 66 18 0
8 9807 101 72 20 0
8.125 9796 107 76 21 0
8.25 9783 115 80 22 0
8.375 9776 117 84 23 0
8.5 9761 122 92 25 0
8.625 9750 126 99 25 0
8.75 9742 131 100 27 0
8.875 9711 155 104 30 0
9 9687 168 111 34 0
9.125 9664 178 123 35 0
9.25 9644 193 128 35 0
9.375 9614 205 145 36 0
9.5 9586 218 157 39 0
9.625 9544 241 173 42 0
9.75 9504 266 186 44 0
9.875 9469 287 196 48 0
10 9416 323 209 51 1
10.125 9380 332 233 54 1
10.25 9341 353 247 58 1
10.375 9294 378 263 64 1
10.5 9254 395 283 67 1
10.625 9222 395 309 73 1
10.75 9176 419 323 81 1
10.875 9145 415 350 89 1
11 9112 434 355 98 1
11.125 9067 461 365 106 1
11.25 9014 487 387 111 1
11.375 8971 492 414 122 1
11.5 8932 500 433 134 1
11.625 8897 498 463 141 1
11.75 8855 504 489 151 1
11.875 8818 514 506 161 1
12 8782 522 525 170 1
12.125 8744 524 552 179 1
12.25 8702 539 570 188 1
12.375 8654 555 591 199 1
12.5 8603 564 626 206 1
12.625 8560 569 651 219 1
12.75 8514 582 667 236 1
12.875 8475 582 695 246 2
13 8425 588 725 259 3
13.125 8385 605 738 269 3
13.25 8346 602 765 284 3
13.375 8322 580 796 299 3
13.5 8282 579 822 314 3
13.625 8253 572 839 333 3
13.75 8226 566 862 343 3
13.875 8185 574 881 357 3
14 8160 563 896 378 3
14.125 8138 549 906 404 3
14.25 8108 541 925 422 4
14.375 8072 541 939 444 4
14.5 8047 526 953 470 4
14.625 8018 528 963 487 4
14.75 7994 509 983 509 5
14.875 7975 490 1007 522 6
15 7953 488 1015 537 7
15.125 7941 469 1025 557 8
15.25 7917 461 1034 579 9
15.375 7906 445 1043 597 9
15.5 7885 441 1038 626 10
15.625 7869 431 1050 640 10
15.75 7855 421 1053 661 10
15.875 7840 411 1058 681 10
16 7823 390 1074 703 10
16.125 7810 382 1083 713 12
16.25 7794 376 1087 731 12
16.375 7788 367 1078 755 12
16.5 7777 350 1081 780 12
16.625 7765 335 1090 798 12
16.75 7757 323 1094 814 12
16.875 7737 324 1094 833 12
17 7726 317 1081 864 12
17.125 7719 302 1089 878 12
17.25 7707 294 1080 907 12
17.375 7701 284 1072 931 12
17.5 7693 269 1073 953 12
17.625 7681 264 1064 979 12
17.75 7676 257 1063 992 12
17.875 7672 236 1068 1011 13
18 7665 231 1056 1035 13
18.125 7659 222 1046 1060 13
18.25 7653 216 1041 1077 13
18.375 7647 207 1037 1096 13
18.5 7642 194 1037 1114 13
18.625 7640 181 1033 1133 13
18.75 7632 177 1025 1153 13
18.875 7629 168 1005 1185 13
19 7626 161 998 1202 13
19.125 7622 156 991 1218 13
19.25 7618 139 987 1243 13
19.375 7613 133 979 1262 13
19.5 7611 123 976 1277 13
19.625 7610 121 966 1290 13
19.75 7608 115 952 1312 13
19.875 7602 114 944 1327 13
20 7598 109 938 1342 13
20.125 7596 109 920 1362 13
20.25 7591 106 913 1377 13
20.375 7589 101 897 1399 14
20.5 7585 97 884 1420 14
20.625 7582 94 869 1441 14
20.75 7579 93 859 1455 14
20.875 7576 90 850 1469 15
21 7573 91 831 1490 15
21.125 7564 95 813 1512 16
21.25 7563 85 809 1527 16
21.375 7561 79 801 1542 17
21.5 7559 76 789 1559 17
21.625 7557 73 767 1586 17
21.75 7557 65 760 1601 17
21.875 7555 63 751 1614 17
22 7552 63 740 1628 17
22.125 7549 58 733 1642 18
22.25 7549 57 725 1651 18
22.375 7548 53 713 1668 18
22.5 7547 53 693 1689 18
22.625 7546 50 682 1704 18
22.75 7544 47 675 1716 18
22.875 7542 46 660 1734 18
23 7541 45 643 1752 19
23.125 7541 42 632 1766 19
23.25 7538 44 615 1784 19
23.375 7538 43 598 1802 19
23.5 7538 42 581 1820 19
23.625 7537 39 566 1839 19
23.75 7534 42 551 1854 19
23.875 7533 39 540 1869 19
24 7532 39 531 1879 19
24.125 7531 38 518 1894 19
24.25 7531 36 509 1905 19
24.375 7531 32 505 1913 19
24.5 7529 32 501 1918 20
24.625 7527 32 492 1929 20
24.75 7527 30 482 1941 20
24.875 7526 29 479 1946 20
25 7525 28 475 1952 20
25.125 7521 28 470 1961 20
25.25 7519 29 458 1974 20
25.375 7518 27 451 1984 20
25.5 7516 28 445 1991 20
25.625 7515 27 437 2001 20
25.75 7514 27 428 2011 20
25.875 7513 27 420 2020 20
26 7511 28 414 2027 20
26.125 7511 26 405 2038 20
26.25 7511 26 394 2049 20
26.375 7510 26 391 2053 20
26.5 7508 26 387 2059 20
26.625 7507 27 377 2068 21
26.75 7507 26 365 2080 22
26.875 7507 23 361 2087 22
27 7506 22 354 2096 22
27.125 7506 18 355 2099 22
27.25 7505 17 347 2109 22
27.375 7505 15 344 2114 22
27.5 7505 15 336 2122 22
27.625 7505 13 326 2134 22
27.75 7504 12 320 2142 22
27.875 7504 12 316 2146 22
28 7504 9 315 2150 22
28.125 7504 9 309 2156 22
28.25 7504 9 298 2167 22
28.375 7504 9 294 2171 22
28.5 7504 8 281 2185 22
28.625 7504 8 275 2191 22
28.75 7504 6 270 2198 22
28.875 7504 4 262 2208 22
29 7504 4 259 2211 22
29.125 7504 4 253 2217 22
29.25 7504 4 245 2225 22
29.375 7504 4 242 2228 22
29.5 7504 4 239 2231 22
29.625 7504 4 231 2239 22
29.75 7503 5 229 2241 22
29.875 7503 5 224 2246 22
30 7503 5 218 2252 22
30.125 7503 5 213 2256 23
30.25 7503 5 210 2259 23
30.375 7502 5 203 2267 23
30.5 7502 5 201 2269 23
30.625 7502 4 199 2272 23
30.75 7502 4 195 2276 23
30.875 7502 4 190 2281 23
31 7502 4 187 2284 23
31.125 7502 4 185 2286 23
31.25 7501 4 183 2289 23
31.375 7500 4 182 2291 23
31.5 7500 4 181 2292 23
31.625 7500 4 178 2295 23
31.75 7500 4 171 2302 23
31.875 7500 3 168 2306 23
32 7500 3 164 2310 23
32.125 7499 3 161 2314 23
32.25 7496 6 158 2317 23
32.375 7496 6 153 2322 23
32.5 7496 6 148 2327 23
32.625 7496 4 145 2332 23
32.75 7496 4 143 2334 23
32.875 7495 5 140 2337 23
33 7495 5 133 2344 23
33.125 7495 5 131 2346 23
33.25 7495 5 130 2347 23
33.375 7495 5 127 2350 23
33.5 7495 5 124 2353 23
33.625 7494 5 124 2354 23
33.75 7494 5 123 2355 23
33.875 7494 5 121 2357 23
34 7494 5 116 2362 23
34.125 7494 4 114 2365 23
34.25 7494 4 112 2367 23
34.375 7494 4 111 2368 23
34.5 7493 5 110 2369 23
34.625 7493 5 108 2371 23
34.75 7493 5 106 2373 23
34.875 7493 5 104 2375 23
35 7493 5 103 2376 23
35.125 7492 6 100 2379 23
35.25 7492 6 100 2379 23
35.375 7492 5 99 2381 23
35.5 7492 5 98 2382 23
35.625 7492 5 96 2384 23
35.75 7492 5 93 2387 23
35.875 7492 5 91 2389 23
36 7492 5 89 2391 23
36.125 7492 5 87 2393 23
36.25 7492 4 87 2394 23
36.375 7492 4 85 2396 23
36.5 7492 3 82 2400 23
36.625 7492 3 82 2400 23
36.75 7492 3 78 2404 23
36.875 7492 3 77 2405 23
37 7492 3 74 2408 23
37.125 7492 3 74 2408 23
37.25 7492 1 74 2410 23
37.375 7492 1 72 2412 23
37.5 7492 1 69 2415 23
37.625 7492 1 64 2420 23
37.75 7492 1 64 2420 23
37.875 7492 1 63 2421 23
38 7492 1 60 2424 23
38.125 7492 1 57 2427 23
38.25 7492 1 57 2427 23
38.375 7492 1 56 2428 23
38.5 7492 1 56 2428 23
38.625 7492 1 56 2428 23
38.75 7492 1 56 2428 23
38.875 7492 1 54 2430 23
39 7492 1 53 2431 23
39.125 7492 1 52 2432 23
39.25 7492 1 51 2433 23
39.375 7492 1 50 2434 23
39.5 7492 1 49 2435 23
39.625 7492 1 48 2436 23
39.75 7492 1 48 2436 23
39.875 7492 1 47 2437 23
40 7492 1 46 2438 23
40.125 7492 1 46 2438 23
40.25 7492 1 45 2439 23
40.375 7492 1 43 2441 23
40.5 7492 1 42 2442 23
40.625 7492 0 41 2444 23
40.75 7492 0 40 2445 23
40.875 7492 0 37 2448 23
41 7492 0 36 2449 23
41.125 7492 0 35 2450 23
41.25 7492 0 34 2451 23
41.375 7492 0 34 2451 23
41.5 7492 0 34 2451 23
41.625 7492 0 34 2451 23
41.75 7492 0 33 2452 23
41.875 7492 0 32 2453 23
42 7492 0 32 2453 23
42.125 7492 0 31 2454 23
42.25 7492 0 31 2454 23
42.375 7492 0 29 2456 23
42.5 7492 0 29 2456 23
42.625 7492 0 29 2456 23
42.75 7492 0 29 2456 23
42.875 7492 0 28 2457 23
43 7492 0 28 2457 23
43.125 7492 0 28 2457 23
43.25 7492 0 28 2457 23
43.375 7492 0 28 2457 23
43.5 7492 0 28 2457 23
43.625 7492 0 27 2458 23
43.75 7492 0 26 2459 23
43.875 7492 0 26 2459 23
44 7492 0 26 2459 23
44.125 7492 0 25 2460 23
44.25 7492 0 23 2462 23
44.375 7492 0 23 2462 23
44.5 7492 0 22 2463 23
44.625 7492 0 20 2465 23
44.75 7492 0 20 2465 23
44.875 7492 0 19 2466 23
45 7492 0 19 2466 23
45.125 7492 0 19 2466 23
45.25 7492 0 19 2466 23
45.375 7492 0 19 2466 23
45.5 7492 0 19 2466 23
45.625 7492 0 19 2466 23
45.75 7492 0 19 2466 23
45.875 7492 0 19 2466 23
46 7492 0 19 2466 23
46.125 7492 0 19 2466 23
46.25 7492 0 19 2466 23
46.375 7492 0 18 2467 23
46.5 7492 0 18 2467 23
46.625 7492 0 18 2467 23
46.75 7492 0 18 2467 23
46.875 7492 0 18 2467 23
47 7492 0 17 2468 23
47.125 7492 0 17 2468 23
47.25 7492 0 16 2469 23
47.375 7492 0 16 2469 23
47.5 7492 0 16 2469 23
47.625 7492 0 16 2469 23
47.75 7492 0 16 2469 23
47.875 7492 0 15 2470 23
48 7492 0 14 2471 23
48.125 7492 0 13 2472 23
48.25 7492 0 13 2472 23
48.375 7492 0 12 2473 23
48.5 7492 0 12 2473 23
48.625 7492 0 12 2473 23
48.75 7492 0 12 2473 23
48.875 7492 0 12 2473 23
49 7492 0 12 2473 23
49.125 7492 0 11 2474 23
49.25 7492 0 11 2474 23
49.375 7492 0 11 2474 23
49.5 7492 0 10 2475 23
49.625 7492 0 10 2475 23
49.75 7492 0 10 2475 23
49.875 7492 0 10 2475 23
50 7492 0 10 2475 23
50.125 7492 0 10 2475 23
50.25 7492 0 10 2475 23
50.375 7492 0 10 2475 23
50.5 7492 0 10 2475 23
50.625 7492 0 10 2475 23
50.75 7492 0 10 2475 23
50.875 7492 0 10 2475 23
51 7492 0 10 2475 23
51.125 7492 0 10 2475 23
51.25 7492 0 9 2476 23
51.375 7492 0 9 2476 23
51.5 7492 0 9 2476 23
51.625 7492 0 9 2476 23
51.75 7492 0 9 2476 23
51.875 7492 0 9 2476 23
52 7492 0 9 2476 23
52.125 7492 0 9 2476 23
52.25 7492 0 9 2476 23
52.375 7492 0 9 2476 23
52.5 7492 0 8 2477 23
52.625 7492 0 8 2477 23
52.75 7492 0 7 2478 23
52.875 7492 0 7 2478 23
53 7492 0 7 2478 23
53.125 7492 0 7 2478 23
53.25 7492 0 7 2478 23
53.375 7492 0 7 2478 23
53.5 7492 0 7 2478 23
53.625 7492 0 7 2478 23
53.75 7492 0 7 2478 23
53.875 7492 0 7 2478 23
54 7492 0 7 2478 23
54.125 7492 0 7 2478 23
54.25 7492 0 7 2478 23
54.375 7492 0 7 2478 23
54.5 7492 0 7 2478 23
54.625 7492 0 7 2478 23
54.75 7492 0 7 2478 23
54.875 7492 0 7 2478 23
55 7492 0 5 2480 23
55.125 7492 0 5 2480 23
55.25 7492 0 5 2480 23
55.375 7492 0 5 2480 23
55.5 7492 0 5 2480 23
55.625 7492 0 5 2480 23
55.75 7492 0 5 2480 23
55.875 7492 0 5 2480 23
56 7492 0 5 2480 23
56.125 7492 0 5 2480 23
56.25 7492 0 5 2480 23
56.375 7492 0 5 2480 23
56.5 7492 0 4 2481 23
56.625 7492 0 4 2481 23
56.75 7492 0 4 2481 23
56.875 7492 0 4 2481 23
57 7492 0 4 2481 23
57.125 7492 0 3 2482 23
57.25 7492 0 3 2482 23
57.375 7492 0 3 2482 23
57.5 7492 0 3 2482 23
57.625 7492 0 3 2482 23
57.75 7492 0 3 2482 23
57.875 7492 0 3 2482 23
58 7492 0 3 2482 23
58.125 7492 0 2 2483 23
58.25 7492 0 2 2483 23
58.375 7492 0 2 2483 23
58.5 7492 0 2 2483 23
58.625 7492 0 2 2483 23
58.75 7492 0 1 2484 23
58.875 7492 0 1 2484 23
59 7492 0 1 2484 23
59.125 7492 0 1 2484 23
59.25 7492 0 1 2484 23
59.375 7492 0 1 2484 23
59.5 7492 0 1 2484 23
59.625 7492 0 1 2484 23
59.75 7492 0 1 2484 23
59.875 7492 0 1 2484 23
60 7492 0 1 2484 23
60.125 7492 0 1 2484 23
60.25 7492 0 1 2484 23
60.375 7492 0 1 2484 23
60.5 7492 0 1 2484 23
60.625 7492 0 1 2484 23
60.75 7492 0 1 2484 23
60.875 7492 0 1 2484 23
61 7492 0 1 2484 23
61.125 7492 0 1 2484 23
61.25 7492 0 1 2484 23
61.375 7492 0 1 2484 23
61.5 7492 0 1 2484 23
61.625 7492 0 1 2484 23
61.75 7492 0 1 2484 23
61.875 7492 0 1 2484 23
62 7492 0 1 2484 23
62.125 7492 0 1 2484 23
62.25 7492 0 1 2484 23
62.375 7492 0 1 2484 23
62.5 7492 0 1 2484 23
62.625 7492 0 1 2484 23
62.75 7492 0 1 2484 23
62.875 7492 0 1 2484 23
63 7492 0 1 2484 23
63.125 7492 0 1 2484 23
63.25 7492 0 1 2484 23
63.375 7492 0 1 2484 23
63.5 7492 0 1 2484 23
63.625 7492 0 1 2484 23
63.75 7492 0 1 2484 23
63.875 7492 0 1 2484 23
64 7492 0 1 2484 23
64.125 7492 0 1 2484 23
64.25 7492 0 1 2484 23
64.375 7492 0 1 2484 23
64.5 7492 0 1 2484 23
64.625 7492 0 1 2484 23
64.75 7492 0 1 2484 23
64.875 7492 0 1 2484 23
65 7492 0 1 2484 23
65.125 7492 0 1 2484 23
65.25 7492 0 1 2484 23
65.375 7492 0 1 2484 23
65.5 7492 0 1 2484 23
65.625 7492 0 1 2484 23
65.75 7492 0 1 2484 23
65.875 7492 0 1 2484 23
66 7492 0 1 2484 23
66.125 7492 0 1 2484 23
66.25 7492 0 1 2484 23
66.375 7492 0 1 2484 23
66.5 7492 0 1 2484 23
66.625 7492 0 1 2484 23
66.75 7492 0 1 2484 23
66.875 7492 0 1 2484 23
67 7492 0 1 2484 23
67.125 7492 0 1 2484 23
67.25 7492 0 1 2484 23
67.375 7492 0 1 2484 23
67.5 7492 0 1 2484 23
67.625 7492 0 1 2484 23
67.75 7492 0 1 2484 23
67.875 7492 0 1 2484 23
68 7492 0 1 2484 23
68.125 7492 0 1 2484 23
68.25 7492 0 1 2484 23
68.375 7492 0 1 2484 23
68.5 7492 0 1 2484 23
68.625 7492 0 1 2484 23
68.75 7492 0 1 2484 23
68.875 7492 0 1 2484 23
69 7492 0 0 2485 23
