t S E I R D
0 9999 0 1 0 0
0.125 9999 0 1 0 0
0.25 9999 0 1 0 0
0.375 9999 0 1 0 0
0.5 9999 0 1 0 0
0.625 9999 0 1 0 0
0.75 9999 0 1 0 0
0.875 9999 0 1 0 0
1 9999 0 1 0 0
1.125 9999 0 1 0 0
1.25 9999 0 1 0 0
1.375 9999 0 1 0 0
1.5 9999 0 1 0 0
1.625 9999 0 1 0 0
1.75 9998 1 1 0 0
1.875 9998 1 1 0 0
2 9998 1 1 0 0
2.125 9998 1 1 0 0
2.25 9998 1 1 0 0
2.375 9998 1 1 0 0
2.5 9998 1 1 0 0
2.625 9998 1 1 0 0
2.75 9998 1 1 0 0
2.875 9998 1 1 0 0
3 9998 1 1 0 0
3.125 9998 1 1 0 0
3.25 9998 1 1 0 0
3.375 9998 1 1 0 0
3.5 9998 1 1 0 0
3.625 9997 2 1 0 0
3.75 9997 2 1 0 0
3.875 9997 2 1 0 0
4 9997 2 1 0 0
4.125 9997 2 1 0 0
4.25 9996 3 1 0 0
4.375 9996 3 1 0 0
4.5 9996 3 1 0 0
4.625 9996 3 1 0 0
4.75 9996 3 1 0 0
4.875 9996 3 0 1 0
5 9996 3 0 1 0
5.125 9996 3 0 1 0
5.25 9996 3 0 1 0
5.375 9996 3 0 1 0
5.5 9996 3 0 1 0
5.625 9996 2 1 1 0
5.75 9996 2 1 1 0
5.875 9996 2 1 1 0
6 9996 1 2 1 0
6.125 9995 2 2 1 0
6.25 9995 2 1 2 0
6.375 9995 2 1 2 0
6.5 9995 2 1 2 0
6.625 9995 2 1 2 0
6.75 9995 2 1 2 0
6.875 9995 1 2 2 0
7 9990 6 2 2 0
7.125 9987 9 2 2 0
7.25 9986 10 2 2 0
7.375 9979 17 2 2 0
7.5 9979 16 3 2 0
7.625 9976 19 3 2 0
7.75 9972 22 4 2 0
7.875 9971 23 4 2 0
8 9968 26 4 2 0
8.125 9962 32 4 2 0
8.25 9957 35 6 2 0
8.375 9953 37 8 2 0
8.5 9946 41 11 2 0
8.625 9943 41 14 2 0
8.75 9936 45 17 2 0
8.875 9929 50 19 2 0
9 9921 57 20 2 0
9.125 9916 60 21 3 0
9.25 9905 68 24 3 0
9.375 9898 71 28 3 0
9.5 9883 81 32 4 0
9.625 9872 86 38 4 0
9.75 9859 93 42 6 0
9.875 9851 96 46 7 0
10 9847 96 49 8 0
10.125 9825 110 56 9 0
10.25 9815 110 65 10 0
10.375 9802 115 72 11 0
10.5 9787 123 78 12 0
10.625 9778 128 78 16 0
10.75 9763 134 84 19 0
10.875 9748 139 92 21 0
11 9729 148 99 24 0
11.125 9712 155 106 27 0
11.25 9691 167 112 30 0
11.375 9674 175 120 31 0
11.5 9656 184 124 36 0
11.625 9626 197 139 37 1
11.75 9625 184 151 39 1
11.875 9624 172 160 43 1
12 9621 163 171 44 1
12.125 9618 155 180 46 1
12.25 9617 151 184 47 1
12.375 9613 147 189 50 1
12.5 9611 140 197 51 1
12.625 9609 134 199 57 1
12.75 9606 128 205 60 1
12.875 9603 124 209 63 1
13 9601 117 209 72 1
13.125 9595 115 213 76 1
13.25 9594 108 216 81 1
13.375 9593 105 219 81 2
13.5 9592 98 223 85 2
13.625 9591 87 232 88 2
13.75 9589 85 230 94 2
13.875 9589 81 230 98 2
14 9589 75 230 104 2
14.125 9587 72 231 108 2
14.25 9586 64 236 112 2
14.375 9584 62 237 115 2
14.5 9584 60 236 118 2
14.625 9583 58 233 124 2
14.75 9580 59 231 128 2
14.875 9580 59 226 132 3
15 9580 54 221 142 3
15.125 9579 49 222 147 3
15.25 9578 50 217 152 3
15.375 9577 48 216 156 3
15.5 9575 45 217 160 3
15.625 9571 47 217 162 3
15.75 9571 46 218 162 3
15.875 9571 41 218 167 3
16 9568 43 213 173 3
16.125 9568 40 214 175 3
16.25 9566 39 210 182 3
16.375 9565 38 207 186 4
16.5 9565 34 208 189 4
16.625 9564 35 207 190 4
16.75 9563 33 204 196 4
16.875 9563 32 203 198 4
17 9563 30 201 202 4
17.125 9562 26 202 206 4
17.25 9561 26 201 208 4
17.375 9557 28 200 211 4
17.5 9557 28 193 218 4
17.625 9557 26 190 223 4
17.75 9557 24 185 229 5
17.875 9557 23 180 235 5
18 9557 22 178 238 5
18.125 9557 22 178 238 5
18.25 9557 21 169 248 5
18.375 9556 22 164 253 5
18.5 9556 21 161 257 5
18.625 9556 17 164 258 5
18.75 9556 17 162 260 5
18.875 9556 16 161 262 5
19 9556 14 160 265 5
19.125 9555 15 159 266 5
19.25 9555 15 153 272 5
19.375 9555 14 148 278 5
19.5 9555 14 141 285 5
19.625 9555 14 138 287 6
19.75 9555 12 136 291 6
19.875 9553 14 131 296 6
20 9552 14 131 297 6
20.125 9552 13 130 299 6
20.25 9552 13 128 301 6
20.375 9552 11 127 304 6
20.5 9552 11 125 306 6
20.625 9551 12 123 308 6
20.75 9551 11 121 311 6
20.875 9551 11 119 313 6
21 9551 10 117 316 6
21.125 9551 9 115 319 6
21.25 9551 9 114 320 6
21.375 9551 8 114 321 6
21.5 9550 8 110 326 6
21.625 9550 8 110 326 6
21.75 9550 7 108 329 6
21.875 9550 7 105 332 6
22 9550 6 104 334 6
22.125 9550 6 101 337 6
22.25 9550 5 101 338 6
22.375 9550 5 99 340 6
22.5 9550 5 97 342 6
22.625 9550 4 94 346 6
22.75 9550 4 93 347 6
22.875 9550 4 92 348 6
23 9549 5 90 350 6
23.125 9549 5 84 356 6
23.25 9549 5 81 359 6
23.375 9549 5 80 360 6
23.5 9549 4 80 361 6
23.625 9549 4 79 362 6
23.75 9549 3 77 365 6
23.875 9549 3 75 367 6
24 9549 3 75 367 6
24.125 9549 2 76 367 6
24.25 9549 2 74 369 6
24.375 9549 1 73 371 6
24.5 9549 1 71 373 6
24.625 9549 1 69 375 6
24.75 9549 1 67 377 6
24.875 9549 1 65 379 6
25 9549 1 65 379 6
25.125 9549 1 64 380 6
25.25 9548 2 62 382 6
25.375 9548 2 62 382 6
25.5 9548 1 62 383 6
25.625 9548 1 60 385 6
25.75 9548 1 60 385 6
25.875 9548 1 58 387 6
26 9548 1 56 389 6
26.125 9547 1 56 390 6
26.25 9546 2 54 392 6
26.375 9546 1 53 394 6
26.5 9546 1 51 396 6
26.625 9546 1 50 397 6
26.75 9546 1 47 400 6
26.875 9546 1 47 400 6
27 9546 1 46 401 6
27.125 9546 1 45 402 6
27.25 9546 1 44 403 6
27.375 9546 1 44 403 6
27.5 9546 1 43 404 6
27.625 9546 1 42 405 6
27.75 9546 1 41 406 6
27.875 9546 1 39 408 6
28 9546 1 38 409 6
28.125 9546 1 38 409 6
28.25 9546 1 38 409 6
28.375 9546 1 36 411 6
28.5 9546 0 37 411 6
28.625 9546 0 36 412 6
28.75 9546 0 36 412 6
28.875 9546 0 36 412 6
29 9546 0 36 412 6
29.125 9546 0 34 414 6
29.25 9546 0 34 414 6
29.375 9546 0 32 416 6
29.5 9546 0 32 416 6
29.625 9546 0 31 417 6
29.75 9546 0 29 419 6
29.875 9546 0 29 419 6
30 9546 0 29 419 6
30.125 9546 0 29 419 6
30.25 9546 0 28 420 6
30.375 9546 0 27 421 6
30.5 9546 0 26 422 6
30.625 9546 0 26 422 6
30.75 9546 0 25 423 6
30.875 9546 0 25 423 6
31 9546 0 25 423 6
31.125 9546 0 25 423 6
31.25 9546 0 24 424 6
31.375 9546 0 24 424 6
31.5 9546 0 24 424 6
31.625 9546 0 23 425 6
31.75 9546 0 23 425 6
31.875 9546 0 23 425 6
32 9546 0 23 425 6
32.125 9546 0 22 426 6
32.25 9546 0 20 428 6
32.375 9546 0 19 429 6
32.5 9546 0 19 429 6
32.625 9545 1 19 429 6
32.75 9545 1 19 429 6
32.875 9545 0 20 429 6
33 9545 0 20 429 6
33.125 9545 0 20 429 6
33.25 9545 0 20 429 6
33.375 9545 0 20 429 6
33.5 9545 0 20 429 6
33.625 9545 0 20 429 6
33.75 9545 0 20 429 6
33.875 9545 0 19 430 6
34 9545 0 17 432 6
34.125 9545 0 17 432 6
34.25 9545 0 16 433 6
34.375 9545 0 16 433 6
34.5 9545 0 16 433 6
34.625 9545 0 15 434 6
34.75 9545 0 15 434 6
34.875 9545 0 15 434 6
35 9545 0 15 434 6
35.125 9545 0 15 434 6
35.25 9545 0 14 435 6
35.375 9545 0 14 435 6
35.5 9545 0 14 435 6
35.625 9545 0 14 435 6
35.75 9545 0 14 435 6
35.875 9545 0 14 435 6
36 9545 0 13 436 6
36.125 9545 0 12 437 6
36.25 9545 0 12 437 6
36.375 9545 0 12 437 6
36.5 9545 0 12 437 6
36.625 9545 0 12 437 6
36.75 9545 0 10 439 6
36.875 9545 0 10 439 6
37 9545 0 10 439 6
37.125 9545 0 9 440 6
37.25 9545 0 8 441 6
37.375 9545 0 8 441 6
37.5 9545 0 8 441 6
37.625 9545 0 8 441 6
37.75 9545 0 7 442 6
37.875 9545 0 7 442 6
38 9545 0 7 442 6
38.125 9545 0 6 443 6
38.25 9545 0 6 443 6
38.375 9545 0 6 443 6
38.5 9545 0 6 443 6
38.625 9545 0 6 443 6
38.75 9545 0 6 443 6
38.875 9545 0 6 443 6
39 9545 0 6 443 6
39.125 9545 0 5 444 6
39.25 9545 0 5 444 6
39.375 9545 0 5 444 6
39.5 9545 0 4 445 6
39.625 9545 0 4 445 6
39.75 9545 0 4 445 6
39.875 9545 0 4 445 6
40 9545 0 4 445 6
40.125 9545 0 4 445 6
40.25 9545 0 4 445 6
40.375 9545 0 4 445 6
40.5 9545 0 4 445 6
40.625 9545 0 4 445 6
40.75 9545 0 4 445 6
40.875 9545 0 4 445 6
41 9545 0 4 445 6
41.125 9545 0 4 445 6
41.25 9545 0 4 445 6
41.375 9545 0 4 445 6
41.5 9545 0 4 445 6
41.625 9545 0 4 445 6
41.75 9545 0 4 445 6
41.875 9545 0 3 446 6
42 9545 0 3 446 6
42.125 9545 0 3 446 6
42.25 9545 0 3 446 6
42.375 9545 0 3 446 6
42.5 9545 0 3 446 6
42.625 9545 0 3 446 6
42.75 9545 0 3 446 6
42.875 9545 0 3 446 6
43 9545 0 3 446 6
43.125 9545 0 2 447 6
43.25 9545 0 2 447 6
43.375 9545 0 2 447 6
43.5 9545 0 1 448 6
43.625 9545 0 1 448 6
43.75 9545 0 1 448 6
43.875 9545 0 1 448 6
44 9545 0 0 449 6
