t S E I R D
0 9998 0 2 0 0
0.125 9998 0 1 1 0
0.25 9998 0 1 1 0
0.375 9998 0 1 1 0
0.5 9998 0 1 1 0
0.625 9997 1 1 1 0
0.75 9997 1 1 1 0
0.875 9997 1 1 1 0
1 9997 1 1 1 0
1.125 9995 3 1 1 0
1.25 9994 4 1 1 0
1.375 9994 4 1 1 0
1.5 9991 7 1 1 0
1.625 9991 7 1 1 0
1.75 9991 7 1 1 0
1.875 9991 5 3 1 0
2 9982 13 4 1 0
2.125 9978 15 6 1 0
2.25 9972 21 6 1 0
2.375 9967 26 6 1 0
2.5 9959 33 7 1 0
2.625 9953 39 7 1 0
2.75 9948 40 11 1 0
2.875 9940 46 13 1 0
3 9930 54 15 1 0
3.125 9924 58 17 1 0
3.25 9915 64 20 1 0
3.375 9911 65 22 2 0
3.5 9904 70 24 2 0
3.625 9900 70 28 2 0
3.75 9890 80 26 4 0
3.875 9881 85 30 4 0
4 9872 87 36 5 0
4.125 9866 90 37 7 0
4.25 9852 101 38 9 0
4.375 9840 105 46 9 0
4.5 9819 118 49 14 0
4.625 9781 148 54 17 0
4.75 9748 167 67 18 0
4.875 9705 201 74 20 0
5 9659 232 88 21 0
5.125 9623 259 96 22 0
5.25 9591 274 110 25 0
5.375 9561 292 121 26 0
5.5 9529 311 132 28 0
5.625 9489 322 156 33 0
5.75 9452 339 171 38 0
5.875 9383 393 184 40 0
6 9323 433 197 47 0
6.125 9266 466 215 53 0
6.25 9208 506 227 59 0
6.375 9140 554 242 64 0
6.5 9062 603 267 68 0
6.625 8977 649 301 73 0
6.75 8900 689 327 84 0
6.875 8822 716 369 93 0
7 8751 747 402 100 0
7.125 8678 769 445 108 0
7.25 8594 815 481 110 0
7.375 8495 869 516 120 0
7.5 8414 899 550 137 0
7.625 8320 939 598 143 0
7.75 8218 982 645 155 0
7.875 8103 1036 695 166 0
8 8012 1056 748 183 1
8.125 7899 1103 793 204 1
8.25 7792 1128 860 219 1
8.375 7693 1170 893 242 2
8.5 7545 1246 946 261 2
8.625 7420 1301 992 285 2
8.75 7291 1348 1042 317 2
8.875 7169 1404 1086 339 2
9 7042 1435 1156 363 4
9.125 6927 1466 1208 394 5
9.25 6815 1480 1284 416 5
9.375 6711 1484 1363 437 5
9.5 6586 1511 1440 458 5
9.625 6463 1540 1512 479 6
9.75 6362 1551 1557 523 7
9.875 6242 1562 1632 557 7
10 6109 1608 1685 591 7
10.125 6004 1611 1747 631 7
10.25 5894 1614 1801 683 8
10.375 5784 1624 1860 723 9
10.5 5664 1641 1918 768 9
10.625 5561 1644 1977 808 10
10.75 5455 1666 2028 841 10
10.875 5359 1655 2100 876 10
11 5245 1680 2146 918 11
11.125 5122 1678 2230 959 11
11.25 5011 1709 2269 1000 11
11.375 4905 1703 2331 1050 11
11.5 4798 1708 2378 1105 11
11.625 4687 1708 2433 1160 12
11.75 4580 1715 2488 1205 12
11.875 4489 1698 2541 1259 13
12 4407 1657 2623 1300 13
12.125 4326 1636 2675 1350 13
12.25 4242 1623 2696 1424 15
12.375 4144 1631 2739 1470 16
12.5 4037 1630 2782 1535 16
12.625 3944 1628 2830 1581 17
12.75 3849 1602 2895 1636 18
12.875 3784 1565 2931 1702 18
13 3697 1548 2978 1759 18
13.125 3618 1541 2980 1842 19
13.25 3556 1514 3009 1902 19
13.375 3481 1502 3036 1961 20
13.5 3411 1471 3071 2027 20
13.625 3340 1438 3108 2094 20
13.75 3266 1418 3148 2147 21
13.875 3182 1402 3181 2214 21
14 3115 1411 3172 2281 21
14.125 3060 1386 3174 2359 21
14.25 2976 1386 3179 2437 22
14.375 2918 1358 3188 2514 22
14.5 2858 1326 3202 2592 22
14.625 2793 1302 3228 2655 22
14.75 2738 1290 3231 2719 22
14.875 2682 1270 3241 2784 23
15 2621 1261 3239 2855 24
15.125 2571 1219 3269 2917 24
15.25 2515 1203 3281 2976 25
15.375 2474 1173 3296 3031 26
15.5 2424 1149 3293 3108 26
15.625 2389 1117 3296 3171 27
15.75 2324 1118 3296 3235 27
15.875 2270 1100 3301 3301 28
16 2227 1087 3287 3371 28
16.125 2179 1082 3282 3429 28
16.25 2153 1037 3288 3493 29
16.375 2108 1027 3270 3565 30
16.5 2073 1006 3264 3627 30
16.625 2040 979 3273 3678 30
16.75 2001 952 3265 3752 30
16.875 1965 917 3271 3817 30
17 1928 891 3263 3887 31
17.125 1887 876 3252 3953 32
17.25 1848 863 3232 4024 33
17.375 1817 837 3215 4097 34
17.5 1785 822 3176 4182 35
17.625 1751 801 3161 4252 35
17.75 1731 777 3149 4308 35
17.875 1703 756 3141 4365 35
18 1687 724 3115 4439 35
18.125 1663 693 3099 4510 35
18.25 1628 688 3075 4574 35
18.375 1601 678 3054 4632 35
18.5 1580 653 3037 4694 36
18.625 1548 635 3017 4763 37
18.75 1529 614 2994 4826 37
18.875 1509 604 2965 4884 38
19 1484 598 2927 4953 38
19.125 1466 588 2890 5018 38
19.25 1440 572 2873 5077 38
19.375 1417 557 2854 5134 38
19.5 1408 532 2829 5192 39
19.625 1391 521 2791 5257 40
19.75 1372 507 2754 5327 40
19.875 1362 478 2739 5379 42
20 1337 478 2721 5422 42
20.125 1323 459 2691 5484 43
20.25 1304 451 2669 5532 44
20.375 1290 429 2642 5594 45
20.5 1278 423 2621 5633 45
20.625 1264 403 2608 5680 45
20.75 1254 378 2590 5733 45
20.875 1246 356 2561 5792 45
21 1234 354 2523 5844 45
21.125 1225 341 2501 5887 46
21.25 1214 325 2451 5964 46
21.375 1199 320 2409 6026 46
21.5 1188 310 2385 6071 46
21.625 1177 303 2360 6113 47
21.75 1164 295 2324 6170 47
21.875 1151 279 2318 6204 48
22 1144 272 2291 6245 48
22.125 1136 260 2260 6296 48
22.25 1122 253 2236 6338 51
22.375 1116 242 2207 6383 52
22.5 1107 232 2193 6415 53
22.625 1100 229 2150 6468 53
22.75 1084 231 2122 6510 53
22.875 1074 230 2078 6564 54
23 1065 227 2047 6607 54
23.125 1061 212 2023 6648 56
23.25 1050 213 1991 6690 56
23.375 1040 213 1958 6732 57
23.5 1035 208 1931 6769 57
23.625 1029 194 1909 6807 61
23.75 1023 188 1890 6838 61
23.875 1013 186 1854 6885 62
24 1008 178 1828 6924 62
24.125 1000 176 1810 6952 62
24.25 994 164 1789 6991 62
24.375 988 165 1750 7035 62
24.5 982 159 1728 7068 63
24.625 976 154 1705 7102 63
24.75 964 158 1683 7132 63
24.875 955 161 1653 7167 64
25 953 150 1640 7193 64
25.125 944 152 1613 7227 64
25.25 941 146 1589 7260 64
25.375 932 146 1566 7292 64
25.5 922 150 1530 7334 64
25.625 918 145 1511 7362 64
25.75 915 134 1494 7390 67
25.875 908 129 1482 7414 67
26 904 126 1456 7447 67
26.125 903 118 1431 7481 67
26.25 896 111 1421 7505 67
26.375 891 110 1403 7527 69
26.5 885 103 1381 7562 69
26.625 879 106 1364 7582 69
26.75 870 110 1345 7606 69
26.875 869 105 1328 7629 69
27 866 103 1314 7648 69
27.125 862 97 1300 7672 69
27.25 860 92 1271 7708 69
27.375 856 88 1249 7737 70
27.5 853 89 1233 7754 71
27.625 848 91 1216 7774 71
27.75 846 86 1194 7803 71
27.875 841 86 1171 7830 72
28 837 85 1157 7849 72
28.125 834 82 1141 7871 72
28.25 830 81 1117 7900 72
28.375 826 78 1101 7923 72
28.5 826 75 1085 7942 72
28.625 824 70 1064 7970 72
28.75 824 69 1046 7989 72
28.875 819 70 1025 8014 72
29 816 69 1003 8040 72
29.125 816 63 990 8059 72
29.25 815 60 970 8083 72
29.375 813 59 953 8103 72
29.5 813 58 930 8127 72
29.625 810 58 911 8149 72
29.75 807 58 890 8173 72
29.875 806 56 874 8192 72
30 806 53 859 8210 72
30.125 803 53 849 8223 72
30.25 801 54 837 8236 72
30.375 799 56 821 8252 72
30.5 796 55 810 8267 72
30.625 796 54 790 8288 72
30.75 796 51 775 8306 72
30.875 791 51 761 8325 72
31 791 49 739 8349 72
31.125 790 47 723 8368 72
31.25 789 43 716 8380 72
31.375 785 45 708 8390 72
31.5 784 45 691 8408 72
31.625 784 43 675 8426 72
31.75 783 40 665 8440 72
31.875 781 38 650 8459 72
32 781 35 642 8470 72
32.125 777 37 632 8482 72
32.25 776 36 624 8492 72
32.375 776 35 610 8507 72
32.5 774 34 597 8523 72
32.625 774 31 583 8540 72
32.75 773 30 576 8549 72
32.875 772 30 572 8554 72
33 771 27 565 8565 72
33.125 770 26 555 8576 73
33.25 770 22 555 8580 73
33.375 770 20 543 8594 73
33.5 768 22 530 8606 74
33.625 766 24 520 8616 74
33.75 766 24 505 8630 75
33.875 764 26 499 8636 75
34 764 24 489 8648 75
34.125 764 20 485 8656 75
34.25 762 21 477 8665 75
34.375 762 21 471 8671 75
34.5 761 20 467 8677 75
34.625 760 17 458 8690 75
34.75 759 18 448 8700 75
34.875 759 18 434 8714 75
35 758 18 424 8725 75
35.125 757 19 407 8742 75
35.25 757 17 406 8745 75
35.375 757 15 396 8757 75
35.5 757 14 389 8765 75
35.625 757 12 379 8777 75
35.75 757 11 372 8785 75
35.875 755 12 364 8794 75
36 754 12 362 8797 75
36.125 753 12 354 8806 75
36.25 753 11 350 8811 75
36.375 753 11 333 8828 75
36.5 753 10 323 8839 75
36.625 753 10 314 8848 75
36.75 753 9 309 8854 75
36.875 753 8 301 8863 75
37 752 8 291 8874 75
37.125 752 8 285 8880 75
37.25 752 6 282 8885 75
37.375 752 5 274 8894 75
37.5 752 4 270 8899 75
37.625 751 5 261 8908 75
37.75 751 5 254 8915 75
37.875 751 4 251 8919 75
38 751 4 242 8928 75
38.125 751 4 235 8935 75
38.25 751 3 232 8939 75
38.375 751 2 228 8944 75
38.5 751 2 225 8947 75
38.625 751 2 220 8952 75
38.75 751 2 216 8956 75
38.875 750 3 212 8960 75
39 750 3 206 8966 75
39.125 750 3 202 8970 75
39.25 750 3 195 8977 75
39.375 750 3 190 8982 75
39.5 750 3 187 8985 75
39.625 750 3 184 8988 75
39.75 750 3 183 8989 75
39.875 750 3 178 8994 75
40 750 3 174 8998 75
40.125 750 3 170 9002 75
40.25 750 3 169 9003 75
40.375 750 3 165 9007 75
40.5 750 3 162 9010 75
40.625 750 3 160 9012 75
40.75 750 3 157 9015 75
40.875 750 3 155 9017 75
41 750 3 152 9020 75
41.125 750 3 148 9024 75
41.25 750 2 146 9027 75
41.375 750 2 141 9032 75
41.5 748 4 136 9037 75
41.625 748 4 135 9038 75
41.75 748 3 131 9043 75
41.875 746 5 130 9044 75
42 746 5 127 9047 75
42.125 746 4 125 9050 75
42.25 746 4 125 9050 75
42.375 746 4 122 9053 75
42.5 746 4 116 9059 75
42.625 745 5 114 9061 75
42.75 745 5 114 9061 75
42.875 745 5 113 9062 75
43 745 5 112 9063 75
43.125 745 5 111 9064 75
43.25 745 5 106 9069 75
43.375 745 5 104 9071 75
43.5 745 5 103 9072 75
43.625 744 6 100 9075 75
43.75 744 4 100 9077 75
43.875 744 4 99 9078 75
44 744 3 97 9081 75
44.125 744 3 95 9083 75
44.25 743 4 94 9084 75
44.375 743 4 89 9089 75
44.5 743 4 89 9089 75
44.625 743 4 86 9092 75
44.75 743 4 83 9095 75
44.875 743 4 83 9095 75
45 743 2 84 9096 75
45.125 743 2 83 9097 75
45.25 743 2 82 9098 75
45.375 743 2 81 9099 75
45.5 743 1 79 9102 75
45.625 743 1 79 9102 75
45.75 743 1 75 9106 75
45.875 743 1 73 9108 75
46 743 1 71 9110 75
46.125 743 1 69 9112 75
46.25 743 1 68 9113 75
46.375 743 1 67 9114 75
46.5 743 1 65 9116 75
46.625 743 0 64 9118 75
46.75 743 0 63 9119 75
46.875 743 0 61 9121 75
47 743 0 60 9122 75
47.125 743 0 60 9122 75
47.25 743 0 59 9123 75
47.375 743 0 57 9125 75
47.5 743 0 54 9128 75
47.625 743 0 54 9128 75
47.75 743 0 54 9128 75
47.875 742 1 54 9128 75
48 742 1 52 9130 75
48.125 742 1 51 9131 75
48.25 742 1 49 9133 75
48.375 742 1 47 9135 75
48.5 742 1 47 9135 75
48.625 742 1 47 9135 75
48.75 742 1 47 9135 75
48.875 742 1 47 9135 75
49 742 1 46 9136 75
49.125 742 1 43 9139 75
49.25 742 1 42 9140 75
49.375 742 1 42 9140 75
49.5 742 1 42 9140 75
49.625 742 1 42 9140 75
49.75 742 1 40 9142 75
49.875 742 1 39 9143 75
50 742 0 40 9143 75
50.125 742 0 39 9144 75
50.25 742 0 38 9145 75
50.375 741 1 36 9147 75
50.5 741 0 36 9148 75
50.625 741 0 35 9149 75
50.75 741 0 34 9150 75
50.875 741 0 34 9150 75
51 741 0 33 9151 75
51.125 741 0 32 9152 75
51.25 741 0 32 9152 75
51.375 741 0 32 9152 75
51.5 741 0 32 9152 75
51.625 741 0 30 9154 75
51.75 741 0 30 9154 75
51.875 741 0 28 9156 75
52 741 0 25 9159 75
52.125 741 0 24 9160 75
52.25 741 0 24 9160 75
52.375 741 0 24 9160 75
52.5 741 0 23 9160 76
52.625 741 0 22 9161 76
52.75 741 0 22 9161 76
52.875 741 0 20 9163 76
53 741 0 20 9163 76
53.125 741 0 20 9163 76
53.25 741 0 20 9163 76
53.375 741 0 20 9163 76
53.5 741 0 20 9163 76
53.625 741 0 20 9163 76
53.75 741 0 19 9164 76
53.875 741 0 19 9164 76
54 741 0 19 9164 76
54.125 741 0 19 9164 76
54.25 741 0 19 9164 76
54.375 741 0 19 9164 76
54.5 741 0 19 9164 76
54.625 741 0 19 9164 76
54.75 741 0 19 9164 76
54.875 741 0 17 9166 76
55 741 0 17 9166 76
55.125 741 0 17 9166 76
55.25 741 0 17 9166 76
55.375 741 0 17 9166 76
55.5 741 0 15 9168 76
55.625 741 0 14 9169 76
55.75 741 0 11 9172 76
55.875 741 0 11 9172 76
56 741 0 11 9172 76
56.125 741 0 11 9172 76
56.25 741 0 11 9172 76
56.375 741 0 11 9172 76
56.5 741 0 11 9172 76
56.625 741 0 11 9172 76
56.75 741 0 11 9172 76
56.875 741 0 11 9172 76
57 741 0 11 9172 76
57.125 741 0 11 9172 76
57.25 741 0 11 9172 76
57.375 741 0 11 9172 76
57.5 741 0 11 9172 76
57.625 741 0 10 9173 76
57.75 741 0 10 9173 76
57.875 741 0 10 9173 76
58 741 0 10 9173 76
58.125 741 0 10 9173 76
58.25 741 0 10 9173 76
58.375 741 0 10 9173 76
58.5 741 0 10 9173 76
58.625 741 0 10 9173 76
58.75 741 0 9 9174 76
58.875 741 0 9 9174 76
59 741 0 8 9175 76
59.125 741 0 8 9175 76
59.25 741 0 8 9175 76
59.375 741 0 8 9175 76
59.5 741 0 8 9175 76
59.625 741 0 8 9175 76
59.75 741 0 8 9175 76
59.875 741 0 8 9175 76
60 741 0 8 9175 76
60.125 741 0 8 9175 76
60.25 741 0 8 9175 76
60.375 741 0 8 9175 76
60.5 741 0 8 9175 76
60.625 741 0 8 9175 76
60.75 741 0 8 9175 76
60.875 741 0 8 9175 76
61 741 0 8 9175 76
61.125 740 1 8 9175 76
61.25 740 1 8 9175 76
61.375 740 1 7 9176 76
61.5 740 1 6 9177 76
61.625 740 1 6 9177 76
61.75 740 1 6 9177 76
61.875 740 1 6 9177 76
62 740 1 6 9177 76
62.125 740 1 6 9177 76
62.25 740 1 6 9177 76
62.375 740 1 5 9178 76
62.5 740 1 5 9178 76
62.625 740 0 6 9178 76
62.75 740 0 6 9178 76
62.875 740 0 6 9178 76
63 740 0 6 9178 76
63.125 740 0 6 9178 76
63.25 740 0 6 9178 76
63.375 740 0 6 9178 76
63.5 740 0 6 9178 76
63.625 740 0 6 9178 76
63.75 740 0 6 9178 76
63.875 740 0 6 9178 76
64 740 0 6 9178 76
64.125 740 0 6 9178 76
64.25 740 0 6 9178 76
64.375 740 0 6 9178 76
64.5 740 0 6 9178 76
64.625 740 0 5 9179 76
64.75 740 0 5 9179 76
64.875 740 0 5 9179 76
65 740 0 5 9179 76
65.125 740 0 5 9179 76
65.25 740 0 5 9179 76
65.375 740 0 5 9179 76
65.5 740 0 5 9179 76
65.625 740 0 5 9179 76
65.75 740 0 4 9180 76
65.875 740 0 4 9180 76
66 740 0 4 9180 76
66.125 740 0 3 9181 76
66.25 740 0 3 9181 76
66.375 740 0 3 9181 76
66.5 740 0 3 9181 76
66.625 740 0 3 9181 76
66.75 740 0 3 9181 76
66.875 740 0 3 9181 76
67 740 0 3 9181 76
67.125 740 0 3 9181 76
67.25 740 0 3 9181 76
67.375 740 0 3 9181 76
67.5 740 0 3 9181 76
67.625 740 0 3 9181 76
67.75 740 0 3 9181 76
67.875 740 0 3 9181 76
68 740 0 3 9181 76
68.125 740 0 3 9181 76
68.25 740 0 3 9181 76
68.375 740 0 3 9181 76
68.5 740 0 3 9181 76
68.625 740 0 2 9182 76
68.75 740 0 1 9183 76
68.875 740 0 1 9183 76
69 740 0 1 9183 76
69.125 740 0 1 9183 76
69.25 740 0 1 9183 76
69.375 740 0 1 9183 76
69.5 740 0 1 9183 76
69.625 740 0 1 9183 76
69.75 740 0 1 9183 76
69.875 740 0 1 9183 76
70 740 0 1 9183 76
70.125 740 0 1 9183 76
70.25 740 0 1 9183 76
70.375 740 0 1 9183 76
70.5 740 0 1 9183 76
70.625 740 0 1 9183 76
70.75 740 0 1 9183 76
70.875 740 0 1 9183 76
71 740 0 1 9183 76
71.125 740 0 1 9183 76
71.25 740 0 1 9183 76
71.375 740 0 1 9183 76
71.5 740 0 1 9183 76
71.625 740 0 1 9183 76
71.75 740 0 1 9183 76
71.875 740 0 1 9183 76
72 740 0 1 9183 76
72.125 740 0 1 9183 76
72.25 740 0 1 9183 76
72.375 740 0 1 9183 76
72.5 740 0 1 9183 76
72.625 740 0 1 9183 76
72.75 740 0 1 9183 76
72.875 740 0 1 9183 76
73 740 0 1 9183 76
73.125 740 0 1 9183 76
73.25 740 0 1 9183 76
73.375 740 0 1 9183 76
73.5 740 0 0 9184 76
