t S E I R D
0 9998 0 2 0 0
0.125 9998 0 1 1 0
0.25 9998 0 1 1 0
0.375 9998 0 1 1 0
0.5 9998 0 1 1 0
0.625 9998 0 1 1 0
0.75 9998 0 1 1 0
0.875 9998 0 1 1 0
1 9998 0 1 1 0
1.125 9998 0 1 1 0
1.25 9998 0 1 1 0
1.375 9998 0 1 1 0
1.5 9997 1 1 1 0
1.625 9997 1 1 1 0
1.75 9997 1 1 1 0
1.875 9997 1 1 1 0
2 9997 1 0 2 0
2.125 9997 1 0 2 0
2.25 9997 1 0 2 0
2.375 9997 1 0 2 0
2.5 9997 1 0 2 0
2.625 9997 1 0 2 0
2.75 9997 1 0 2 0
2.875 9997 1 0 2 0
3 9997 0 1 2 0
3.125 9997 0 1 2 0
3.25 9996 1 1 2 0
3.375 9995 2 1 2 0
3.5 9995 1 2 2 0
3.625 9976 20 2 2 0
3.75 9954 41 3 2 0
3.875 9947 47 4 2 0
4 9925 69 4 2 0
4.125 9906 81 11 2 0
4.25 9892 92 13 3 0
4.375 9876 103 18 3 0
4.5 9856 118 23 3 0
4.625 9837 129 31 3 0
4.75 9816 140 41 3 0
4.875 9793 154 50 3 0
5 9773 163 61 3 0
5.125 9757 159 81 3 0
5.25 9725 180 90 5 0
5.375 9682 217 93 8 0
5.5 9658 228 102 12 0
5.625 9623 249 115 13 0
5.75 9586 271 127 16 0
5.875 9532 308 143 17 0
6 9478 342 161 19 0
6.125 9436 358 185 21 0
6.25 9382 389 205 24 0
6.375 9320 427 226 27 0
6.5 9262 467 240 31 0
6.625 9196 511 260 33 0
6.75 9128 551 276 45 0
6.875 9063 590 293 54 0
7 9003 619 321 57 0
7.125 8935 648 356 61 0
7.25 8865 676 387 71 1
7.375 8786 708 420 85 1
7.5 8702 756 443 98 1
7.625 8632 781 479 107 1
7.75 8551 816 517 115 1
7.875 8472 836 565 126 1
8 8402 858 603 135 2
8.125 8327 875 651 145 2
8.25 8239 908 693 158 2
8.375 8157 931 739 171 2
8.5 8082 945 788 183 2
8.625 8024 945 829 200 2
8.75 7958 945 870 225 2
8.875 7872 964 919 243 2
9 7819 960 969 249 3
9.125 7747 967 1016 267 3
9.25 7674 984 1057 282 3
9.375 7616 975 1102 304 3
9.5 7554 966 1152 324 4
9.625 7492 961 1189 352 6
9.75 7446 952 1215 381 6
9.875 7410 919 1260 405 6
10 7376 899 1290 429 6
10.125 7347 884 1312 450 7
10.25 7322 856 1333 482 7
10.375 7292 826 1362 512 8
10.5 7267 795 1386 543 9
10.625 7249 760 1418 564 9
10.75 7223 750 1421 597 9
10.875 7190 736 1441 623 10
11 7161 724 1454 649 12
11.125 7135 700 1466 687 12
11.25 7117 676 1476 718 13
11.375 7100 656 1484 746 14
11.5 7085 634 1487 779 15
11.625 7066 609 1493 816 16
11.75 7053 582 1506 843 16
11.875 7042 558 1512 871 17
12 7029 535 1523 896 17
12.125 7020 512 1527 924 17
12.25 7009 489 1532 952 18
12.375 6999 474 1527 982 18
12.5 6990 463 1521 1008 18
12.625 6987 442 1513 1040 18
12.75 6982 422 1506 1072 18
12.875 6971 415 1501 1095 18
13 6961 397 1492 1132 18
13.125 6951 382 1484 1164 19
13.25 6947 363 1480 1191 19
13.375 6946 345 1472 1218 19
13.5 6938 325 1468 1250 19
13.625 6933 315 1463 1270 19
13.75 6928 297 1457 1299 19
13.875 6923 280 1448 1330 19
14 6921 271 1436 1353 19
14.125 6916 265 1422 1378 19
14.25 6915 256 1408 1402 19
14.375 6911 234 1399 1437 19
14.5 6910 219 1379 1473 19
14.625 6906 204 1374 1497 19
14.75 6905 195 1362 1519 19
14.875 6902 179 1347 1552 20
15 6898 173 1330 1579 20
15.125 6895 166 1307 1612 20
15.25 6893 156 1287 1644 20
15.375 6888 156 1267 1669 20
15.5 6886 142 1265 1687 20
15.625 6883 140 1241 1716 20
15.75 6882 136 1222 1740 20
15.875 6882 133 1193 1772 20
16 6878 132 1171 1798 21
16.125 6875 133 1137 1834 21
16.25 6874 123 1130 1852 21
16.375 6870 120 1114 1874 22
16.5 6870 110 1098 1900 22
16.625 6869 103 1091 1915 22
16.75 6868 97 1072 1941 22
16.875 6867 93 1057 1961 22
17 6866 88 1048 1976 22
17.125 6864 85 1031 1998 22
17.25 6863 81 1011 2023 22
17.375 6862 77 1002 2037 22
17.5 6861 72 993 2052 22
17.625 6861 64 983 2070 22
17.75 6860 62 959 2097 22
17.875 6860 57 935 2126 22
18 6860 54 921 2143 22
18.125 6859 50 897 2172 22
18.25 6858 49 878 2193 22
18.375 6857 48 876 2197 22
18.5 6855 47 859 2217 22
18.625 6854 47 842 2235 22
18.75 6853 43 831 2251 22
18.875 6851 44 816 2267 22
19 6850 41 800 2287 22
19.125 6848 38 796 2296 22
19.25 6846 39 778 2314 23
19.375 6846 35 770 2326 23
19.5 6846 35 750 2345 24
19.625 6846 34 733 2363 24
19.75 6846 32 723 2375 24
19.875 6846 29 708 2393 24
20 6843 31 696 2406 24
20.125 6843 28 677 2428 24
20.25 6841 27 664 2444 24
20.375 6840 28 650 2458 24
20.5 6840 27 642 2467 24
20.625 6837 26 635 2478 24
20.75 6836 24 622 2494 24
20.875 6836 23 605 2512 24
21 6836 21 597 2521 25
21.125 6836 20 587 2532 25
21.25 6834 21 571 2549 25
21.375 6832 21 563 2559 25
21.5 6832 19 552 2572 25
21.625 6832 16 544 2583 25
21.75 6832 13 536 2594 25
21.875 6832 13 526 2604 25
22 6832 13 514 2616 25
22.125 6832 13 504 2626 25
22.25 6832 12 495 2636 25
22.375 6832 10 488 2645 25
22.5 6831 10 474 2660 25
22.625 6829 12 465 2669 25
22.75 6828 12 455 2680 25
22.875 6828 12 448 2687 25
23 6828 10 446 2691 25
23.125 6827 11 444 2693 25
23.25 6827 11 431 2706 25
23.375 6827 11 423 2714 25
23.5 6827 10 413 2725 25
23.625 6827 10 403 2734 26
23.75 6827 9 396 2742 26
23.875 6826 10 388 2750 26
24 6826 10 382 2756 26
24.125 6825 11 375 2762 27
24.25 6825 10 367 2771 27
24.375 6825 10 355 2783 27
24.5 6824 11 347 2791 27
24.625 6824 11 337 2801 27
24.75 6824 10 333 2806 27
24.875 6824 10 325 2814 27
25 6824 9 323 2817 27
25.125 6824 7 317 2825 27
25.25 6824 6 309 2834 27
25.375 6824 6 303 2840 27
25.5 6824 4 299 2846 27
25.625 6823 5 294 2851 27
25.75 6823 4 284 2862 27
25.875 6821 6 279 2867 27
26 6821 6 274 2872 27
26.125 6821 6 269 2877 27
26.25 6821 6 262 2883 28
26.375 6821 6 259 2886 28
26.5 6821 6 254 2891 28
26.625 6821 6 251 2894 28
26.75 6821 6 248 2896 29
26.875 6820 7 243 2901 29
27 6820 7 239 2905 29
27.125 6819 8 235 2909 29
27.25 6819 8 229 2915 29
27.375 6819 7 228 2917 29
27.5 6819 7 226 2919 29
27.625 6819 7 221 2924 29
27.75 6819 7 219 2926 29
27.875 6819 7 213 2932 29
28 6819 6 209 2937 29
28.125 6819 6 206 2940 29
28.25 6819 6 203 2943 29
28.375 6818 7 199 2947 29
28.5 6817 7 197 2950 29
28.625 6817 6 194 2954 29
28.75 6817 5 184 2965 29
28.875 6815 7 182 2967 29
29 6815 6 178 2972 29
29.125 6815 5 176 2975 29
29.25 6815 4 172 2980 29
29.375 6815 3 171 2982 29
29.5 6814 4 166 2987 29
29.625 6814 4 160 2993 29
29.75 6814 4 159 2994 29
29.875 6814 4 159 2994 29
30 6814 3 158 2996 29
30.125 6814 3 154 3000 29
30.25 6814 3 149 3005 29
30.375 6814 3 146 3008 29
30.5 6814 3 143 3011 29
30.625 6814 3 142 3012 29
30.75 6814 2 137 3018 29
30.875 6814 2 135 3020 29
31 6814 2 134 3021 29
31.125 6814 2 132 3023 29
31.25 6814 1 132 3024 29
31.375 6814 0 130 3027 29
31.5 6814 0 129 3028 29
31.625 6814 0 125 3032 29
31.75 6814 0 122 3035 29
31.875 6814 0 119 3038 29
32 6814 0 117 3040 29
32.125 6814 0 114 3043 29
32.25 6814 0 113 3044 29
32.375 6814 0 109 3048 29
32.5 6814 0 109 3048 29
32.625 6814 0 109 3048 29
32.75 6814 0 108 3049 29
32.875 6814 0 105 3052 29
33 6814 0 104 3053 29
33.125 6814 0 100 3057 29
33.25 6814 0 98 3059 29
33.375 6814 0 96 3061 29
33.5 6814 0 94 3063 29
33.625 6814 0 91 3066 29
33.75 6814 0 91 3066 29
33.875 6814 0 90 3067 29
34 6814 0 84 3073 29
34.125 6814 0 83 3074 29
34.25 6814 0 82 3075 29
34.375 6814 0 81 3076 29
34.5 6814 0 81 3076 29
34.625 6814 0 81 3076 29
34.75 6814 0 80 3077 29
34.875 6814 0 79 3078 29
35 6814 0 74 3083 29
35.125 6814 0 73 3084 29
35.25 6814 0 72 3085 29
35.375 6814 0 70 3087 29
35.5 6814 0 69 3088 29
35.625 6814 0 67 3090 29
35.75 6814 0 66 3091 29
35.875 6814 0 66 3091 29
36 6814 0 65 3092 29
36.125 6814 0 62 3095 29
36.25 6814 0 61 3096 29
36.375 6814 0 59 3098 29
36.5 6814 0 59 3098 29
36.625 6814 0 58 3099 29
36.75 6814 0 56 3101 29
36.875 6814 0 55 3102 29
37 6814 0 54 3103 29
37.125 6814 0 53 3104 29
37.25 6814 0 52 3105 29
37.375 6814 0 51 3106 29
37.5 6814 0 50 3107 29
37.625 6814 0 50 3107 29
37.75 6814 0 47 3110 29
37.875 6814 0 47 3110 29
38 6814 0 47 3110 29
38.125 6814 0 47 3110 29
38.25 6814 0 47 3110 29
38.375 6814 0 45 3112 29
38.5 6814 0 45 3112 29
38.625 6814 0 44 3113 29
38.75 6814 0 43 3114 29
38.875 6814 0 40 3117 29
39 6814 0 37 3120 29
39.125 6814 0 36 3121 29
39.25 6814 0 34 3123 29
39.375 6814 0 33 3124 29
39.5 6814 0 32 3125 29
39.625 6814 0 32 3125 29
39.75 6814 0 31 3126 29
39.875 6814 0 30 3127 29
40 6814 0 28 3129 29
40.125 6814 0 27 3130 29
40.25 6814 0 25 3132 29
40.375 6814 0 25 3132 29
40.5 6814 0 25 3132 29
40.625 6814 0 24 3133 29
40.75 6814 0 24 3133 29
40.875 6814 0 24 3133 29
41 6814 0 24 3133 29
41.125 6814 0 24 3133 29
41.25 6814 0 24 3133 29
41.375 6814 0 24 3133 29
41.5 6814 0 24 3133 29
41.625 6814 0 24 3133 29
41.75 6814 0 24 3133 29
41.875 6814 0 24 3133 29
42 6814 0 24 3133 29
42.125 6814 0 24 3133 29
42.25 6814 0 24 3133 29
42.375 6814 0 24 3133 29
42.5 6814 0 24 3133 29
42.625 6814 0 24 3133 29
42.75 6814 0 24 3133 29
42.875 6814 0 24 3133 29
43 6814 0 23 3134 29
43.125 6814 0 21 3136 29
43.25 6814 0 20 3137 29
43.375 6814 0 19 3138 29
43.5 6814 0 18 3139 29
43.625 6814 0 18 3139 29
43.75 6814 0 18 3139 29
43.875 6814 0 18 3139 29
44 6814 0 17 3140 29
44.125 6814 0 17 3140 29
44.25 6814 0 14 3142 30
44.375 6814 0 13 3143 30
44.5 6814 0 13 3143 30
44.625 6814 0 11 3145 30
44.75 6814 0 10 3146 30
44.875 6814 0 10 3146 30
45 6814 0 9 3147 30
45.125 6814 0 9 3147 30
45.25 6814 0 9 3147 30
45.375 6814 0 9 3147 30
45.5 6814 0 8 3148 30
45.625 6814 0 7 3149 30
45.75 6814 0 7 3149 30
45.875 6814 0 7 3149 30
46 6814 0 6 3150 30
46.125 6814 0 6 3150 30
46.25 6814 0 6 3150 30
46.375 6814 0 6 3150 30
46.5 6814 0 6 3150 30
46.625 6814 0 6 3150 30
46.75 6814 0 6 3150 30
46.875 6814 0 6 3150 30
47 6814 0 6 3150 30
47.125 6814 0 6 3150 30
47.25 6814 0 6 3150 30
47.375 6814 0 6 3150 30
47.5 6814 0 6 3150 30
47.625 6814 0 6 3150 30
47.75 6814 0 5 3151 30
47.875 6814 0 5 3151 30
48 6814 0 5 3151 30
48.125 6814 0 5 3151 30
48.25 6814 0 5 3151 30
48.375 6814 0 5 3151 30
48.5 6814 0 5 3151 30
48.625 6814 0 5 3151 30
48.75 6814 0 5 3151 30
48.875 6814 0 5 3151 30
49 6814 0 5 3151 30
49.125 6814 0 5 3151 30
49.25 6814 0 5 3151 30
49.375 6814 0 5 3151 30
49.5 6814 0 4 3152 30
49.625 6814 0 4 3152 30
49.75 6814 0 3 3153 30
49.875 6814 0 3 3153 30
50 6814 0 3 3153 30
50.125 6814 0 3 3153 30
50.25 6814 0 3 3153 30
50.375 6814 0 3 3153 30
50.5 6814 0 3 3153 30
50.625 6814 0 3 3153 30
50.75 6814 0 3 3153 30
50.875 6814 0 3 3153 30
51 6814 0 3 3153 30
51.125 6814 0 3 3153 30
51.25 6814 0 2 3154 30
51.375 6814 0 2 3154 30
51.5 6814 0 2 3154 30
51.625 6814 0 2 3154 30
51.75 6814 0 2 3154 30
51.875 6814 0 2 3154 30
52 6814 0 1 3155 30
52.125 6814 0 1 3155 30
52.25 6814 0 1 3155 30
52.375 6814 0 1 3155 30
52.5 6814 0 1 3155 30
52.625 6814 0 1 3155 30
52.75 6814 0 1 3155 30
52.875 6814 0 1 3155 30
53 6814 0 1 3155 30
53.125 6814 0 1 3155 30
53.25 6814 0 1 3155 30
53.375 6814 0 1 3155 30
53.5 6814 0 1 3155 30
53.625 6814 0 1 3155 30
53.75 6814 0 1 3155 30
53.875 6814 0 1 3155 30
54 6814 0 1 3155 30
54.125 6814 0 1 3155 30
54.25 6814 0 1 3155 30
54.375 6814 0 1 3155 30
54.5 6814 0 1 3155 30
54.625 6814 0 1 3155 30
54.75 6814 0 1 3155 30
54.875 6814 0 1 3155 30
55 6814 0 1 3155 30
55.125 6814 0 1 3155 30
55.25 6814 0 1 3155 30
55.375 6814 0 1 3155 30
55.5 6814 0 1 3155 30
55.625 6814 0 1 3155 30
55.75 6814 0 1 3155 30
55.875 6814 0 1 3155 30
56 6814 0 1 3155 30
56.125 6814 0 1 3155 30
56.25 6814 0 1 3155 30
56.375 6814 0 1 3155 30
56.5 6814 0 1 3155 30
56.625 6814 0 1 3155 30
56.75 6814 0 1 3155 30
56.875 6814 0 1 3155 30
57 6814 0 1 3155 30
57.125 6814 0 1 3155 30
57.25 6814 0 1 3155 30
57.375 6814 0 1 3155 30
57.5 6814 0 1 3155 30
57.625 6814 0 1 3155 30
57.75 6814 0 1 3155 30
57.875 6814 0 1 3155 30
58 6814 0 1 3155 30
58.125 6814 0 1 3155 30
58.25 6814 0 1 3155 30
58.375 6814 0 1 3155 30
58.5 6814 0 1 3155 30
58.625 6814 0 1 3155 30
58.75 6814 0 1 3155 30
58.875 6814 0 1 3155 30
59 6814 0 1 3155 30
59.125 6814 0 1 3155 30
59.25 6814 0 1 3155 30
59.375 6814 0 1 3155 30
59.5 6814 0 1 3155 30
59.625 6814 0 1 3155 30
59.75 6814 0 1 3155 30
59.875 6814 0 1 3155 30
60 6814 0 1 3155 30
60.125 6814 0 1 3155 30
60.25 6814 0 1 3155 30
60.375 6814 0 1 3155 30
60.5 6814 0 1 3155 30
60.625 6814 0 1 3155 30
60.75 6814 0 1 3155 30
60.875 6814 0 1 3155 30
61 6814 0 1 3155 30
61.125 6814 0 1 3155 30
61.25 6814 0 1 3155 30
61.375 6814 0 1 3155 30
61.5 6814 0 1 3155 30
61.625 6814 0 1 3155 30
61.75 6814 0 1 3155 30
61.875 6814 0 1 3155 30
62 6814 0 1 3155 30
62.125 6814 0 1 3155 30
62.25 6814 0 1 3155 30
62.375 6814 0 1 3155 30
62.5 6814 0 1 3155 30
62.625 6814 0 0 3156 30
