t S E I R D
0 9998 0 2 0 0
0.125 9998 0 2 0 0
0.25 9998 0 2 0 0
0.375 9998 0 2 0 0
0.5 9998 0 2 0 0
0.625 9998 0 2 0 0
0.75 9997 1 2 0 0
0.875 9997 0 3 0 0
1 9995 2 2 1 0
1.125 9994 3 2 1 0
1.25 9994 3 2 1 0
1.375 9994 3 2 1 0
1.5 9994 3 2 1 0
1.625 9994 3 2 1 0
1.75 9994 3 2 1 0
1.875 9994 3 2 1 0
2 9993 4 1 2 0
2.125 9993 4 1 2 0
2.25 9993 4 1 2 0
2.375 9993 4 1 2 0
2.5 9993 3 2 2 0
2.625 9992 4 2 2 0
2.75 9992 4 2 2 0
2.875 9992 4 2 2 0
3 9992 4 1 3 0
3.125 9991 5 1 3 0
3.25 9991 5 1 3 0
3.375 9991 5 1 3 0
3.5 9990 6 1 3 0
3.625 9990 6 1 3 0
3.75 9990 5 2 3 0
3.875 9990 5 2 3 0
4 9989 4 4 3 0
4.125 9989 3 5 3 0
4.25 9987 5 5 3 0
4.375 9986 6 5 3 0
4.5 9986 6 5 3 0
4.625 9986 6 5 3 0
4.75 9984 8 5 3 0
4.875 9983 9 5 3 0
5 9980 10 7 3 0
5.125 9979 11 7 3 0
5.25 9979 11 6 4 0
5.375 9978 12 5 5 0
5.5 9977 12 6 5 0
5.625 9976 12 7 5 0
5.75 9975 13 7 5 0
5.875 9975 13 7 5 0
6 9974 14 7 5 0
6.125 9973 15 6 6 0
6.25 9973 12 9 6 0
6.375 9971 13 10 6 0
6.5 9959 25 10 6 0
6.625 9954 30 9 7 0
6.75 9950 32 11 7 0
6.875 9947 33 12 8 0
7 9946 32 14 8 0
7.125 9945 32 14 9 0
7.25 9944 30 16 10 0
7.375 9942 29 19 10 0
7.5 9933 36 20 11 0
7.625 9927 38 22 13 0
7.75 9917 45 25 13 0
7.875 9914 44 26 16 0
8 9908 48 27 17 0
8.125 9903 51 29 17 0
8.25 9898 52 32 18 0
8.375 9896 48 37 19 0
8.5 9882 59 39 20 0
8.625 9860 73 46 21 0
8.75 9838 91 50 21 0
8.875 9824 101 52 23 0
9 9793 123 60 24 0
9.125 9757 150 67 26 0
9.25 9722 179 73 26 0
9.375 9689 195 90 26 0
9.5 9648 229 94 29 0
9.625 9599 271 98 32 0
9.75 9560 303 104 33 0
9.875 9528 319 118 35 0
10 9482 345 137 36 0
10.125 9438 369 155 38 0
10.25 9377 405 177 41 0
10.375 9311 440 205 44 0
10.5 9241 484 225 50 0
10.625 9160 532 252 56 0
10.75 9068 600 269 63 0
10.875 8994 637 304 65 0
11 8918 663 350 69 0
11.125 8824 718 381 77 0
11.25 8715 790 408 87 0
11.375 8619 824 464 93 0
11.5 8512 881 503 104 0
11.625 8406 942 535 117 0
11.75 8297 992 584 127 0
11.875 8204 1025 625 146 0
12 8106 1075 657 162 0
12.125 7999 1115 715 171 0
12.25 7876 1176 755 193 0
12.375 7763 1232 797 208 0
12.5 7652 1269 846 233 0
12.625 7536 1293 916 255 0
12.75 7411 1342 973 274 0
12.875 7287 1383 1033 297 0
13 7160 1419 1095 325 1
13.125 7038 1455 1154 352 1
13.25 6942 1464 1207 386 1
13.375 6839 1461 1291 408 1
13.5 6738 1480 1350 431 1
13.625 6647 1489 1397 465 2
13.75 6564 1477 1458 499 2
13.875 6482 1478 1516 522 2
14 6408 1457 1583 550 2
14.125 6343 1424 1660 571 2
14.25 6279 1414 1689 613 5
14.375 6211 1388 1748 648 5
14.5 6148 1375 1785 687 5
14.625 6092 1354 1823 726 5
14.75 6045 1335 1851 764 5
14.875 6008 1288 1900 799 5
15 5972 1251 1936 835 6
15.125 5936 1211 1980 867 6
15.25 5899 1162 2031 902 6
15.375 5862 1123 2070 939 6
15.5 5832 1077 2098 986 7
15.625 5803 1028 2136 1025 8
15.75 5780 998 2137 1077 8
15.875 5761 963 2141 1127 8
16 5742 922 2152 1175 9
16.125 5725 890 2157 1218 10
16.25 5703 846 2184 1257 10
16.375 5686 820 2183 1300 11
16.5 5669 787 2172 1361 11
16.625 5664 747 2160 1418 11
16.75 5648 725 2160 1456 11
16.875 5638 703 2154 1492 13
17 5626 665 2155 1541 13
17.125 5620 634 2149 1584 13
17.25 5612 614 2137 1623 14
17.375 5598 599 2124 1665 14
17.5 5584 587 2098 1716 15
17.625 5572 559 2089 1764 16
17.75 5562 529 2089 1803 17
17.875 5552 499 2084 1847 18
18 5546 475 2078 1883 18
18.125 5540 455 2059 1927 19
18.25 5534 434 2048 1964 20
18.375 5531 410 2045 1993 21
18.5 5524 384 2032 2039 21
18.625 5518 367 2008 2085 22
18.75 5515 350 1989 2124 22
18.875 5510 327 1966 2175 22
19 5508 317 1945 2208 22
19.125 5505 302 1930 2240 23
19.25 5500 291 1915 2271 23
19.375 5497 268 1897 2314 24
19.5 5494 258 1871 2353 24
19.625 5493 245 1835 2403 24
19.75 5490 232 1810 2444 24
19.875 5486 215 1790 2484 25
20 5480 211 1766 2517 26
20.125 5477 199 1734 2564 26
20.25 5473 191 1706 2602 28
20.375 5471 185 1682 2634 28
20.5 5471 175 1656 2670 28
20.625 5470 167 1627 2708 28
20.75 5467 163 1604 2738 28
20.875 5465 158 1580 2769 28
21 5462 148 1555 2806 29
21.125 5460 140 1527 2844 29
21.25 5458 139 1511 2861 31
21.375 5457 125 1504 2883 31
21.5 5456 120 1482 2911 31
21.625 5456 111 1467 2935 31
21.75 5452 112 1439 2965 32
21.875 5451 108 1411 2998 32
22 5450 103 1388 3027 32
22.125 5448 101 1360 3059 32
22.25 5447 96 1345 3080 32
22.375 5442 93 1324 3108 33
22.5 5441 91 1305 3129 34
22.625 5437 90 1280 3159 34
22.75 5436 82 1251 3197 34
22.875 5436 77 1235 3217 35
23 5433 74 1218 3240 35
23.125 5431 76 1187 3271 35
23.25 5431 73 1161 3300 35
23.375 5430 67 1152 3316 35
23.5 5428 66 1136 3335 35
23.625 5427 62 1109 3366 36
23.75 5427 57 1091 3389 36
23.875 5427 53 1072 3412 36
24 5427 51 1053 3433 36
24.125 5427 48 1036 3453 36
24.25 5424 49 1013 3478 36
24.375 5424 47 989 3504 36
24.5 5423 47 976 3518 36
24.625 5422 44 957 3541 36
24.75 5422 42 947 3553 36
24.875 5422 41 928 3573 36
25 5420 42 914 3587 37
25.125 5420 41 900 3601 38
25.25 5420 40 881 3621 38
25.375 5419 38 866 3639 38
25.5 5419 36 849 3658 38
25.625 5419 35 828 3680 38
25.75 5418 32 814 3698 38
25.875 5418 30 799 3714 39
26 5418 28 788 3727 39
26.125 5418 28 774 3741 39
26.25 5418 25 760 3758 39
26.375 5418 21 747 3775 39
26.5 5418 19 734 3790 39
26.625 5418 17 718 3807 40
26.75 5418 14 711 3817 40
26.875 5418 14 697 3831 40
27 5418 13 684 3845 40
27.125 5418 12 671 3859 40
27.25 5418 11 653 3877 41
27.375 5418 11 637 3893 41
27.5 5418 8 628 3904 42
27.625 5418 7 612 3921 42
27.75 5418 7 600 3933 42
27.875 5418 5 590 3945 42
28 5418 5 579 3956 42
28.125 5418 5 567 3968 42
28.25 5417 6 556 3979 42
28.375 5417 6 543 3992 42
28.5 5416 7 534 4001 42
28.625 5415 8 519 4016 42
28.75 5415 8 508 4027 42
28.875 5414 8 497 4039 42
29 5414 8 485 4051 42
29.125 5414 7 479 4058 42
29.25 5414 7 465 4072 42
29.375 5413 8 454 4083 42
29.5 5413 8 447 4090 42
29.625 5413 8 433 4104 42
29.75 5413 8 426 4110 43
29.875 5413 5 419 4120 43
30 5412 6 401 4138 43
30.125 5412 5 393 4147 43
30.25 5412 5 387 4152 44
30.375 5412 5 385 4154 44
30.5 5412 5 378 4161 44
30.625 5412 5 373 4166 44
30.75 5412 5 365 4174 44
30.875 5412 4 360 4180 44
31 5412 4 354 4186 44
31.125 5412 4 346 4194 44
31.25 5411 4 342 4199 44
31.375 5411 3 337 4205 44
31.5 5411 2 326 4216 45
31.625 5411 2 319 4223 45
31.75 5411 2 312 4230 45
31.875 5411 2 302 4240 45
32 5411 2 294 4248 45
32.125 5411 1 288 4255 45
32.25 5411 1 285 4258 45
32.375 5410 2 278 4265 45
32.5 5410 2 276 4267 45
32.625 5410 2 272 4271 45
32.75 5410 2 266 4277 45
32.875 5410 1 264 4280 45
33 5410 1 259 4285 45
33.125 5410 1 253 4291 45
33.25 5410 1 248 4296 45
33.375 5410 1 244 4300 45
33.5 5410 0 237 4308 45
33.625 5410 0 232 4313 45
33.75 5410 0 226 4319 45
33.875 5410 0 223 4322 45
34 5410 0 218 4327 45
34.125 5410 0 214 4331 45
34.25 5410 0 211 4334 45
34.375 5410 0 206 4339 45
34.5 5410 0 203 4342 45
34.625 5410 0 198 4347 45
34.75 5410 0 195 4350 45
34.875 5410 0 191 4354 45
35 5410 0 188 4357 45
35.125 5410 0 185 4360 45
35.25 5410 0 182 4362 46
35.375 5410 0 179 4365 46
35.5 5410 0 175 4369 46
35.625 5410 0 171 4373 46
35.75 5410 0 169 4375 46
35.875 5410 0 167 4377 46
36 5410 0 163 4381 46
36.125 5410 0 159 4385 46
36.25 5410 0 157 4387 46
36.375 5410 0 153 4391 46
36.5 5410 0 146 4398 46
36.625 5410 0 142 4402 46
36.75 5410 0 140 4404 46
36.875 5410 0 137 4407 46
37 5410 0 131 4413 46
37.125 5410 0 129 4415 46
37.25 5410 0 126 4418 46
37.375 5410 0 122 4422 46
37.5 5410 0 118 4426 46
37.625 5410 0 115 4429 46
37.75 5410 0 112 4432 46
37.875 5410 0 111 4433 46
38 5410 0 108 4436 46
38.125 5410 0 106 4438 46
38.25 5410 0 105 4439 46
38.375 5410 0 102 4442 46
38.5 5410 0 101 4443 46
38.625 5410 0 98 4446 46
38.75 5410 0 98 4446 46
38.875 5410 0 95 4449 46
39 5410 0 94 4450 46
39.125 5410 0 92 4452 46
39.25 5410 0 85 4459 46
39.375 5410 0 81 4463 46
39.5 5410 0 77 4467 46
39.625 5410 0 77 4467 46
39.75 5410 0 75 4469 46
39.875 5410 0 74 4470 46
40 5410 0 70 4474 46
40.125 5410 0 69 4475 46
40.25 5410 0 67 4477 46
40.375 5410 0 67 4477 46
40.5 5410 0 63 4481 46
40.625 5410 0 61 4483 46
40.75 5410 0 59 4485 46
40.875 5410 0 59 4485 46
41 5410 0 56 4488 46
41.125 5410 0 56 4488 46
41.25 5410 0 55 4489 46
41.375 5410 0 53 4491 46
41.5 5410 0 51 4493 46
41.625 5410 0 48 4496 46
41.75 5410 0 44 4500 46
41.875 5410 0 42 4502 46
42 5410 0 42 4502 46
42.125 5410 0 42 4502 46
42.25 5410 0 41 4503 46
42.375 5410 0 38 4506 46
42.5 5410 0 37 4507 46
42.625 5410 0 37 4507 46
42.75 5410 0 37 4507 46
42.875 5410 0 35 4509 46
43 5410 0 35 4509 46
43.125 5410 0 35 4509 46
43.25 5410 0 33 4511 46
43.375 5410 0 32 4511 47
43.5 5410 0 32 4511 47
43.625 5410 0 31 4512 47
43.75 5410 0 30 4513 47
43.875 5410 0 30 4513 47
44 5410 0 30 4513 47
44.125 5410 0 30 4513 47
44.25 5410 0 30 4513 47
44.375 5410 0 30 4513 47
44.5 5410 0 28 4515 47
44.625 5410 0 28 4515 47
44.75 5410 0 28 4515 47
44.875 5410 0 28 4515 47
45 5410 0 27 4516 47
45.125 5410 0 26 4517 47
45.25 5410 0 26 4517 47
45.375 5410 0 26 4517 47
45.5 5410 0 25 4518 47
45.625 5410 0 25 4518 47
45.75 5410 0 25 4518 47
45.875 5410 0 24 4519 47
46 5410 0 24 4519 47
46.125 5410 0 23 4520 47
46.25 5410 0 22 4521 47
46.375 5410 0 22 4521 47
46.5 5410 0 21 4522 47
46.625 5410 0 21 4522 47
46.75 5410 0 21 4522 47
46.875 5410 0 20 4523 47
47 5410 0 19 4524 47
47.125 5410 0 19 4524 47
47.25 5410 0 19 4524 47
47.375 5410 0 19 4524 47
47.5 5410 0 18 4525 47
47.625 5410 0 18 4525 47
47.75 5410 0 18 4525 47
47.875 5410 0 18 4525 47
48 5410 0 18 4525 47
48.125 5410 0 18 4525 47
48.25 5410 0 18 4525 47
48.375 5410 0 17 4526 47
48.5 5410 0 16 4527 47
48.625 5410 0 16 4527 47
48.75 5410 0 14 4529 47
48.875 5410 0 14 4529 47
49 5410 0 14 4529 47
49.125 5410 0 13 4530 47
49.25 5410 0 13 4530 47
49.375 5410 0 13 4530 47
49.5 5410 0 13 4530 47
49.625 5410 0 12 4531 47
49.75 5410 0 12 4531 47
49.875 5410 0 12 4531 47
50 5410 0 11 4532 47
50.125 5410 0 11 4532 47
50.25 5410 0 11 4532 47
50.375 5410 0 11 4532 47
50.5 5410 0 11 4532 47
50.625 5410 0 11 4532 47
50.75 5410 0 10 4533 47
50.875 5410 0 10 4533 47
51 5410 0 10 4533 47
51.125 5410 0 10 4533 47
51.25 5410 0 10 4533 47
51.375 5410 0 9 4534 47
51.5 5410 0 9 4534 47
51.625 5410 0 9 4534 47
51.75 5410 0 9 4534 47
51.875 5410 0 9 4534 47
52 5410 0 9 4534 47
52.125 5410 0 9 4534 47
52.25 5410 0 9 4534 47
52.375 5410 0 9 4534 47
52.5 5410 0 9 4534 47
52.625 5410 0 9 4534 47
52.75 5410 0 9 4534 47
52.875 5410 0 9 4534 47
53 5410 0 9 4534 47
53.125 5410 0 9 4534 47
53.25 5410 0 8 4535 47
53.375 5410 0 8 4535 47
53.5 5410 0 8 4535 47
53.625 5410 0 8 4535 47
53.75 5410 0 8 4535 47
53.875 5410 0 8 4535 47
54 5410 0 8 4535 47
54.125 5410 0 8 4535 47
54.25 5410 0 8 4535 47
54.375 5410 0 8 4535 47
54.5 5410 0 8 4535 47
54.625 5410 0 8 4535 47
54.75 5410 0 7 4536 47
54.875 5410 0 7 4536 47
55 5410 0 7 4536 47
55.125 5410 0 7 4536 47
55.25 5410 0 7 4536 47
55.375 5410 0 6 4537 47
55.5 5410 0 6 4537 47
55.625 5410 0 4 4539 47
55.75 5410 0 4 4539 47
55.875 5410 0 4 4539 47
56 5410 0 4 4539 47
56.125 5410 0 4 4539 47
56.25 5410 0 4 4539 47
56.375 5410 0 4 4539 47
56.5 5410 0 4 4539 47
56.625 5410 0 3 4540 47
56.75 5410 0 3 4540 47
56.875 5410 0 3 4540 47
57 5410 0 3 4540 47
57.125 5410 0 3 4540 47
57.25 5410 0 2 4541 47
57.375 5410 0 2 4541 47
57.5 5410 0 2 4541 47
57.625 5410 0 2 4541 47
57.75 5410 0 2 4541 47
57.875 5410 0 2 4541 47
58 5410 0 2 4541 47
58.125 5410 0 2 4541 47
58.25 5410 0 2 4541 47
58.375 5410 0 2 4541 47
58.5 5410 0 2 4541 47
58.625 5410 0 2 4541 47
58.75 5410 0 2 4541 47
58.875 5410 0 2 4541 47
59 5410 0 2 4541 47
59.125 5410 0 2 4541 47
59.25 5410 0 2 4541 47
59.375 5410 0 1 4542 47
59.5 5410 0 1 4542 47
59.625 5410 0 1 4542 47
59.75 5410 0 0 4543 47
