t S E I R D
0 9998 0 2 0 0
0.125 9998 0 2 0 0
0.25 9997 1 2 0 0
0.375 9997 1 2 0 0
0.5 9997 1 2 0 0
0.625 9996 2 2 0 0
0.75 9996 2 2 0 0
0.875 9996 2 2 0 0
1 9996 2 2 0 0
1.125 9996 2 2 0 0
1.25 9995 2 3 0 0
1.375 9995 2 3 0 0
1.5 9995 2 3 0 0
1.625 9993 4 3 0 0
1.75 9993 4 3 0 0
1.875 9993 3 4 0 0
2 9993 3 4 0 0
2.125 9992 4 4 0 0
2.25 9992 4 4 0 0
2.375 9990 6 4 0 0
2.5 9990 6 4 0 0
2.625 9990 5 5 0 0
2.75 9990 5 5 0 0
2.875 9989 5 6 0 0
3 9988 6 6 0 0
3.125 9988 6 5 1 0
3.25 9986 7 6 1 0
3.375 9984 7 8 1 0
3.5 9983 8 7 2 0
3.625 9983 8 7 2 0
3.75 9982 8 8 2 0
3.875 9981 9 8 2 0
4 9980 9 9 2 0
4.125 9977 12 9 2 0
4.25 9972 16 10 2 0
4.375 9971 15 12 2 0
4.5 9966 20 12 2 0
4.625 9962 22 14 2 0
4.75 9954 28 16 2 0
4.875 9950 31 17 2 0
5 9938 43 16 3 0
5.125 9935 45 17 3 0
5.25 9933 44 19 4 0
5.375 9928 48 19 5 0
5.5 9922 51 22 5 0
5.625 9915 58 21 6 0
5.75 9909 59 26 6 0
5.875 9903 64 26 7 0
6 9895 69 29 7 0
6.125 9886 73 34 7 0
6.25 9868 87 37 8 0
6.375 9849 98 44 9 0
6.5 9827 119 45 9 0
6.625 9796 140 55 9 0
6.75 9757 169 65 9 0
6.875 9722 198 70 10 0
7 9687 221 81 11 0
7.125 9647 249 92 12 0
7.25 9593 292 99 16 0
7.375 9571 299 111 19 0
7.5 9527 328 125 20 0
7.625 9496 333 150 21 0
7.75 9455 350 171 24 0
7.875 9405 380 189 26 0
8 9342 422 205 31 0
8.125 9274 455 235 36 0
8.25 9229 472 253 46 0
8.375 9164 502 280 54 0
8.5 9111 523 304 62 0
8.625 9051 554 324 71 0
8.75 8997 571 351 81 0
8.875 8922 613 380 85 0
9 8848 652 407 92 1
9.125 8843 627 430 99 1
9.25 8839 591 464 105 1
9.375 8827 567 491 114 1
9.5 8817 544 512 126 1
9.625 8807 522 533 137 1
9.75 8797 490 562 150 1
9.875 8787 474 581 157 1
10 8776 448 610 165 1
10.125 8765 431 625 177 2
10.25 8759 407 644 187 3
10.375 8751 381 669 196 3
10.5 8746 360 677 214 3
10.625 8741 342 682 232 3
10.75 8738 323 690 246 3
10.875 8735 305 699 258 3
11 8730 294 700 273 3
11.125 8726 283 698 290 3
11.25 8719 277 694 306 4
11.375 8716 268 687 325 4
11.5 8714 253 692 337 4
11.625 8712 243 690 351 4
11.75 8709 230 689 368 4
11.875 8707 218 688 383 4
12 8705 203 686 402 4
12.125 8703 194 690 409 4
12.25 8696 191 692 417 4
12.375 8693 185 686 432 4
12.5 8691 178 684 442 5
12.625 8685 171 675 464 5
12.75 8682 164 669 480 5
12.875 8679 161 660 494 6
13 8675 153 659 507 6
13.125 8675 143 653 523 6
13.25 8672 141 651 530 6
13.375 8670 132 657 535 6
13.5 8669 124 650 551 6
13.625 8662 121 645 566 6
13.75 8659 118 632 585 6
13.875 8657 111 628 598 6
14 8656 105 619 614 6
14.125 8655 98 616 625 6
14.25 8654 92 609 639 6
14.375 8651 89 604 650 6
14.5 8650 86 590 668 6
14.625 8650 78 591 675 6
14.75 8650 75 585 684 6
14.875 8649 73 576 696 6
15 8648 68 573 705 6
15.125 8642 72 563 717 6
15.25 8640 68 554 732 6
15.375 8639 65 544 746 6
15.5 8639 60 538 757 6
15.625 8638 58 528 769 7
15.75 8636 59 521 777 7
15.875 8633 61 512 787 7
16 8630 62 499 801 8
16.125 8629 61 492 810 8
16.25 8628 57 493 814 8
16.375 8626 58 482 826 8
16.5 8625 57 475 835 8
16.625 8624 55 468 845 8
16.75 8624 51 458 859 8
16.875 8622 49 456 865 8
17 8621 49 450 872 8
17.125 8620 48 443 881 8
17.25 8619 46 437 890 8
17.375 8618 44 427 903 8
17.5 8618 42 422 909 9
17.625 8617 41 410 923 9
17.75 8615 40 405 931 9
17.875 8614 38 394 945 9
18 8613 36 389 953 9
18.125 8612 33 380 966 9
18.25 8610 31 374 976 9
18.375 8609 29 368 985 9
18.5 8607 28 366 990 9
18.625 8606 29 354 1002 9
18.75 8606 28 350 1007 9
18.875 8606 27 345 1013 9
19 8606 24 334 1027 9
19.125 8606 24 327 1034 9
19.25 8605 22 323 1041 9
19.375 8604 22 321 1044 9
19.5 8604 22 316 1049 9
19.625 8603 22 308 1058 9
19.75 8602 22 309 1058 9
19.875 8601 22 305 1063 9
20 8599 22 298 1072 9
20.125 8599 21 294 1077 9
20.25 8599 20 287 1085 9
20.375 8599 19 280 1092 10
20.5 8599 19 276 1096 10
20.625 8599 19 269 1103 10
20.75 8599 17 266 1108 10
20.875 8597 19 263 1111 10
21 8596 19 257 1118 10
21.125 8596 17 254 1123 10
21.25 8593 18 251 1128 10
21.375 8593 16 248 1133 10
21.5 8593 16 241 1140 10
21.625 8591 15 240 1143 11
21.75 8591 13 235 1150 11
21.875 8591 12 233 1153 11
22 8590 12 231 1156 11
22.125 8590 11 224 1164 11
22.25 8590 11 221 1167 11
22.375 8590 11 217 1171 11
22.5 8590 11 211 1177 11
22.625 8589 11 204 1185 11
22.75 8589 11 201 1188 11
22.875 8589 11 197 1192 11
23 8589 11 191 1198 11
23.125 8589 11 186 1202 12
23.25 8589 10 184 1205 12
23.375 8588 11 179 1210 12
23.5 8588 11 178 1211 12
23.625 8588 11 173 1216 12
23.75 8588 11 169 1219 13
23.875 8588 10 166 1223 13
24 8587 10 161 1229 13
24.125 8587 10 158 1232 13
24.25 8587 10 154 1236 13
24.375 8587 9 152 1239 13
24.5 8587 9 148 1243 13
24.625 8587 8 149 1243 13
24.75 8587 6 145 1249 13
24.875 8587 6 143 1251 13
25 8587 5 143 1251 14
25.125 8587 4 142 1253 14
25.25 8587 4 137 1258 14
25.375 8587 4 135 1260 14
25.5 8587 4 133 1262 14
25.625 8587 2 132 1265 14
25.75 8587 1 131 1267 14
25.875 8587 1 130 1268 14
26 8587 1 129 1269 14
26.125 8587 1 125 1273 14
26.25 8587 1 123 1275 14
26.375 8587 0 121 1278 14
26.5 8587 0 118 1281 14
26.625 8586 1 114 1285 14
26.75 8586 1 109 1290 14
26.875 8586 0 104 1295 15
27 8586 0 102 1297 15
27.125 8586 0 101 1298 15
27.25 8585 1 99 1300 15
27.375 8585 1 98 1301 15
27.5 8585 1 95 1304 15
27.625 8585 1 95 1304 15
27.75 8585 1 95 1304 15
27.875 8585 1 94 1305 15
28 8584 2 91 1308 15
28.125 8584 2 90 1309 15
28.25 8584 1 91 1309 15
28.375 8584 0 91 1310 15
28.5 8583 1 88 1313 15
28.625 8582 2 84 1317 15
28.75 8582 2 81 1320 15
28.875 8582 1 78 1324 15
29 8582 1 77 1325 15
29.125 8582 1 75 1327 15
29.25 8582 1 73 1329 15
29.375 8582 1 70 1332 15
29.5 8582 1 70 1332 15
29.625 8582 1 67 1335 15
29.75 8582 1 65 1337 15
29.875 8581 2 64 1338 15
30 8581 2 64 1338 15
30.125 8581 2 62 1340 15
30.25 8581 2 59 1343 15
30.375 8581 1 60 1343 15
30.5 8581 1 58 1345 15
30.625 8581 1 56 1347 15
30.75 8581 1 56 1347 15
30.875 8581 1 54 1349 15
31 8581 1 53 1350 15
31.125 8581 1 51 1352 15
31.25 8581 1 49 1354 15
31.375 8581 1 49 1354 15
31.5 8581 1 48 1355 15
31.625 8581 1 47 1355 16
31.75 8580 2 46 1356 16
31.875 8580 2 44 1358 16
32 8580 1 42 1361 16
32.125 8580 1 40 1363 16
32.25 8580 1 40 1363 16
32.375 8580 1 39 1364 16
32.5 8580 1 37 1366 16
32.625 8580 1 37 1366 16
32.75 8580 1 36 1367 16
32.875 8580 1 34 1369 16
33 8580 1 34 1369 16
33.125 8580 1 34 1369 16
33.25 8580 1 32 1371 16
33.375 8580 1 32 1371 16
33.5 8580 1 32 1371 16
33.625 8580 1 30 1373 16
33.75 8580 1 27 1376 16
33.875 8580 1 27 1376 16
34 8580 1 27 1376 16
34.125 8580 1 27 1376 16
34.25 8580 1 26 1377 16
34.375 8580 1 26 1377 16
34.5 8580 1 26 1377 16
34.625 8580 1 25 1378 16
34.75 8580 1 25 1378 16
34.875 8580 1 24 1379 16
35 8580 1 24 1379 16
35.125 8580 1 24 1379 16
35.25 8580 1 24 1379 16
35.375 8580 1 24 1379 16
35.5 8580 1 23 1380 16
35.625 8580 1 23 1380 16
35.75 8580 0 23 1381 16
35.875 8580 0 23 1381 16
36 8580 0 22 1382 16
36.125 8580 0 22 1382 16
36.25 8580 0 21 1383 16
36.375 8580 0 19 1385 16
36.5 8580 0 19 1385 16
36.625 8580 0 19 1385 16
36.75 8580 0 19 1385 16
36.875 8580 0 18 1386 16
37 8580 0 17 1387 16
37.125 8580 0 16 1388 16
37.25 8580 0 16 1388 16
37.375 8580 0 16 1388 16
37.5 8580 0 16 1388 16
37.625 8580 0 15 1389 16
37.75 8580 0 15 1389 16
37.875 8580 0 14 1390 16
38 8580 0 14 1390 16
38.125 8580 0 13 1391 16
38.25 8580 0 13 1391 16
38.375 8580 0 11 1393 16
38.5 8580 0 11 1393 16
38.625 8580 0 11 1393 16
38.75 8580 0 10 1394 16
38.875 8580 0 10 1394 16
39 8580 0 10 1394 16
39.125 8580 0 10 1394 16
39.25 8580 0 10 1394 16
39.375 8580 0 9 1395 16
39.5 8580 0 9 1395 16
39.625 8580 0 9 1395 16
39.75 8580 0 8 1396 16
39.875 8580 0 8 1396 16
40 8580 0 8 1396 16
40.125 8580 0 8 1396 16
40.25 8580 0 8 1396 16
40.375 8580 0 8 1396 16
40.5 8580 0 8 1396 16
40.625 8580 0 8 1396 16
40.75 8580 0 8 1396 16
40.875 8580 0 8 1396 16
41 8580 0 8 1396 16
41.125 8580 0 8 1396 16
41.25 8580 0 8 1396 16
41.375 8580 0 8 1396 16
41.5 8580 0 8 1396 16
41.625 8580 0 8 1396 16
41.75 8580 0 7 1397 16
41.875 8580 0 7 1397 16
42 8580 0 7 1397 16
42.125 8580 0 7 1397 16
42.25 8580 0 7 1397 16
42.375 8580 0 7 1397 16
42.5 8580 0 6 1398 16
42.625 8580 0 6 1398 16
42.75 8580 0 6 1398 16
42.875 8580 0 6 1398 16
43 8580 0 6 1398 16
43.125 8580 0 6 1398 16
43.25 8580 0 6 1398 16
43.375 8580 0 6 1398 16
43.5 8580 0 6 1398 16
43.625 8580 0 6 1398 16
43.75 8580 0 6 1398 16
43.875 8580 0 6 1398 16
44 8580 0 6 1398 16
44.125 8580 0 6 1398 16
44.25 8580 0 6 1398 16
44.375 8580 0 6 1398 16
44.5 8580 0 6 1398 16
44.625 8580 0 6 1398 16
44.75 8580 0 5 1399 16
44.875 8580 0 5 1399 16
45 8580 0 5 1399 16
45.125 8580 0 5 1399 16
45.25 8580 0 5 1399 16
45.375 8580 0 5 1399 16
45.5 8580 0 5 1399 16
45.625 8580 0 4 1400 16
45.75 8580 0 4 1400 16
45.875 8580 0 4 1400 16
46 8580 0 4 1400 16
46.125 8580 0 4 1400 16
46.25 8580 0 4 1400 16
46.375 8580 0 4 1400 16
46.5 8580 0 4 1400 16
46.625 8580 0 4 1400 16
46.75 8580 0 4 1400 16
46.875 8580 0 4 1400 16
47 8580 0 4 1400 16
47.125 8580 0 4 1400 16
47.25 8580 0 4 1400 16
47.375 8580 0 4 1400 16
47.5 8580 0 4 1400 16
47.625 8580 0 4 1400 16
47.75 8580 0 4 1400 16
47.875 8580 0 4 1400 16
48 8580 0 4 1400 16
48.125 8580 0 4 1400 16
48.25 8580 0 4 1400 16
48.375 8580 0 4 1400 16
48.5 8580 0 4 1400 16
48.625 8580 0 4 1400 16
48.75 8580 0 4 1400 16
48.875 8580 0 4 1400 16
49 8580 0 4 1400 16
49.125 8580 0 4 1400 16
49.25 8580 0 4 1400 16
49.375 8580 0 4 1400 16
49.5 8580 0 3 1401 16
49.625 8580 0 3 1401 16
49.75 8580 0 3 1401 16
49.875 8580 0 3 1401 16
50 8580 0 3 1401 16
50.125 8580 0 3 1401 16
50.25 8580 0 3 1401 16
50.375 8580 0 3 1401 16
50.5 8580 0 3 1401 16
50.625 8580 0 3 1401 16
50.75 8580 0 3 1401 16
50.875 8580 0 3 1401 16
51 8580 0 3 1401 16
51.125 8580 0 3 1401 16
51.25 8580 0 3 1401 16
51.375 8580 0 3 1401 16
51.5 8580 0 3 1401 16
51.625 8580 0 3 1401 16
51.75 8580 0 3 1401 16
51.875 8580 0 3 1401 16
52 8580 0 3 1401 16
52.125 8580 0 3 1401 16
52.25 8580 0 3 1401 16
52.375 8580 0 3 1401 16
52.5 8580 0 3 1401 16
52.625 8580 0 3 1401 16
52.75 8580 0 3 1401 16
52.875 8580 0 3 1401 16
53 8580 0 3 1401 16
53.125 8580 0 3 1401 16
53.25 8580 0 3 1401 16
53.375 8580 0 2 1402 16
53.5 8580 0 2 1402 16
53.625 8580 0 2 1402 16
53.75 8580 0 2 1402 16
53.875 8580 0 2 1402 16
54 8580 0 2 1402 16
54.125 8580 0 2 1402 16
54.25 8580 0 2 1402 16
54.375 8580 0 2 1402 16
54.5 8580 0 2 1402 16
54.625 8580 0 2 1402 16
54.75 8580 0 2 1402 16
54.875 8580 0 2 1402 16
55 8580 0 2 1402 16
55.125 8580 0 2 1402 16
55.25 8580 0 2 1402 16
55.375 8580 0 2 1402 16
55.5 8580 0 2 1402 16
55.625 8580 0 2 1402 16
55.75 8580 0 2 1402 16
55.875 8580 0 2 1402 16
56 8580 0 2 1402 16
56.125 8580 0 2 1402 16
56.25 8580 0 2 1402 16
56.375 8580 0 2 1402 16
56.5 8580 0 2 1402 16
56.625 8580 0 2 1402 16
56.75 8580 0 2 1402 16
56.875 8580 0 2 1402 16
57 8580 0 2 1402 16
57.125 8580 0 2 1402 16
57.25 8580 0 2 1402 16
57.375 8580 0 2 1402 16
57.5 8580 0 2 1402 16
57.625 8580 0 2 1402 16
57.75 8580 0 2 1402 16
57.875 8580 0 2 1402 16
58 8580 0 2 1402 16
58.125 8580 0 2 1402 16
58.25 8580 0 2 1402 16
58.375 8580 0 2 1402 16
58.5 8580 0 2 1402 16
58.625 8580 0 2 1402 16
58.75 8580 0 2 1402 16
58.875 8580 0 2 1402 16
59 8580 0 2 1402 16
59.125 8580 0 2 1402 16
59.25 8580 0 2 1402 16
59.375 8580 0 2 1402 16
59.5 8580 0 2 1402 16
59.625 8580 0 2 1402 16
59.75 8580 0 2 1402 16
59.875 8580 0 2 1402 16
60 8580 0 2 1402 16
60.125 8580 0 2 1402 16
60.25 8580 0 2 1402 16
60.375 8580 0 2 1402 16
60.5 8580 0 2 1402 16
60.625 8580 0 2 1402 16
60.75 8580 0 2 1402 16
60.875 8580 0 2 1402 16
61 8580 0 1 1403 16
61.125 8580 0 1 1403 16
61.25 8580 0 1 1403 16
61.375 8580 0 1 1403 16
61.5 8580 0 1 1403 16
61.625 8580 0 1 1403 16
61.75 8580 0 1 1403 16
61.875 8580 0 1 1403 16
62 8580 0 1 1403 16
62.125 8580 0 1 1403 16
62.25 8580 0 1 1403 16
62.375 8580 0 1 1403 16
62.5 8580 0 1 1403 16
62.625 8580 0 1 1403 16
62.75 8580 0 1 1403 16
62.875 8580 0 1 1403 16
63 8580 0 1 1403 16
63.125 8580 0 1 1403 16
63.25 8580 0 1 1403 16
63.375 8580 0 1 1403 16
63.5 8580 0 1 1403 16
63.625 8580 0 1 1403 16
63.75 8580 0 1 1403 16
63.875 8580 0 1 1403 16
64 8580 0 1 1403 16
64.125 8580 0 1 1403 16
64.25 8580 0 1 1403 16
64.375 8580 0 1 1403 16
64.5 8580 0 1 1403 16
64.625 8580 0 1 1403 16
64.75 8580 0 1 1403 16
64.875 8580 0 1 1403 16
65 8580 0 1 1403 16
65.125 8580 0 1 1403 16
65.25 8580 0 1 1403 16
65.375 8580 0 1 1403 16
65.5 8580 0 1 1403 16
65.625 8580 0 1 1403 16
65.75 8580 0 1 1403 16
65.875 8580 0 1 1403 16
66 8580 0 1 1403 16
66.125 8580 0 1 1403 16
66.25 8580 0 1 1403 16
66.375 8580 0 1 1403 16
66.5 8580 0 1 1403 16
66.625 8580 0 1 1403 16
66.75 8580 0 1 1403 16
66.875 8580 0 1 1403 16
67 8580 0 1 1403 16
67.125 8580 0 1 1403 16
67.25 8580 0 1 1403 16
67.375 8580 0 1 1403 16
67.5 8580 0 1 1403 16
67.625 8580 0 1 1403 16
67.75 8580 0 1 1403 16
67.875 8580 0 1 1403 16
68 8580 0 1 1403 16
68.125 8580 0 1 1403 16
68.25 8580 0 1 1403 16
68.375 8580 0 1 1403 16
68.5 8580 0 1 1403 16
68.625 8580 0 1 1403 16
68.75 8580 0 1 1403 16
68.875 8580 0 1 1403 16
69 8580 0 1 1403 16
69.125 8580 0 1 1403 16
69.25 8580 0 1 1403 16
69.375 8580 0 1 1403 16
69.5 8580 0 1 1403 16
69.625 8580 0 1 1403 16
69.75 8580 0 1 1403 16
69.875 8580 0 1 1403 16
70 8580 0 1 1403 16
70.125 8580 0 1 1403 16
70.25 8580 0 1 1403 16
70.375 8580 0 1 1403 16
70.5 8580 0 1 1403 16
70.625 8580 0 1 1403 16
70.75 8580 0 1 1403 16
70.875 8580 0 1 1403 16
71 8580 0 1 1403 16
71.125 8580 0 1 1403 16
71.25 8580 0 1 1403 16
71.375 8580 0 1 1403 16
71.5 8580 0 1 1403 16
71.625 8580 0 1 1403 16
71.75 8580 0 1 1403 16
71.875 8580 0 1 1403 16
72 8580 0 1 1403 16
72.125 8580 0 1 1403 16
72.25 8580 0 1 1403 16
72.375 8580 0 1 1403 16
72.5 8580 0 1 1403 16
72.625 8580 0 1 1403 16
72.75 8580 0 1 1403 16
72.875 8580 0 1 1403 16
73 8580 0 1 1403 16
73.125 8580 0 1 1403 16
73.25 8580 0 1 1403 16
73.375 8580 0 1 1403 16
73.5 8580 0 1 1403 16
73.625 8580 0 1 1403 16
73.75 8580 0 1 1403 16
73.875 8580 0 1 1403 16
74 8580 0 1 1403 16
74.125 8580 0 1 1403 16
74.25 8580 0 1 1403 16
74.375 8580 0 1 1403 16
74.5 8580 0 1 1403 16
74.625 8580 0 1 1403 16
74.75 8580 0 1 1403 16
74.875 8580 0 1 1403 16
75 8580 0 1 1403 16
75.125 8580 0 1 1403 16
75.25 8580 0 1 1403 16
75.375 8580 0 1 1403 16
75.5 8580 0 1 1403 16
75.625 8580 0 1 1403 16
75.75 8580 0 1 1403 16
75.875 8580 0 1 1403 16
76 8580 0 1 1403 16
76.125 8580 0 1 1403 16
76.25 8580 0 1 1403 16
76.375 8580 0 1 1403 16
76.5 8580 0 1 1403 16
76.625 8580 0 1 1403 16
76.75 8580 0 1 1403 16
76.875 8580 0 1 1403 16
77 8580 0 1 1403 16
77.125 8580 0 1 1403 16
77.25 8580 0 1 1403 16
77.375 8580 0 1 1403 16
77.5 8580 0 1 1403 16
77.625 8580 0 1 1403 16
77.75 8580 0 1 1403 16
77.875 8580 0 1 1403 16
78 8580 0 1 1403 16
78.125 8580 0 1 1403 16
78.25 8580 0 1 1403 16
78.375 8580 0 1 1403 16
78.5 8580 0 1 1403 16
78.625 8580 0 1 1403 16
78.75 8580 0 1 1403 16
78.875 8580 0 1 1403 16
79 8580 0 1 1403 16
79.125 8580 0 1 1403 16
79.25 8580 0 1 1403 16
79.375 8580 0 1 1403 16
79.5 8580 0 1 1403 16
79.625 8580 0 1 1403 16
79.75 8580 0 1 1403 16
79.875 8580 0 1 1403 16
80 8580 0 1 1403 16
80.125 8580 0 1 1403 16
80.25 8580 0 1 1403 16
80.375 8580 0 1 1403 16
80.5 8580 0 1 1403 16
80.625 8580 0 1 1403 16
80.75 8580 0 1 1403 16
80.875 8580 0 1 1403 16
81 8580 0 1 1403 16
81.125 8580 0 1 1403 16
81.25 8580 0 1 1403 16
81.375 8580 0 1 1403 16
81.5 8580 0 1 1403 16
81.625 8580 0 1 1403 16
81.75 8580 0 1 1403 16
81.875 8580 0 1 1403 16
82 8580 0 1 1403 16
82.125 8580 0 1 1403 16
82.25 8580 0 1 1403 16
82.375 8580 0 1 1403 16
82.5 8580 0 1 1403 16
82.625 8580 0 1 1403 16
82.75 8580 0 1 1403 16
82.875 8580 0 1 1403 16
83 8580 0 1 1403 16
83.125 8580 0 1 1403 16
83.25 8580 0 1 1403 16
83.375 8580 0 1 1403 16
83.5 8580 0 1 1403 16
83.625 8580 0 1 1403 16
83.75 8580 0 1 1403 16
83.875 8580 0 1 1403 16
84 8580 0 1 1403 16
84.125 8580 0 1 1403 16
84.25 8580 0 1 1403 16
84.375 8580 0 1 1403 16
84.5 8580 0 1 1403 16
84.625 8580 0 1 1403 16
84.75 8580 0 1 1403 16
84.875 8580 0 1 1403 16
85 8580 0 1 1403 16
85.125 8580 0 0 1404 16
