t S E I R D
0 9998 0 2 0 0
0.125 9998 0 2 0 0
0.25 9997 1 2 0 0
0.375 9997 1 2 0 0
0.5 9997 1 2 0 0
0.625 9997 1 2 0 0
0.75 9997 1 2 0 0
0.875 9997 1 1 1 0
1 9997 1 1 1 0
1.125 9997 1 1 1 0
1.25 9997 1 1 1 0
1.375 9997 1 1 1 0
1.5 9997 1 1 1 0
1.625 9997 1 1 1 0
1.75 9997 1 1 1 0
1.875 9997 1 1 1 0
2 9997 1 1 1 0
2.125 9997 1 1 1 0
2.25 9997 1 1 1 0
2.375 9997 1 1 1 0
2.5 9997 1 1 1 0
2.625 9996 2 1 1 0
2.75 9996 2 1 1 0
2.875 9996 2 1 1 0
3 9996 2 1 1 0
3.125 9996 2 1 1 0
3.25 9996 2 1 1 0
3.375 9996 2 1 1 0
3.5 9996 2 1 1 0
3.625 9996 2 1 1 0
3.75 9996 1 2 1 0
3.875 9996 1 2 1 0
4 9996 1 2 1 0
4.125 9995 2 2 1 0
4.25 9994 3 2 1 0
4.375 9994 3 2 1 0
4.5 9994 3 2 1 0
4.625 9994 3 2 1 0
4.75 9994 3 2 1 0
4.875 9994 3 2 1 0
5 9994 3 2 1 0
5.125 9994 3 2 1 0
5.25 9994 3 2 1 0
5.375 9994 3 2 1 0
5.5 9994 3 2 1 0
5.625 9994 3 2 1 0
5.75 9994 3 2 1 0
5.875 9994 3 2 1 0
6 9993 4 2 1 0
6.125 9993 4 2 1 0
6.25 9993 3 3 1 0
6.375 9992 4 3 1 0
6.5 9992 3 4 1 0
6.625 9990 4 5 1 0
6.75 9989 4 6 1 0
6.875 9989 4 5 2 0
7 9989 3 6 2 0
7.125 9989 3 6 2 0
7.25 9989 3 6 2 0
7.375 9989 2 7 2 0
7.5 9989 2 7 2 0
7.625 9988 3 7 2 0
7.75 9988 3 7 2 0
7.875 9987 4 7 2 0
8 9985 6 7 2 0
8.125 9983 8 7 2 0
8.25 9981 9 8 2 0
8.375 9980 10 8 2 0
8.5 9978 11 9 2 0
8.625 9977 11 10 2 0
8.75 9971 16 11 2 0
8.875 9970 17 11 2 0
9 9966 20 12 2 0
9.125 9963 22 13 2 0
9.25 9960 23 14 3 0
9.375 9952 29 16 3 0
9.5 9945 35 17 3 0
9.625 9938 41 18 3 0
9.75 9926 51 19 4 0
9.875 9916 55 25 4 0
10 9891 75 30 4 0
10.125 9866 95 35 4 0
10.25 9850 106 39 5 0
10.375 9840 109 46 5 0
10.5 9818 123 53 6 0
10.625 9797 141 56 6 0
10.75 9775 156 62 7 0
10.875 9751 171 70 8 0
11 9723 188 81 8 0
11.125 9676 223 93 8 0
11.25 9620 261 109 10 0
11.375 9576 291 118 15 0
11.5 9530 326 126 18 0
11.625 9476 359 146 19 0
11.75 9428 388 162 22 0
11.875 9383 404 188 25 0
12 9326 438 207 29 0
12.125 9270 466 230 34 0
12.25 9201 507 254 38 0
12.375 9142 528 288 42 0
12.5 9073 567 313 47 0
12.625 8996 609 341 54 0
12.75 8932 632 377 59 0
12.875 8843 670 421 66 0
13 8735 748 440 77 0
13.125 8630 806 478 86 0
13.25 8521 862 518 99 0
13.375 8406 914 574 106 0
13.5 8273 991 615 121 0
13.625 8167 1046 653 134 0
13.75 8051 1090 710 149 0
13.875 7924 1142 773 161 0
14 7782 1218 822 178 0
14.125 7651 1270 888 190 1
14.25 7636 1222 929 212 1
14.375 7619 1174 968 237 2
14.5 7605 1116 1029 248 2
14.625 7588 1071 1069 270 2
14.75 7578 1015 1114 291 2
14.875 7567 968 1148 314 3
15 7562 904 1194 337 3
15.125 7556 865 1216 360 3
15.25 7549 814 1247 387 3
15.375 7539 780 1265 413 3
15.5 7534 736 1291 436 3
15.625 7528 691 1319 459 3
15.75 7520 653 1336 488 3
15.875 7515 620 1345 517 3
16 7510 585 1355 547 3
16.125 7504 562 1358 573 3
16.25 7495 539 1355 608 3
16.375 7490 498 1377 632 3
16.5 7485 472 1376 664 3
16.625 7480 437 1389 690 4
16.75 7477 415 1377 727 4
16.875 7474 380 1394 748 4
17 7467 361 1381 785 6
17.125 7463 344 1366 821 6
17.25 7459 328 1354 853 6
17.375 7455 311 1349 877 8
17.5 7453 299 1334 905 9
17.625 7452 280 1324 935 9
17.75 7450 260 1318 963 9
17.875 7449 243 1310 988 10
18 7447 224 1308 1011 10
18.125 7444 214 1287 1044 11
18.25 7444 196 1287 1062 11
18.375 7442 185 1267 1095 11
18.5 7442 176 1248 1122 12
18.625 7442 165 1236 1145 12
18.75 7441 157 1225 1165 12
18.875 7441 148 1220 1179 12
19 7441 140 1207 1200 12
19.125 7441 131 1192 1224 12
19.25 7441 122 1179 1246 12
19.375 7441 116 1155 1276 12
19.5 7440 110 1138 1298 14
19.625 7439 105 1113 1329 14
19.75 7439 96 1101 1350 14
19.875 7437 95 1076 1377 15
20 7437 86 1059 1402 16
20.125 7436 85 1040 1423 16
20.25 7434 83 1025 1442 16
20.375 7431 81 1000 1472 16
20.5 7431 76 987 1490 16
20.625 7431 71 975 1507 16
20.75 7431 68 960 1525 16
20.875 7430 60 952 1542 16
21 7429 56 931 1568 16
21.125 7429 54 922 1579 16
21.25 7428 50 906 1600 16
21.375 7428 50 894 1612 16
21.5 7428 47 874 1634 17
21.625 7428 44 856 1655 17
21.75 7427 43 843 1670 17
21.875 7426 39 825 1693 17
22 7425 37 803 1718 17
22.125 7423 39 787 1733 18
22.25 7423 36 778 1745 18
22.375 7421 37 764 1760 18
22.5 7420 35 752 1775 18
22.625 7420 32 748 1782 18
22.75 7418 33 735 1796 18
22.875 7418 31 725 1808 18
23 7418 31 712 1821 18
23.125 7418 27 706 1831 18
23.25 7418 24 693 1846 19
23.375 7418 20 679 1864 19
23.5 7418 17 668 1878 19
23.625 7418 17 652 1893 20
23.75 7418 17 637 1908 20
23.875 7418 17 626 1919 20
24 7418 16 612 1934 20
24.125 7418 15 600 1947 20
24.25 7418 13 591 1958 20
24.375 7418 13 579 1969 21
24.5 7418 10 569 1982 21
24.625 7418 9 563 1989 21
24.75 7417 9 549 2004 21
24.875 7417 8 541 2013 21
25 7417 8 530 2024 21
25.125 7416 9 524 2030 21
25.25 7415 9 512 2043 21
25.375 7414 10 505 2050 21
25.5 7413 10 493 2063 21
25.625 7413 9 487 2070 21
25.75 7413 9 474 2083 21
25.875 7413 8 460 2097 22
26 7413 8 453 2104 22
26.125 7413 7 445 2113 22
26.25 7413 7 434 2124 22
26.375 7413 6 426 2133 22
26.5 7413 6 421 2138 22
26.625 7412 7 416 2143 22
26.75 7412 6 409 2151 22
26.875 7412 6 404 2156 22
27 7412 6 399 2161 22
27.125 7412 6 394 2166 22
27.25 7412 6 389 2171 22
27.375 7412 5 380 2181 22
27.5 7412 5 369 2192 22
27.625 7411 6 355 2206 22
27.75 7410 7 347 2214 22
27.875 7410 7 338 2223 22
28 7410 6 333 2229 22
28.125 7410 6 329 2233 22
28.25 7410 6 325 2237 22
28.375 7410 5 318 2245 22
28.5 7410 5 311 2252 22
28.625 7410 5 304 2259 22
28.75 7410 5 297 2266 22
28.875 7410 5 291 2272 22
29 7410 5 285 2278 22
29.125 7410 3 278 2287 22
29.25 7410 3 276 2289 22
29.375 7410 2 273 2293 22
29.5 7410 2 264 2302 22
29.625 7410 2 260 2306 22
29.75 7410 2 253 2312 23
29.875 7410 2 248 2317 23
30 7410 2 244 2321 23
30.125 7410 2 239 2326 23
30.25 7410 2 233 2332 23
30.375 7410 2 224 2341 23
30.5 7410 2 219 2346 23
30.625 7410 2 215 2350 23
30.75 7410 1 208 2358 23
30.875 7410 1 201 2365 23
31 7410 1 199 2367 23
31.125 7410 1 196 2370 23
31.25 7410 1 194 2372 23
31.375 7410 1 187 2379 23
31.5 7410 1 184 2382 23
31.625 7410 1 182 2384 23
31.75 7410 1 179 2387 23
31.875 7410 1 172 2394 23
32 7410 1 170 2396 23
32.125 7410 1 169 2397 23
32.25 7410 1 168 2398 23
32.375 7410 1 162 2404 23
32.5 7410 1 161 2405 23
32.625 7410 1 156 2410 23
32.75 7410 1 153 2413 23
32.875 7410 1 151 2415 23
33 7410 1 149 2417 23
33.125 7410 1 146 2420 23
33.25 7410 1 144 2422 23
33.375 7410 1 143 2423 23
33.5 7410 1 141 2425 23
33.625 7410 1 135 2431 23
33.75 7410 1 133 2433 23
33.875 7410 1 133 2433 23
34 7410 1 131 2435 23
34.125 7410 1 129 2437 23
34.25 7410 1 126 2440 23
34.375 7410 1 122 2444 23
34.5 7410 1 119 2447 23
34.625 7410 1 115 2451 23
34.75 7410 1 114 2452 23
34.875 7410 0 113 2454 23
35 7410 0 111 2456 23
35.125 7410 0 105 2462 23
35.25 7410 0 103 2464 23
35.375 7410 0 103 2464 23
35.5 7410 0 99 2468 23
35.625 7410 0 95 2472 23
35.75 7409 1 91 2475 24
35.875 7409 1 88 2478 24
36 7409 1 87 2479 24
36.125 7409 1 87 2479 24
36.25 7408 2 86 2480 24
36.375 7408 1 86 2481 24
36.5 7408 1 85 2482 24
36.625 7408 1 81 2486 24
36.75 7408 0 82 2486 24
36.875 7408 0 81 2487 24
37 7408 0 81 2487 24
37.125 7408 0 78 2490 24
37.25 7408 0 76 2492 24
37.375 7408 0 74 2494 24
37.5 7408 0 74 2494 24
37.625 7408 0 73 2495 24
37.75 7408 0 69 2499 24
37.875 7408 0 66 2502 24
38 7408 0 66 2502 24
38.125 7408 0 66 2502 24
38.25 7408 0 66 2502 24
38.375 7408 0 63 2505 24
38.5 7408 0 62 2506 24
38.625 7408 0 58 2510 24
38.75 7408 0 56 2512 24
38.875 7407 1 54 2514 24
39 7407 1 54 2514 24
39.125 7407 1 53 2515 24
39.25 7407 1 52 2516 24
39.375 7407 1 52 2516 24
39.5 7407 1 52 2516 24
39.625 7407 1 51 2517 24
39.75 7407 1 51 2517 24
39.875 7407 1 51 2517 24
40 7407 1 50 2518 24
40.125 7407 1 47 2521 24
40.25 7407 1 47 2521 24
40.375 7407 1 46 2522 24
40.5 7407 1 46 2522 24
40.625 7407 1 46 2522 24
40.75 7407 1 46 2522 24
40.875 7407 1 46 2522 24
41 7407 1 46 2522 24
41.125 7407 1 45 2523 24
41.25 7407 1 44 2524 24
41.375 7407 1 42 2526 24
41.5 7407 1 42 2526 24
41.625 7407 1 39 2529 24
41.75 7407 1 39 2529 24
41.875 7407 1 39 2529 24
42 7407 1 39 2529 24
42.125 7407 1 38 2530 24
42.25 7407 1 38 2530 24
42.375 7407 1 36 2532 24
42.5 7407 1 35 2533 24
42.625 7407 1 35 2533 24
42.75 7407 1 34 2534 24
42.875 7407 1 34 2534 24
43 7407 1 33 2535 24
43.125 7407 1 33 2535 24
43.25 7407 1 33 2535 24
43.375 7407 1 32 2536 24
43.5 7407 1 31 2537 24
43.625 7407 1 29 2539 24
43.75 7407 1 29 2539 24
43.875 7407 1 29 2539 24
44 7407 1 28 2540 24
44.125 7407 1 28 2540 24
44.25 7407 1 28 2540 24
44.375 7407 1 27 2541 24
44.5 7407 1 25 2543 24
44.625 7407 1 25 2543 24
44.75 7407 1 25 2543 24
44.875 7407 1 25 2543 24
45 7407 1 24 2544 24
45.125 7407 1 24 2544 24
45.25 7407 1 23 2545 24
45.375 7406 2 22 2546 24
45.5 7406 2 22 2546 24
45.625 7406 1 20 2549 24
45.75 7406 1 19 2550 24
45.875 7406 1 19 2550 24
46 7406 1 18 2551 24
46.125 7406 1 18 2551 24
46.25 7406 1 18 2551 24
46.375 7406 1 17 2552 24
46.5 7406 1 16 2553 24
46.625 7406 1 16 2553 24
46.75 7406 0 17 2553 24
46.875 7406 0 17 2553 24
47 7406 0 17 2553 24
47.125 7406 0 17 2553 24
47.25 7406 0 15 2555 24
47.375 7406 0 14 2556 24
47.5 7406 0 14 2556 24
47.625 7406 0 14 2556 24
47.75 7406 0 13 2557 24
47.875 7406 0 13 2557 24
48 7406 0 13 2557 24
48.125 7406 0 12 2558 24
48.25 7406 0 12 2558 24
48.375 7406 0 12 2558 24
48.5 7406 0 12 2558 24
48.625 7406 0 12 2558 24
48.75 7406 0 12 2558 24
48.875 7406 0 12 2558 24
49 7406 0 12 2558 24
49.125 7406 0 12 2558 24
49.25 7406 0 12 2558 24
49.375 7406 0 11 2559 24
49.5 7406 0 11 2559 24
49.625 7406 0 10 2560 24
49.75 7406 0 10 2560 24
49.875 7406 0 10 2560 24
50 7406 0 9 2561 24
50.125 7406 0 9 2561 24
50.25 7406 0 9 2561 24
50.375 7406 0 9 2561 24
50.5 7406 0 9 2561 24
50.625 7406 0 9 2561 24
50.75 7406 0 9 2561 24
50.875 7406 0 9 2561 24
51 7406 0 9 2561 24
51.125 7406 0 9 2561 24
51.25 7406 0 9 2561 24
51.375 7406 0 9 2561 24
51.5 7406 0 9 2561 24
51.625 7406 0 8 2562 24
51.75 7406 0 8 2562 24
51.875 7406 0 7 2563 24
52 7406 0 7 2563 24
52.125 7406 0 7 2563 24
52.25 7406 0 7 2563 24
52.375 7406 0 7 2563 24
52.5 7406 0 7 2563 24
52.625 7406 0 7 2563 24
52.75 7406 0 7 2563 24
52.875 7406 0 7 2563 24
53 7406 0 6 2564 24
53.125 7406 0 6 2564 24
53.25 7406 0 6 2564 24
53.375 7406 0 5 2565 24
53.5 7406 0 5 2565 24
53.625 7406 0 5 2565 24
53.75 7406 0 4 2566 24
53.875 7406 0 4 2566 24
54 7406 0 4 2566 24
54.125 7406 0 4 2566 24
54.25 7406 0 4 2566 24
54.375 7406 0 4 2566 24
54.5 7406 0 4 2566 24
54.625 7406 0 4 2566 24
54.75 7406 0 4 2566 24
54.875 7406 0 4 2566 24
55 7406 0 4 2566 24
55.125 7406 0 4 2566 24
55.25 7406 0 4 2566 24
55.375 7406 0 4 2566 24
55.5 7406 0 4 2566 24
55.625 7406 0 4 2566 24
55.75 7406 0 4 2566 24
55.875 7406 0 4 2566 24
56 7406 0 4 2566 24
56.125 7406 0 4 2566 24
56.25 7406 0 4 2566 24
56.375 7406 0 4 2566 24
56.5 7406 0 4 2566 24
56.625 7406 0 4 2566 24
56.75 7406 0 4 2566 24
56.875 7406 0 4 2566 24
57 7406 0 4 2566 24
57.125 7406 0 4 2566 24
57.25 7406 0 4 2566 24
57.375 7406 0 4 2566 24
57.5 7406 0 3 2567 24
57.625 7406 0 3 2567 24
57.75 7406 0 2 2568 24
57.875 7406 0 2 2568 24
58 7406 0 2 2568 24
58.125 7406 0 2 2568 24
58.25 7406 0 2 2568 24
58.375 7406 0 2 2568 24
58.5 7406 0 2 2568 24
58.625 7406 0 2 2568 24
58.75 7406 0 2 2568 24
58.875 7406 0 2 2568 24
59 7406 0 2 2568 24
59.125 7406 0 2 2568 24
59.25 7406 0 2 2568 24
59.375 7406 0 2 2568 24
59.5 7406 0 2 2568 24
59.625 7406 0 2 2568 24
59.75 7406 0 2 2568 24
59.875 7406 0 2 2568 24
60 7406 0 2 2568 24
60.125 7406 0 2 2568 24
60.25 7406 0 2 2568 24
60.375 7406 0 2 2568 24
60.5 7406 0 2 2568 24
60.625 7406 0 2 2568 24
60.75 7406 0 2 2568 24
60.875 7406 0 2 2568 24
61 7406 0 2 2568 24
61.125 7406 0 2 2568 24
61.25 7406 0 2 2568 24
61.375 7406 0 2 2568 24
61.5 7406 0 2 2568 24
61.625 7406 0 2 2568 24
61.75 7406 0 2 2568 24
61.875 7406 0 2 2568 24
62 7406 0 2 2568 24
62.125 7406 0 2 2568 24
62.25 7406 0 2 2568 24
62.375 7406 0 2 2568 24
62.5 7406 0 2 2568 24
62.625 7406 0 2 2568 24
62.75 7406 0 1 2569 24
62.875 7406 0 1 2569 24
63 7406 0 1 2569 24
63.125 7406 0 1 2569 24
63.25 7406 0 1 2569 24
63.375 7406 0 1 2569 24
63.5 7406 0 1 2569 24
63.625 7406 0 1 2569 24
63.75 7406 0 1 2569 24
63.875 7406 0 1 2569 24
64 7406 0 1 2569 24
64.125 7406 0 1 2569 24
64.25 7406 0 1 2569 24
64.375 7406 0 1 2569 24
64.5 7406 0 1 2569 24
64.625 7406 0 1 2569 24
64.75 7406 0 1 2569 24
64.875 7406 0 1 2569 24
65 7406 0 1 2569 24
65.125 7406 0 1 2569 24
65.25 7406 0 1 2569 24
65.375 7406 0 1 2569 24
65.5 7406 0 1 2569 24
65.625 7406 0 1 2569 24
65.75 7406 0 1 2569 24
65.875 7406 0 1 2569 24
66 7406 0 1 2569 24
66.125 7406 0 1 2569 24
66.25 7406 0 1 2569 24
66.375 7406 0 1 2569 24
66.5 7406 0 1 2569 24
66.625 7406 0 1 2569 24
66.75 7406 0 1 2569 24
66.875 7406 0 1 2569 24
67 7406 0 1 2569 24
67.125 7406 0 1 2569 24
67.25 7406 0 1 2569 24
67.375 7406 0 1 2569 24
67.5 7406 0 1 2569 24
67.625 7406 0 1 2569 24
67.75 7406 0 1 2569 24
67.875 7406 0 1 2569 24
68 7406 0 1 2569 24
68.125 7406 0 1 2569 24
68.25 7406 0 1 2569 24
68.375 7406 0 1 2569 24
68.5 7406 0 1 2569 24
68.625 7406 0 1 2569 24
68.75 7406 0 1 2569 24
68.875 7406 0 1 2569 24
69 7406 0 1 2569 24
69.125 7406 0 1 2569 24
69.25 7406 0 1 2569 24
69.375 7406 0 1 2569 24
69.5 7406 0 1 2569 24
69.625 7406 0 1 2569 24
69.75 7406 0 1 2569 24
69.875 7406 0 1 2569 24
70 7406 0 0 2570 24
