t S E I R D
0 9998 0 2 0 0
0.125 9998 0 2 0 0
0.25 9998 0 2 0 0
0.375 9998 0 2 0 0
0.5 9998 0 2 0 0
0.625 9997 1 2 0 0
0.75 9997 1 2 0 0
0.875 9997 1 2 0 0
1 9997 1 2 0 0
1.125 9997 1 2 0 0
1.25 9997 1 2 0 0
1.375 9997 1 2 0 0
1.5 9997 1 2 0 0
1.625 9997 1 2 0 0
1.75 9997 1 2 0 0
1.875 9997 1 2 0 0
2 9997 1 2 0 0
2.125 9997 1 1 1 0
2.25 9997 1 1 1 0
2.375 9997 1 1 1 0
2.5 9997 1 1 1 0
2.625 9996 2 0 2 0
2.75 9996 2 0 2 0
2.875 9996 2 0 2 0
3 9996 2 0 2 0
3.125 9996 2 0 2 0
3.25 9996 1 1 2 0
3.375 9996 1 1 2 0
3.5 9996 1 1 2 0
3.625 9995 2 1 2 0
3.75 9995 2 1 2 0
3.875 9995 2 1 2 0
4 9995 2 1 2 0
4.125 9995 2 1 2 0
4.25 9995 2 1 2 0
4.375 9994 3 1 2 0
4.5 9994 3 1 2 0
4.625 9994 3 1 2 0
4.75 9994 3 1 2 0
4.875 9994 3 1 2 0
5 9994 3 1 2 0
5.125 9994 3 1 2 0
5.25 9994 3 1 2 0
5.375 9994 3 1 2 0
5.5 9994 3 1 2 0
5.625 9994 3 1 2 0
5.75 9994 3 1 2 0
5.875 9994 3 1 2 0
6 9994 3 1 2 0
6.125 9994 3 1 2 0
6.25 9994 3 1 2 0
6.375 9994 3 1 2 0
6.5 9994 3 1 2 0
6.625 9994 3 1 2 0
6.75 9994 3 1 2 0
6.875 9994 3 1 2 0
7 9994 2 2 2 0
7.125 9993 3 2 2 0
7.25 9993 3 2 2 0
7.375 9993 3 2 2 0
7.5 9992 4 2 2 0
7.625 9990 6 2 2 0
7.75 9990 5 3 2 0
7.875 9989 6 3 2 0
8 9989 5 4 2 0
8.125 9989 4 5 2 0
8.25 9988 5 5 2 0
8.375 9988 5 3 4 0
8.5 9987 6 3 4 0
8.625 9987 6 3 4 0
8.75 9987 6 3 4 0
8.875 9987 5 4 4 0
9 9984 8 4 4 0
9.125 9984 8 4 4 0
9.25 9980 11 5 4 0
9.375 9979 11 6 4 0
9.5 9973 17 6 4 0
9.625 9969 21 6 4 0
9.75 9969 20 7 4 0
9.875 9966 21 9 4 0
10 9960 26 10 4 0
10.125 9951 33 11 5 0
10.25 9949 35 11 5 0
10.375 9948 32 15 5 0
10.5 9948 30 17 5 0
10.625 9943 33 19 5 0
10.75 9939 36 19 6 0
10.875 9933 38 23 6 0
11 9930 41 23 6 0
11.125 9929 39 24 8 0
11.25 9923 44 24 9 0
11.375 9920 43 28 9 0
11.5 9917 43 31 9 0
11.625 9906 51 34 9 0
11.75 9900 54 37 9 0
11.875 9895 54 41 10 0
12 9880 65 43 12 0
12.125 9871 66 51 12 0
12.25 9843 87 58 12 0
12.375 9824 98 65 13 0
12.5 9799 116 71 14 0
12.625 9769 139 78 14 0
12.75 9738 165 82 15 0
12.875 9705 191 88 16 0
13 9664 218 99 19 0
13.125 9637 229 113 21 0
13.25 9587 269 123 21 0
13.375 9541 298 139 22 0
13.5 9499 328 149 24 0
13.625 9435 368 167 30 0
13.75 9392 395 180 33 0
13.875 9351 409 203 37 0
14 9301 433 223 43 0
14.125 9234 472 245 49 0
14.25 9174 505 269 52 0
14.375 9103 536 308 53 0
14.5 9041 564 335 60 0
14.625 8977 593 359 71 0
14.75 8903 632 383 82 0
14.875 8837 662 410 91 0
15 8786 665 443 106 0
15.125 8699 710 482 109 0
15.25 8631 740 511 118 0
15.375 8572 754 547 127 0
15.5 8484 791 589 136 0
15.625 8408 816 627 148 1
15.75 8403 757 679 160 1
15.875 8387 732 705 175 1
16 8371 705 734 188 2
16.125 8360 670 769 199 2
16.25 8348 638 795 217 2
16.375 8344 594 829 231 2
16.5 8342 560 854 242 2
16.625 8330 537 875 256 2
16.75 8325 507 897 269 2
16.875 8318 489 906 285 2
17 8312 471 908 307 2
17.125 8306 451 908 333 2
17.25 8293 443 906 356 2
17.375 8291 422 919 366 2
17.5 8285 408 922 383 2
17.625 8278 393 916 410 3
17.75 8275 369 929 423 4
17.875 8272 346 932 445 5
18 8269 326 942 458 5
18.125 8269 305 938 482 6
18.25 8267 291 933 503 6
18.375 8265 274 931 523 7
18.5 8264 259 932 538 7
18.625 8263 244 926 560 7
18.75 8258 226 929 579 8
18.875 8255 219 921 597 8
19 8255 205 905 627 8
19.125 8255 194 893 649 9
19.25 8255 185 877 674 9
19.375 8253 175 871 691 10
19.5 8253 165 868 704 10
19.625 8252 154 863 721 10
19.75 8249 148 859 734 10
19.875 8248 144 843 755 10
20 8243 140 831 776 10
20.125 8240 133 826 791 10
20.25 8239 124 822 805 10
20.375 8238 123 810 819 10
20.5 8238 118 798 836 10
20.625 8236 112 793 849 10
20.75 8235 110 775 870 10
20.875 8233 100 773 884 10
21 8232 92 763 903 10
21.125 8232 85 751 921 11
21.25 8231 85 734 939 11
21.375 8231 81 728 949 11
21.5 8230 77 719 963 11
21.625 8228 72 713 975 12
21.75 8226 71 704 987 12
21.875 8225 70 693 1000 12
22 8223 68 683 1014 12
22.125 8223 64 670 1031 12
22.25 8223 57 667 1041 12
22.375 8223 54 660 1051 12
22.5 8223 51 656 1058 12
22.625 8223 50 641 1074 12
22.75 8222 46 629 1091 12
22.875 8221 44 623 1100 12
23 8219 44 614 1111 12
23.125 8218 42 605 1123 12
23.25 8217 39 596 1136 12
23.375 8216 38 588 1146 12
23.5 8215 37 579 1157 12
23.625 8215 35 568 1170 12
23.75 8215 30 561 1181 13
23.875 8215 28 555 1189 13
24 8215 27 549 1196 13
24.125 8214 27 535 1211 13
24.25 8214 27 521 1225 13
24.375 8214 27 510 1236 13
24.5 8214 25 504 1244 13
24.625 8214 25 494 1254 13
24.75 8213 24 484 1266 13
24.875 8212 25 470 1280 13
25 8212 25 464 1286 13
25.125 8212 24 460 1291 13
25.25 8212 23 453 1299 13
25.375 8212 22 443 1310 13
25.5 8212 22 434 1319 13
25.625 8211 21 431 1324 13
25.75 8211 20 424 1332 13
25.875 8211 20 414 1342 13
26 8211 19 402 1355 13
26.125 8211 19 395 1362 13
26.25 8210 18 390 1369 13
26.375 8210 16 384 1377 13
26.5 8209 14 377 1387 13
26.625 8209 13 372 1393 13
26.75 8209 13 367 1398 13
26.875 8209 12 362 1404 13
27 8209 10 353 1415 13
27.125 8209 8 348 1422 13
27.25 8209 8 341 1429 13
27.375 8209 8 337 1433 13
27.5 8208 8 329 1442 13
27.625 8207 8 323 1449 13
27.75 8207 6 318 1456 13
27.875 8207 5 314 1461 13
28 8207 5 307 1468 13
28.125 8207 5 300 1475 13
28.25 8207 4 292 1484 13
28.375 8207 4 285 1491 13
28.5 8207 4 276 1500 13
28.625 8207 4 271 1505 13
28.75 8207 4 264 1512 13
28.875 8207 4 259 1517 13
29 8207 4 253 1523 13
29.125 8207 4 250 1526 13
29.25 8207 3 245 1532 13
29.375 8207 3 239 1538 13
29.5 8207 3 235 1542 13
29.625 8207 3 233 1544 13
29.75 8207 3 222 1555 13
29.875 8207 3 219 1558 13
30 8207 3 217 1560 13
30.125 8207 3 214 1563 13
30.25 8207 3 209 1568 13
30.375 8207 3 207 1570 13
30.5 8207 3 202 1575 13
30.625 8207 3 197 1580 13
30.75 8207 3 193 1584 13
30.875 8207 3 191 1586 13
31 8207 3 189 1588 13
31.125 8207 3 189 1588 13
31.25 8207 3 184 1593 13
31.375 8207 3 182 1595 13
31.5 8207 3 180 1597 13
31.625 8207 2 176 1602 13
31.75 8207 2 174 1604 13
31.875 8206 3 171 1607 13
32 8206 3 167 1611 13
32.125 8206 3 163 1615 13
32.25 8206 3 160 1618 13
32.375 8206 3 153 1625 13
32.5 8206 3 150 1628 13
32.625 8206 3 146 1632 13
32.75 8206 3 143 1635 13
32.875 8206 3 139 1639 13
33 8206 3 136 1642 13
33.125 8206 3 133 1645 13
33.25 8206 3 132 1646 13
33.375 8206 2 129 1650 13
33.5 8206 2 125 1654 13
33.625 8206 2 122 1657 13
33.75 8206 2 118 1661 13
33.875 8206 2 115 1664 13
34 8206 2 110 1669 13
34.125 8206 2 109 1670 13
34.25 8206 2 107 1672 13
34.375 8206 2 105 1674 13
34.5 8206 2 101 1678 13
34.625 8206 2 100 1679 13
34.75 8205 3 98 1681 13
34.875 8205 3 96 1683 13
35 8205 3 92 1687 13
35.125 8205 3 90 1689 13
35.25 8205 3 87 1692 13
35.375 8205 3 84 1695 13
35.5 8205 3 83 1696 13
35.625 8205 2 82 1698 13
35.75 8205 1 82 1699 13
35.875 8205 1 82 1699 13
36 8205 1 81 1700 13
36.125 8205 1 79 1702 13
36.25 8205 1 77 1704 13
36.375 8205 1 75 1706 13
36.5 8205 0 74 1708 13
36.625 8205 0 73 1709 13
36.75 8205 0 72 1710 13
36.875 8205 0 71 1711 13
37 8205 0 69 1713 13
37.125 8205 0 68 1714 13
37.25 8205 0 65 1717 13
37.375 8205 0 65 1717 13
37.5 8204 1 65 1717 13
37.625 8204 1 65 1717 13
37.75 8204 1 62 1720 13
37.875 8204 1 60 1722 13
38 8204 1 59 1723 13
38.125 8204 1 59 1723 13
38.25 8202 3 56 1726 13
38.375 8202 3 53 1729 13
38.5 8202 3 52 1730 13
38.625 8202 2 53 1730 13
38.75 8202 2 53 1730 13
38.875 8202 2 52 1731 13
39 8202 2 51 1732 13
39.125 8202 2 50 1733 13
39.25 8202 2 49 1734 13
39.375 8202 2 49 1734 13
39.5 8202 2 48 1735 13
39.625 8202 2 47 1736 13
39.75 8202 2 46 1737 13
39.875 8202 2 43 1740 13
40 8202 2 43 1740 13
40.125 8202 2 43 1740 13
40.25 8202 1 44 1740 13
40.375 8202 1 44 1740 13
40.5 8202 1 42 1742 13
40.625 8202 1 41 1743 13
40.75 8202 1 40 1744 13
40.875 8202 1 39 1745 13
41 8202 1 38 1746 13
41.125 8202 1 38 1746 13
41.25 8202 1 37 1747 13
41.375 8202 1 37 1747 13
41.5 8202 1 36 1748 13
41.625 8202 1 36 1748 13
41.75 8202 1 36 1748 13
41.875 8202 1 36 1748 13
42 8202 1 34 1750 13
42.125 8202 1 32 1752 13
42.25 8202 1 31 1753 13
42.375 8202 1 30 1754 13
42.5 8202 1 30 1754 13
42.625 8202 1 30 1754 13
42.75 8202 1 30 1754 13
42.875 8202 1 28 1756 13
43 8202 1 28 1756 13
43.125 8202 1 26 1758 13
43.25 8202 1 26 1758 13
43.375 8202 1 26 1758 13
43.5 8202 1 26 1758 13
43.625 8202 1 25 1759 13
43.75 8202 1 25 1759 13
43.875 8202 1 25 1759 13
44 8202 1 25 1759 13
44.125 8202 1 24 1760 13
44.25 8202 1 24 1760 13
44.375 8202 1 24 1760 13
44.5 8202 1 24 1760 13
44.625 8202 1 24 1760 13
44.75 8202 1 22 1762 13
44.875 8202 1 22 1762 13
45 8202 1 22 1762 13
45.125 8202 1 22 1762 13
45.25 8202 1 22 1762 13
45.375 8202 1 21 1763 13
45.5 8202 0 22 1763 13
45.625 8202 0 22 1763 13
45.75 8202 0 22 1763 13
45.875 8202 0 21 1764 13
46 8202 0 20 1765 13
46.125 8202 0 19 1766 13
46.25 8202 0 19 1766 13
46.375 8202 0 18 1767 13
46.5 8202 0 18 1767 13
46.625 8202 0 17 1768 13
46.75 8202 0 16 1769 13
46.875 8202 0 16 1769 13
47 8202 0 16 1769 13
47.125 8202 0 16 1769 13
47.25 8202 0 16 1769 13
47.375 8202 0 16 1769 13
47.5 8202 0 15 1770 13
47.625 8202 0 15 1770 13
47.75 8202 0 15 1770 13
47.875 8202 0 15 1770 13
48 8202 0 14 1771 13
48.125 8202 0 13 1772 13
48.25 8202 0 13 1772 13
48.375 8202 0 12 1773 13
48.5 8202 0 12 1773 13
48.625 8202 0 12 1773 13
48.75 8202 0 11 1774 13
48.875 8202 0 11 1774 13
49 8202 0 11 1774 13
49.125 8202 0 11 1774 13
49.25 8202 0 11 1774 13
49.375 8202 0 11 1774 13
49.5 8202 0 11 1774 13
49.625 8202 0 11 1774 13
49.75 8202 0 11 1774 13
49.875 8202 0 11 1774 13
50 8202 0 11 1774 13
50.125 8202 0 11 1774 13
50.25 8202 0 11 1774 13
50.375 8202 0 11 1774 13
50.5 8202 0 11 1774 13
50.625 8202 0 10 1775 13
50.75 8202 0 10 1775 13
50.875 8202 0 10 1775 13
51 8202 0 10 1775 13
51.125 8202 0 9 1776 13
51.25 8202 0 9 1776 13
51.375 8202 0 9 1776 13
51.5 8202 0 9 1776 13
51.625 8202 0 8 1777 13
51.75 8202 0 8 1777 13
51.875 8202 0 7 1778 13
52 8202 0 6 1779 13
52.125 8202 0 6 1779 13
52.25 8202 0 6 1779 13
52.375 8202 0 6 1779 13
52.5 8202 0 6 1779 13
52.625 8202 0 5 1780 13
52.75 8202 0 5 1780 13
52.875 8202 0 5 1780 13
53 8202 0 5 1780 13
53.125 8202 0 5 1780 13
53.25 8202 0 5 1780 13
53.375 8202 0 5 1780 13
53.5 8202 0 5 1780 13
53.625 8202 0 5 1780 13
53.75 8202 0 5 1780 13
53.875 8202 0 5 1780 13
54 8202 0 4 1781 13
54.125 8202 0 4 1781 13
54.25 8202 0 4 1781 13
54.375 8202 0 4 1781 13
54.5 8202 0 4 1781 13
54.625 8202 0 4 1781 13
54.75 8202 0 4 1781 13
54.875 8202 0 4 1781 13
55 8202 0 4 1781 13
55.125 8202 0 4 1781 13
55.25 8202 0 4 1781 13
55.375 8202 0 4 1781 13
55.5 8202 0 4 1781 13
55.625 8202 0 4 1781 13
55.75 8202 0 4 1781 13
55.875 8202 0 4 1781 13
56 8202 0 4 1781 13
56.125 8202 0 4 1781 13
56.25 8202 0 4 1781 13
56.375 8202 0 4 1781 13
56.5 8202 0 4 1781 13
56.625 8202 0 4 1781 13
56.75 8202 0 4 1781 13
56.875 8202 0 4 1781 13
57 8202 0 4 1781 13
57.125 8202 0 4 1781 13
57.25 8202 0 4 1781 13
57.375 8202 0 3 1782 13
57.5 8202 0 3 1782 13
57.625 8202 0 3 1782 13
57.75 8202 0 3 1782 13
57.875 8202 0 3 1782 13
58 8202 0 3 1782 13
58.125 8202 0 3 1782 13
58.25 8202 0 3 1782 13
58.375 8202 0 3 1782 13
58.5 8202 0 3 1782 13
58.625 8202 0 3 1782 13
58.75 8202 0 3 1782 13
58.875 8202 0 3 1782 13
59 8202 0 3 1782 13
59.125 8202 0 3 1782 13
59.25 8202 0 3 1782 13
59.375 8202 0 3 1782 13
59.5 8202 0 3 1782 13
59.625 8202 0 3 1782 13
59.75 8202 0 3 1782 13
59.875 8202 0 3 1782 13
60 8202 0 3 1782 13
60.125 8202 0 3 1782 13
60.25 8202 0 3 1782 13
60.375 8202 0 3 1782 13
60.5 8202 0 3 1782 13
60.625 8202 0 3 1782 13
60.75 8202 0 3 1782 13
60.875 8202 0 3 1782 13
61 8202 0 3 1782 13
61.125 8202 0 3 1782 13
61.25 8202 0 3 1782 13
61.375 8202 0 3 1782 13
61.5 8202 0 3 1782 13
61.625 8202 0 3 1782 13
61.75 8202 0 3 1782 13
61.875 8202 0 3 1782 13
62 8202 0 3 1782 13
62.125 8202 0 3 1782 13
62.25 8202 0 3 1782 13
62.375 8202 0 3 1782 13
62.5 8202 0 3 1782 13
62.625 8202 0 3 1782 13
62.75 8202 0 3 1782 13
62.875 8202 0 2 1783 13
63 8202 0 2 1783 13
63.125 8202 0 2 1783 13
63.25 8202 0 2 1783 13
63.375 8202 0 2 1783 13
63.5 8202 0 1 1784 13
63.625 8202 0 1 1784 13
63.75 8202 0 1 1784 13
63.875 8202 0 1 1784 13
64 8202 0 1 1784 13
64.125 8202 0 1 1784 13
64.25 8202 0 1 1784 13
64.375 8202 0 1 1784 13
64.5 8202 0 1 1784 13
64.625 8202 0 1 1784 13
64.75 8202 0 1 1784 13
64.875 8202 0 1 1784 13
65 8202 0 1 1784 13
65.125 8202 0 1 1784 13
65.25 8202 0 1 1784 13
65.375 8202 0 1 1784 13
65.5 8202 0 1 1784 13
65.625 8202 0 1 1784 13
65.75 8202 0 1 1784 13
65.875 8202 0 1 1784 13
66 8202 0 1 1784 13
66.125 8202 0 1 1784 13
66.25 8202 0 1 1784 13
66.375 8202 0 1 1784 13
66.5 8202 0 1 1784 13
66.625 8202 0 1 1784 13
66.75 8202 0 1 1784 13
66.875 8202 0 1 1784 13
67 8202 0 1 1784 13
67.125 8202 0 1 1784 13
67.25 8202 0 1 1784 13
67.375 8202 0 1 1784 13
67.5 8202 0 1 1784 13
67.625 8202 0 1 1784 13
67.75 8202 0 1 1784 13
67.875 8202 0 1 1784 13
68 8202 0 1 1784 13
68.125 8202 0 1 1784 13
68.25 8202 0 1 1784 13
68.375 8202 0 1 1784 13
68.5 8202 0 1 1784 13
68.625 8202 0 1 1784 13
68.75 8202 0 1 1784 13
68.875 8202 0 1 1784 13
69 8202 0 1 1784 13
69.125 8202 0 1 1784 13
69.25 8202 0 1 1784 13
69.375 8202 0 1 1784 13
69.5 8202 0 1 1784 13
69.625 8202 0 1 1784 13
69.75 8202 0 1 1784 13
69.875 8202 0 1 1784 13
70 8202 0 1 1784 13
70.125 8202 0 1 1784 13
70.25 8202 0 1 1784 13
70.375 8202 0 1 1784 13
70.5 8202 0 1 1784 13
70.625 8202 0 1 1784 13
70.75 8202 0 1 1784 13
70.875 8202 0 1 1784 13
71 8202 0 1 1784 13
71.125 8202 0 1 1784 13
71.25 8202 0 1 1784 13
71.375 8202 0 1 1784 13
71.5 8202 0 1 1784 13
71.625 8202 0 1 1784 13
71.75 8202 0 1 1784 13
71.875 8202 0 1 1784 13
72 8202 0 1 1784 13
72.125 8202 0 1 1784 13
72.25 8202 0 1 1784 13
72.375 8202 0 1 1784 13
72.5 8202 0 1 1784 13
72.625 8202 0 1 1784 13
72.75 8202 0 1 1784 13
72.875 8202 0 1 1784 13
73 8202 0 0 1785 13
