t S E I R D
0 9998 0 2 0 0
0.125 9997 1 2 0 0
0.25 9997 1 2 0 0
0.375 9996 2 2 0 0
0.5 9996 2 2 0 0
0.625 9996 2 2 0 0
0.75 9996 2 2 0 0
0.875 9996 2 2 0 0
1 9996 1 3 0 0
1.125 9996 1 3 0 0
1.25 9995 1 4 0 0
1.375 9995 1 4 0 0
1.5 9995 1 3 1 0
1.625 9995 1 3 1 0
1.75 9995 1 3 1 0
1.875 9995 1 3 1 0
2 9995 1 3 1 0
2.125 9995 1 3 1 0
2.25 9995 1 3 1 0
2.375 9994 2 3 1 0
2.5 9994 2 3 1 0
2.625 9994 2 3 1 0
2.75 9994 2 3 1 0
2.875 9993 3 2 2 0
3 9993 3 2 2 0
3.125 9993 3 2 2 0
3.25 9993 3 2 2 0
3.375 9993 2 3 2 0
3.5 9993 2 3 2 0
3.625 9993 2 3 2 0
3.75 9993 2 3 2 0
3.875 9993 1 4 2 0
4 9993 1 4 2 0
4.125 9993 0 5 2 0
4.25 9992 1 5 2 0
4.375 9992 1 5 2 0
4.5 9992 1 5 2 0
4.625 9992 1 5 2 0
4.75 9992 1 5 2 0
4.875 9992 1 5 2 0
5 9992 1 5 2 0
5.125 9991 2 5 2 0
5.25 9991 2 5 2 0
5.375 9990 3 5 2 0
5.5 9990 3 5 2 0
5.625 9989 4 5 2 0
5.75 9989 3 5 3 0
5.875 9989 3 5 3 0
6 9988 4 5 3 0
6.125 9988 4 5 3 0
6.25 9988 3 6 3 0
6.375 9988 3 6 3 0
6.5 9987 4 6 3 0
6.625 9986 5 6 3 0
6.75 9986 4 7 3 0
6.875 9985 4 7 4 0
7 9982 7 7 4 0
7.125 9982 7 7 4 0
7.25 9982 7 7 4 0
7.375 9982 6 8 4 0
7.5 9981 6 9 4 0
7.625 9981 6 9 4 0
7.75 9981 5 10 4 0
7.875 9981 5 10 4 0
8 9980 5 11 4 0
8.125 9978 7 11 4 0
8.25 9977 6 13 4 0
8.375 9975 7 14 4 0
8.5 9973 8 15 4 0
8.625 9973 8 15 4 0
8.75 9972 9 15 4 0
8.875 9971 10 15 4 0
9 9969 12 14 5 0
9.125 9968 13 14 5 0
9.25 9965 16 14 5 0
9.375 9963 17 15 5 0
9.5 9962 18 15 5 0
9.625 9961 19 15 5 0
9.75 9958 22 15 5 0
9.875 9957 22 16 5 0
10 9955 20 19 6 0
10.125 9955 19 19 7 0
10.25 9954 19 19 8 0
10.375 9953 20 19 8 0
10.5 9951 21 19 9 0
10.625 9949 22 20 9 0
10.75 9946 25 20 9 0
10.875 9941 25 24 10 0
11 9939 23 27 11 0
11.125 9936 24 29 11 0
11.25 9931 28 29 12 0
11.375 9927 31 30 12 0
11.5 9923 34 31 12 0
11.625 9918 36 33 13 0
11.75 9912 39 35 14 0
11.875 9899 52 35 14 0
12 9888 58 39 15 0
12.125 9862 79 42 17 0
12.25 9851 88 42 19 0
12.375 9839 97 45 19 0
12.5 9824 107 50 19 0
12.625 9807 114 59 20 0
12.75 9785 128 66 21 0
12.875 9770 137 71 22 0
13 9747 157 74 22 0
13.125 9708 183 84 25 0
13.25 9681 196 97 26 0
13.375 9648 218 105 29 0
13.5 9617 236 114 33 0
13.625 9597 236 130 37 0
13.75 9565 257 138 40 0
13.875 9547 257 152 44 0
14 9514 270 171 45 0
14.125 9486 281 179 54 0
14.25 9449 293 200 58 0
14.375 9413 314 206 67 0
14.5 9381 327 220 72 0
14.625 9332 355 239 74 0
14.75 9275 397 247 81 0
14.875 9221 422 271 86 0
15 9168 447 292 93 0
15.125 9113 479 306 102 0
15.25 9053 506 336 105 0
15.375 9002 522 361 115 0
15.5 8933 562 381 124 0
15.625 8874 584 409 133 0
15.75 8819 606 435 140 0
15.875 8760 627 466 147 0
16 8692 657 500 151 0
16.125 8627 682 522 168 1
16.25 8567 703 549 180 1
16.375 8505 714 586 194 1
16.5 8452 706 637 204 1
16.625 8392 720 667 219 2
16.75 8321 738 711 228 2
16.875 8258 751 751 238 2
17 8195 775 779 249 2
17.125 8127 789 814 268 2
17.25 8060 801 858 278 3
17.375 8011 813 874 298 4
17.5 7956 791 938 311 4
17.625 7914 781 970 331 4
17.75 7876 767 994 359 4
17.875 7844 748 1030 374 4
18 7804 744 1058 390 4
18.125 7762 745 1074 413 6
18.25 7724 731 1103 436 6
18.375 7695 716 1119 464 6
18.5 7664 703 1140 487 6
18.625 7644 673 1164 513 6
18.75 7621 651 1183 539 6
18.875 7596 633 1192 573 6
19 7578 621 1196 598 7
19.125 7559 591 1222 621 7
19.25 7540 566 1242 645 7
19.375 7514 557 1248 672 9
19.5 7494 543 1247 707 9
19.625 7479 522 1260 730 9
19.75 7466 505 1265 754 10
19.875 7453 485 1279 773 10
20 7433 477 1274 806 10
20.125 7421 453 1274 842 10
20.25 7402 444 1276 868 10
20.375 7397 422 1273 898 10
20.5 7385 408 1266 931 10
20.625 7376 393 1270 950 11
20.75 7372 374 1266 977 11
20.875 7357 364 1271 996 12
21 7352 342 1266 1027 13
21.125 7341 325 1274 1046 14
21.25 7329 318 1273 1066 14
21.375 7321 300 1274 1091 14
21.5 7312 293 1255 1126 14
21.625 7304 276 1257 1148 15
21.75 7300 274 1238 1173 15
21.875 7286 267 1223 1209 15
22 7283 257 1219 1225 16
22.125 7277 248 1209 1250 16
22.25 7273 235 1205 1271 16
22.375 7266 227 1193 1298 16
22.5 7260 217 1180 1327 16
22.625 7257 209 1172 1345 17
22.75 7249 204 1164 1366 17
22.875 7243 196 1155 1389 17
23 7236 187 1139 1421 17
23.125 7234 183 1113 1452 18
23.25 7231 172 1105 1474 18
23.375 7227 168 1087 1500 18
23.5 7224 158 1075 1525 18
23.625 7221 153 1060 1548 18
23.75 7217 146 1046 1573 18
23.875 7217 139 1034 1592 18
24 7214 133 1022 1613 18
24.125 7212 125 1009 1636 18
24.25 7210 120 995 1657 18
24.375 7208 115 975 1683 19
24.5 7208 106 957 1710 19
24.625 7207 101 939 1733 20
24.75 7205 96 934 1745 20
24.875 7205 89 920 1766 20
25 7199 92 902 1787 20
25.125 7196 89 890 1804 21
25.25 7194 89 869 1827 21
25.375 7193 83 858 1845 21
25.5 7191 81 843 1864 21
25.625 7190 77 834 1877 22
25.75 7190 68 824 1896 22
25.875 7189 63 810 1916 22
26 7189 61 803 1925 22
26.125 7187 58 791 1942 22
26.25 7186 56 779 1957 22
26.375 7186 54 758 1980 22
26.5 7185 50 747 1996 22
26.625 7183 51 729 2015 22
26.75 7180 50 721 2027 22
26.875 7180 47 705 2046 22
27 7178 47 692 2061 22
27.125 7178 42 676 2082 22
27.25 7177 41 668 2092 22
27.375 7176 36 659 2105 24
27.5 7174 35 639 2128 24
27.625 7174 35 626 2141 24
27.75 7172 35 606 2163 24
27.875 7170 35 595 2176 24
28 7167 36 582 2191 24
28.125 7165 34 571 2206 24
28.25 7164 33 565 2214 24
28.375 7163 31 557 2225 24
28.5 7161 32 542 2241 24
28.625 7161 31 531 2253 24
28.75 7160 28 521 2267 24
28.875 7160 27 513 2276 24
29 7159 26 503 2288 24
29.125 7159 25 488 2304 24
29.25 7158 24 483 2311 24
29.375 7158 23 476 2319 24
29.5 7157 22 464 2333 24
29.625 7156 21 454 2345 24
29.75 7155 21 445 2355 24
29.875 7154 22 436 2364 24
30 7154 22 425 2375 24
30.125 7154 21 416 2385 24
30.25 7154 20 407 2395 24
30.375 7154 19 400 2402 25
30.5 7153 19 393 2410 25
30.625 7152 19 390 2414 25
30.75 7152 19 384 2420 25
30.875 7152 19 377 2427 25
31 7152 19 368 2436 25
31.125 7151 19 362 2443 25
31.25 7150 20 354 2451 25
31.375 7149 19 344 2463 25
31.5 7149 18 333 2475 25
31.625 7149 17 327 2482 25
31.75 7149 16 318 2492 25
31.875 7149 16 310 2500 25
32 7149 13 301 2512 25
32.125 7149 12 299 2515 25
32.25 7148 13 291 2523 25
32.375 7148 11 291 2525 25
32.5 7148 11 282 2534 25
32.625 7148 11 279 2537 25
32.75 7148 10 273 2544 25
32.875 7148 6 275 2546 25
33 7148 6 269 2552 25
33.125 7148 6 264 2557 25
33.25 7148 6 261 2560 25
33.375 7148 6 258 2563 25
33.5 7148 6 254 2567 25
33.625 7148 6 247 2574 25
33.75 7148 5 237 2585 25
33.875 7147 6 231 2591 25
34 7147 5 228 2595 25
34.125 7147 5 222 2601 25
34.25 7146 6 215 2608 25
34.375 7146 5 213 2611 25
34.5 7146 5 210 2614 25
34.625 7146 5 205 2619 25
34.75 7146 5 203 2621 25
34.875 7146 5 198 2626 25
35 7146 5 195 2629 25
35.125 7146 5 191 2632 26
35.25 7146 4 188 2636 26
35.375 7146 4 183 2641 26
35.5 7145 5 181 2643 26
35.625 7145 4 178 2647 26
35.75 7145 4 176 2649 26
35.875 7145 4 173 2652 26
36 7145 4 169 2656 26
36.125 7145 4 165 2660 26
36.25 7145 3 164 2662 26
36.375 7145 3 161 2665 26
36.5 7144 4 159 2667 26
36.625 7144 3 157 2670 26
36.75 7144 3 155 2672 26
36.875 7144 3 152 2675 26
37 7143 4 150 2677 26
37.125 7143 4 149 2678 26
37.25 7143 3 150 2678 26
37.375 7143 3 148 2680 26
37.5 7143 2 144 2685 26
37.625 7143 2 139 2690 26
37.75 7143 2 134 2694 27
37.875 7143 2 133 2695 27
38 7143 1 131 2698 27
38.125 7143 0 132 2698 27
38.25 7143 0 127 2703 27
38.375 7143 0 123 2707 27
38.5 7143 0 117 2713 27
38.625 7143 0 114 2716 27
38.75 7143 0 110 2720 27
38.875 7143 0 109 2721 27
39 7143 0 108 2722 27
39.125 7143 0 106 2723 28
39.25 7143 0 106 2723 28
39.375 7143 0 105 2724 28
39.5 7143 0 102 2727 28
39.625 7143 0 96 2733 28
39.75 7143 0 94 2735 28
39.875 7143 0 91 2738 28
40 7143 0 87 2742 28
40.125 7143 0 86 2743 28
40.25 7143 0 85 2744 28
40.375 7143 0 84 2745 28
40.5 7143 0 81 2748 28
40.625 7143 0 80 2749 28
40.75 7143 0 78 2751 28
40.875 7143 0 76 2753 28
41 7143 0 73 2756 28
41.125 7143 0 72 2757 28
41.25 7143 0 71 2758 28
41.375 7143 0 71 2758 28
41.5 7143 0 69 2760 28
41.625 7143 0 65 2763 29
41.75 7143 0 64 2764 29
41.875 7143 0 64 2764 29
42 7143 0 63 2765 29
42.125 7143 0 62 2766 29
42.25 7143 0 61 2767 29
42.375 7143 0 60 2768 29
42.5 7143 0 59 2769 29
42.625 7143 0 59 2769 29
42.75 7143 0 55 2773 29
42.875 7143 0 54 2774 29
43 7143 0 53 2775 29
43.125 7143 0 53 2775 29
43.25 7143 0 52 2776 29
43.375 7143 0 51 2777 29
43.5 7143 0 51 2777 29
43.625 7143 0 51 2777 29
43.75 7143 0 50 2778 29
43.875 7143 0 50 2778 29
44 7143 0 50 2778 29
44.125 7143 0 50 2778 29
44.25 7143 0 48 2780 29
44.375 7143 0 48 2780 29
44.5 7143 0 48 2780 29
44.625 7143 0 48 2780 29
44.75 7143 0 48 2780 29
44.875 7143 0 48 2780 29
45 7143 0 48 2780 29
45.125 7143 0 48 2780 29
45.25 7143 0 48 2780 29
45.375 7143 0 47 2781 29
45.5 7143 0 47 2781 29
45.625 7143 0 47 2781 29
45.75 7143 0 47 2781 29
45.875 7143 0 47 2781 29
46 7143 0 47 2781 29
46.125 7143 0 46 2782 29
46.25 7143 0 46 2782 29
46.375 7143 0 46 2782 29
46.5 7143 0 45 2783 29
46.625 7143 0 45 2783 29
46.75 7143 0 45 2783 29
46.875 7143 0 45 2783 29
47 7143 0 44 2784 29
47.125 7143 0 44 2784 29
47.25 7143 0 43 2785 29
47.375 7143 0 43 2785 29
47.5 7143 0 40 2788 29
47.625 7143 0 40 2788 29
47.75 7143 0 39 2789 29
47.875 7143 0 37 2791 29
48 7143 0 35 2793 29
48.125 7143 0 34 2794 29
48.25 7143 0 33 2795 29
48.375 7143 0 32 2796 29
48.5 7143 0 31 2797 29
48.625 7143 0 30 2798 29
48.75 7143 0 30 2798 29
48.875 7143 0 30 2798 29
49 7143 0 29 2799 29
49.125 7143 0 28 2800 29
49.25 7143 0 27 2801 29
49.375 7143 0 25 2803 29
49.5 7143 0 25 2803 29
49.625 7143 0 24 2804 29
49.75 7143 0 24 2804 29
49.875 7143 0 23 2805 29
50 7143 0 22 2806 29
50.125 7143 0 20 2808 29
50.25 7143 0 20 2808 29
50.375 7143 0 20 2808 29
50.5 7143 0 19 2809 29
50.625 7143 0 19 2809 29
50.75 7143 0 18 2810 29
50.875 7143 0 18 2810 29
51 7143 0 18 2810 29
51.125 7143 0 16 2812 29
51.25 7143 0 16 2812 29
51.375 7143 0 16 2812 29
51.5 7143 0 16 2812 29
51.625 7143 0 16 2812 29
51.75 7143 0 16 2812 29
51.875 7143 0 16 2812 29
52 7143 0 16 2812 29
52.125 7143 0 16 2812 29
52.25 7143 0 16 2812 29
52.375 7143 0 16 2812 29
52.5 7143 0 16 2812 29
52.625 7143 0 16 2812 29
52.75 7143 0 15 2813 29
52.875 7143 0 14 2814 29
53 7143 0 14 2814 29
53.125 7143 0 13 2815 29
53.25 7143 0 13 2815 29
53.375 7143 0 13 2815 29
53.5 7143 0 13 2815 29
53.625 7143 0 13 2815 29
53.75 7143 0 13 2815 29
53.875 7143 0 12 2816 29
54 7143 0 12 2816 29
54.125 7143 0 12 2816 29
54.25 7143 0 12 2816 29
54.375 7143 0 11 2817 29
54.5 7143 0 11 2817 29
54.625 7143 0 10 2818 29
54.75 7143 0 10 2818 29
54.875 7143 0 10 2818 29
55 7143 0 9 2819 29
55.125 7143 0 9 2819 29
55.25 7143 0 9 2819 29
55.375 7143 0 9 2819 29
55.5 7143 0 9 2819 29
55.625 7143 0 9 2819 29
55.75 7143 0 9 2819 29
55.875 7143 0 8 2820 29
56 7143 0 6 2822 29
56.125 7143 0 6 2822 29
56.25 7143 0 6 2822 29
56.375 7143 0 6 2822 29
56.5 7143 0 6 2822 29
56.625 7143 0 6 2822 29
56.75 7143 0 6 2822 29
56.875 7143 0 5 2823 29
57 7143 0 5 2823 29
57.125 7143 0 5 2823 29
57.25 7143 0 5 2823 29
57.375 7143 0 5 2823 29
57.5 7143 0 4 2824 29
57.625 7143 0 4 2824 29
57.75 7143 0 4 2824 29
57.875 7143 0 4 2824 29
58 7143 0 4 2824 29
58.125 7143 0 4 2824 29
58.25 7143 0 4 2824 29
58.375 7143 0 4 2824 29
58.5 7143 0 3 2825 29
58.625 7143 0 3 2825 29
58.75 7143 0 3 2825 29
58.875 7143 0 3 2825 29
59 7143 0 2 2826 29
59.125 7143 0 2 2826 29
59.25 7143 0 2 2826 29
59.375 7143 0 1 2827 29
59.5 7143 0 1 2827 29
59.625 7143 0 1 2827 29
59.75 7143 0 0 2828 29
