t S E I R D
0 9998 0 2 0 0
0.125 9997 1 2 0 0
0.25 9997 1 2 0 0
0.375 9996 2 2 0 0
0.5 9996 2 1 1 0
0.625 9996 2 1 1 0
0.75 9996 2 1 1 0
0.875 9996 2 1 1 0
1 9996 2 1 1 0
1.125 9996 2 1 1 0
1.25 9996 1 2 1 0
1.375 9996 1 2 1 0
1.5 9996 1 2 1 0
1.625 9996 1 2 1 0
1.75 9996 1 2 1 0
1.875 9996 1 2 1 0
2 9996 1 2 1 0
2.125 9996 1 2 1 0
2.25 9995 2 2 1 0
2.375 9995 2 2 1 0
2.5 9995 2 2 1 0
2.625 9995 2 2 1 0
2.75 9995 2 2 1 0
2.875 9995 2 2 1 0
3 9995 2 2 1 0
3.125 9995 2 2 1 0
3.25 9995 2 2 1 0
3.375 9995 2 1 2 0
3.5 9995 2 1 2 0
3.625 9995 2 1 2 0
3.75 9995 2 1 2 0
3.875 9995 1 2 2 0
4 9995 0 3 2 0
4.125 9995 0 3 2 0
4.25 9995 0 3 2 0
4.375 9995 0 3 2 0
4.5 9995 0 3 2 0
4.625 9995 0 3 2 0
4.75 9995 0 3 2 0
4.875 9995 0 3 2 0
5 9995 0 3 2 0
5.125 9995 0 3 2 0
5.25 9995 0 3 2 0
5.375 9995 0 3 2 0
5.5 9994 1 3 2 0
5.625 9993 2 3 2 0
5.75 9993 2 3 2 0
5.875 9993 1 3 3 0
6 9974 20 3 3 0
6.125 9957 34 6 3 0
6.25 9940 50 7 3 0
6.375 9921 67 9 3 0
6.5 9899 86 12 3 0
6.625 9887 89 21 3 0
6.75 9867 104 26 3 0
6.875 9839 124 34 3 0
7 9808 149 40 3 0
7.125 9777 168 52 3 0
7.25 9742 186 68 4 0
7.375 9689 224 82 5 0
7.5 9642 256 96 6 0
7.625 9597 284 113 6 0
7.75 9547 320 125 8 0
7.875 9507 332 151 10 0
8 9441 386 161 12 0
8.125 9380 428 178 14 0
8.25 9325 458 200 17 0
8.375 9275 482 225 18 0
8.5 9216 515 243 26 0
8.625 9154 540 274 32 0
8.75 9073 584 304 39 0
8.875 8989 637 330 44 0
9 8910 672 362 56 0
9.125 8816 733 388 62 1
9.25 8807 702 421 69 1
9.375 8803 661 458 77 1
9.5 8794 643 474 88 1
9.625 8793 611 500 95 1
9.75 8787 577 534 101 1
9.875 8780 555 554 110 1
10 8776 527 568 128 1
10.125 8766 501 594 138 1
10.25 8763 471 612 153 1
10.375 8754 450 630 165 1
10.5 8748 427 645 179 1
10.625 8745 400 670 184 1
10.75 8738 384 677 199 2
10.875 8731 368 685 213 3
11 8731 338 701 226 4
11.125 8726 328 705 237 4
11.25 8726 303 714 253 4
11.375 8725 282 719 270 4
11.5 8724 273 721 278 4
11.625 8724 257 723 292 4
11.75 8724 244 728 300 4
11.875 8721 232 723 320 4
12 8721 214 731 330 4
12.125 8719 198 736 343 4
12.25 8719 183 740 354 4
12.375 8717 177 732 370 4
12.5 8716 165 732 383 4
12.625 8714 156 733 393 4
12.75 8711 147 728 410 4
12.875 8708 141 716 431 4
13 8708 133 711 444 4
13.125 8707 127 706 456 4
13.25 8705 124 692 475 4
13.375 8703 112 683 497 5
13.5 8703 108 673 511 5
13.625 8702 101 659 533 5
13.75 8701 97 654 543 5
13.875 8699 96 647 553 5
14 8696 93 643 562 6
14.125 8696 88 638 572 6
14.25 8695 79 638 581 7
14.375 8695 77 629 592 7
14.5 8694 76 621 602 7
14.625 8692 75 606 619 8
14.75 8690 75 597 630 8
14.875 8689 70 583 650 8
15 8688 66 576 662 8
15.125 8688 63 572 669 8
15.25 8688 62 564 678 8
15.375 8688 56 558 690 8
15.5 8686 56 554 696 8
15.625 8686 53 547 706 8
15.75 8686 50 537 719 8
15.875 8686 49 527 730 8
16 8685 47 514 745 9
16.125 8685 45 506 755 9
16.25 8684 42 503 762 9
16.375 8684 39 494 774 9
16.5 8683 35 492 781 9
16.625 8682 34 485 790 9
16.75 8682 32 475 802 9
16.875 8681 32 471 807 9
17 8681 30 459 821 9
17.125 8681 29 452 828 10
17.25 8680 30 440 840 10
17.375 8679 30 433 848 10
17.5 8677 30 430 853 10
17.625 8677 25 423 865 10
17.75 8676 24 416 874 10
17.875 8676 20 412 882 10
18 8676 20 401 893 10
18.125 8676 18 396 900 10
18.25 8675 19 384 912 10
18.375 8674 19 380 917 10
18.5 8674 16 378 922 10
18.625 8674 15 370 931 10
18.75 8673 15 360 942 10
18.875 8673 14 357 946 10
19 8672 14 356 948 10
19.125 8672 13 348 957 10
19.25 8672 13 341 964 10
19.375 8672 13 331 974 10
19.5 8672 11 329 978 10
19.625 8672 10 323 985 10
19.75 8672 10 320 988 10
19.875 8671 11 313 995 10
20 8671 11 303 1005 10
20.125 8671 10 297 1012 10
20.25 8671 9 286 1024 10
20.375 8671 9 281 1029 10
20.5 8670 10 271 1039 10
20.625 8670 10 265 1045 10
20.75 8670 9 261 1050 10
20.875 8670 8 259 1053 10
21 8670 8 254 1058 10
21.125 8670 8 254 1058 10
21.25 8670 8 248 1064 10
21.375 8670 8 241 1071 10
21.5 8670 8 233 1079 10
21.625 8670 7 231 1082 10
21.75 8670 7 228 1085 10
21.875 8669 7 224 1090 10
22 8669 7 220 1094 10
22.125 8669 7 217 1096 11
22.25 8669 7 210 1103 11
22.375 8669 6 208 1106 11
22.5 8669 5 202 1113 11
22.625 8669 5 198 1117 11
22.75 8669 5 196 1119 11
22.875 8668 6 191 1124 11
23 8668 6 184 1131 11
23.125 8668 6 179 1136 11
23.25 8668 6 177 1138 11
23.375 8667 6 173 1143 11
23.5 8667 6 166 1150 11
23.625 8667 4 163 1155 11
23.75 8667 4 162 1156 11
23.875 8667 4 160 1158 11
24 8667 3 157 1162 11
24.125 8667 3 151 1168 11
24.25 8667 3 146 1173 11
24.375 8667 3 144 1175 11
24.5 8667 3 140 1179 11
24.625 8667 3 137 1182 11
24.75 8667 3 134 1185 11
24.875 8667 3 130 1189 11
25 8667 3 128 1191 11
25.125 8667 3 126 1193 11
25.25 8667 3 124 1195 11
25.375 8667 3 124 1195 11
25.5 8667 3 122 1197 11
25.625 8667 3 118 1201 11
25.75 8667 2 118 1202 11
25.875 8667 2 114 1206 11
26 8667 2 113 1207 11
26.125 8667 2 110 1210 11
26.25 8667 1 108 1213 11
26.375 8667 1 107 1214 11
26.5 8665 3 105 1216 11
26.625 8665 3 104 1217 11
26.75 8665 3 101 1220 11
26.875 8664 4 98 1223 11
27 8664 4 97 1224 11
27.125 8664 4 93 1228 11
27.25 8664 4 91 1230 11
27.375 8664 4 90 1231 11
27.5 8664 4 89 1232 11
27.625 8664 4 89 1232 11
27.75 8664 3 89 1233 11
27.875 8664 3 86 1236 11
28 8664 3 85 1237 11
28.125 8664 3 83 1239 11
28.25 8664 3 80 1242 11
28.375 8664 3 78 1244 11
28.5 8664 3 77 1245 11
28.625 8664 3 75 1247 11
28.75 8664 3 72 1250 11
28.875 8664 3 72 1250 11
29 8664 2 71 1252 11
29.125 8664 2 70 1253 11
29.25 8664 2 68 1255 11
29.375 8664 2 65 1258 11
29.5 8664 1 64 1260 11
29.625 8664 1 63 1261 11
29.75 8664 1 61 1263 11
29.875 8664 1 60 1264 11
30 8664 1 60 1264 11
30.125 8664 1 58 1266 11
30.25 8664 1 56 1268 11
30.375 8664 1 55 1269 11
30.5 8664 1 52 1272 11
30.625 8664 1 50 1274 11
30.75 8664 1 49 1275 11
30.875 8664 1 49 1275 11
31 8664 1 49 1275 11
31.125 8664 1 49 1275 11
31.25 8664 1 47 1277 11
31.375 8664 1 47 1277 11
31.5 8664 1 46 1278 11
31.625 8664 1 46 1278 11
31.75 8664 1 44 1280 11
31.875 8664 0 45 1280 11
32 8664 0 45 1280 11
32.125 8664 0 43 1282 11
32.25 8664 0 43 1282 11
32.375 8664 0 41 1284 11
32.5 8664 0 39 1285 12
32.625 8664 0 39 1285 12
32.75 8664 0 39 1285 12
32.875 8664 0 38 1286 12
33 8664 0 36 1288 12
33.125 8664 0 34 1290 12
33.25 8664 0 34 1290 12
33.375 8664 0 32 1292 12
33.5 8664 0 31 1293 12
33.625 8664 0 30 1294 12
33.75 8664 0 29 1295 12
33.875 8664 0 26 1298 12
34 8664 0 26 1298 12
34.125 8664 0 25 1299 12
34.25 8664 0 24 1300 12
34.375 8664 0 24 1300 12
34.5 8664 0 23 1301 12
34.625 8664 0 23 1301 12
34.75 8664 0 23 1301 12
34.875 8664 0 23 1301 12
35 8664 0 22 1302 12
35.125 8664 0 22 1302 12
35.25 8664 0 22 1302 12
35.375 8664 0 21 1303 12
35.5 8664 0 20 1304 12
35.625 8664 0 19 1305 12
35.75 8664 0 17 1307 12
35.875 8664 0 16 1308 12
36 8664 0 16 1308 12
36.125 8664 0 15 1309 12
36.25 8664 0 15 1309 12
36.375 8664 0 15 1309 12
36.5 8664 0 15 1309 12
36.625 8664 0 15 1309 12
36.75 8664 0 14 1310 12
36.875 8664 0 13 1311 12
37 8664 0 12 1312 12
37.125 8664 0 12 1312 12
37.25 8664 0 11 1313 12
37.375 8664 0 10 1314 12
37.5 8664 0 10 1314 12
37.625 8664 0 9 1315 12
37.75 8664 0 9 1315 12
37.875 8664 0 9 1315 12
38 8664 0 9 1315 12
38.125 8664 0 8 1316 12
38.25 8664 0 8 1316 12
38.375 8664 0 8 1316 12
38.5 8664 0 8 1316 12
38.625 8664 0 8 1316 12
38.75 8664 0 8 1316 12
38.875 8664 0 8 1316 12
39 8664 0 8 1316 12
39.125 8664 0 8 1316 12
39.25 8664 0 8 1316 12
39.375 8664 0 8 1316 12
39.5 8664 0 7 1317 12
39.625 8664 0 7 1317 12
39.75 8664 0 7 1317 12
39.875 8664 0 7 1317 12
40 8664 0 7 1317 12
40.125 8664 0 7 1317 12
40.25 8664 0 7 1317 12
40.375 8664 0 7 1317 12
40.5 8664 0 7 1317 12
40.625 8664 0 7 1317 12
40.75 8664 0 7 1317 12
40.875 8664 0 7 1317 12
41 8664 0 7 1317 12
41.125 8664 0 7 1317 12
41.25 8664 0 6 1318 12
41.375 8664 0 6 1318 12
41.5 8664 0 6 1318 12
41.625 8664 0 6 1318 12
41.75 8664 0 6 1318 12
41.875 8664 0 6 1318 12
42 8664 0 6 1318 12
42.125 8664 0 6 1318 12
42.25 8664 0 6 1318 12
42.375 8664 0 6 1318 12
42.5 8664 0 6 1318 12
42.625 8664 0 6 1318 12
42.75 8664 0 6 1318 12
42.875 8664 0 6 1318 12
43 8664 0 5 1319 12
43.125 8664 0 5 1319 12
43.25 8664 0 5 1319 12
43.375 8664 0 5 1319 12
43.5 8664 0 5 1319 12
43.625 8664 0 5 1319 12
43.75 8664 0 5 1319 12
43.875 8664 0 5 1319 12
44 8664 0 4 1320 12
44.125 8664 0 4 1320 12
44.25 8664 0 4 1320 12
44.375 8664 0 4 1320 12
44.5 8664 0 4 1320 12
44.625 8664 0 4 1320 12
44.75 8664 0 4 1320 12
44.875 8664 0 4 1320 12
45 8664 0 4 1320 12
45.125 8664 0 4 1320 12
45.25 8664 0 4 1320 12
45.375 8664 0 4 1320 12
45.5 8664 0 4 1320 12
45.625 8664 0 4 1320 12
45.75 8664 0 4 1320 12
45.875 8664 0 4 1320 12
46 8664 0 4 1320 12
46.125 8664 0 4 1320 12
46.25 8664 0 4 1320 12
46.375 8664 0 4 1320 12
46.5 8664 0 4 1320 12
46.625 8664 0 4 1320 12
46.75 8664 0 4 1320 12
46.875 8664 0 4 1320 12
47 8664 0 4 1320 12
47.125 8664 0 4 1320 12
47.25 8664 0 4 1320 12
47.375 8664 0 4 1320 12
47.5 8664 0 4 1320 12
47.625 8664 0 4 1320 12
47.75 8664 0 4 1320 12
47.875 8664 0 4 1320 12
48 8664 0 4 1320 12
48.125 8664 0 4 1320 12
48.25 8664 0 4 1320 12
48.375 8664 0 4 1320 12
48.5 8664 0 4 1320 12
48.625 8664 0 4 1320 12
48.75 8664 0 4 1320 12
48.875 8664 0 4 1320 12
49 8664 0 4 1320 12
49.125 8664 0 4 1320 12
49.25 8664 0 4 1320 12
49.375 8664 0 4 1320 12
49.5 8664 0 4 1320 12
49.625 8664 0 4 1320 12
49.75 8664 0 3 1321 12
49.875 8664 0 3 1321 12
50 8664 0 2 1322 12
50.125 8664 0 2 1322 12
50.25 8664 0 1 1323 12
50.375 8664 0 1 1323 12
50.5 8664 0 1 1323 12
50.625 8664 0 1 1323 12
50.75 8664 0 1 1323 12
50.875 8664 0 1 1323 12
51 8664 0 1 1323 12
51.125 8664 0 1 1323 12
51.25 8664 0 1 1323 12
51.375 8664 0 1 1323 12
51.5 8664 0 1 1323 12
51.625 8664 0 1 1323 12
51.75 8664 0 1 1323 12
51.875 8664 0 1 1323 12
52 8664 0 1 1323 12
52.125 8664 0 0 1324 12
