t S E I R D
0 9998 0 2 0 0
0.125 9998 0 2 0 0
0.25 9998 0 2 0 0
0.375 9998 0 2 0 0
0.5 9997 1 2 0 0
0.625 9997 1 2 0 0
0.75 9997 1 2 0 0
0.875 9997 1 1 1 0
1 9997 1 1 1 0
1.125 9997 1 1 1 0
1.25 9997 1 1 1 0
1.375 9997 1 1 1 0
1.5 9997 1 1 1 0
1.625 9997 0 2 1 0
1.75 9995 2 2 1 0
1.875 9994 3 2 1 0
2 9994 3 2 1 0
2.125 9994 2 3 1 0
2.25 9994 2 3 1 0
2.375 9994 2 3 1 0
2.5 9994 2 3 1 0
2.625 9994 2 3 1 0
2.75 9994 2 3 1 0
2.875 9994 1 4 1 0
3 9994 1 4 1 0
3.125 9994 1 4 1 0
3.25 9994 1 4 1 0
3.375 9994 0 5 1 0
3.5 9993 1 5 1 0
3.625 9991 3 5 1 0
3.75 9990 4 5 1 0
3.875 9987 7 5 1 0
4 9987 7 5 1 0
4.125 9987 7 5 1 0
4.25 9987 6 6 1 0
4.375 9987 5 7 1 0
4.5 9987 5 7 1 0
4.625 9987 5 7 1 0
4.75 9986 6 7 1 0
4.875 9985 7 7 1 0
5 9984 8 7 1 0
5.125 9984 7 8 1 0
5.25 9983 7 9 1 0
5.375 9982 8 9 1 0
5.5 9982 8 9 1 0
5.625 9981 7 10 2 0
5.75 9981 6 10 3 0
5.875 9980 6 11 3 0
6 9980 5 12 3 0
6.125 9977 8 11 4 0
6.25 9976 9 11 4 0
6.375 9975 9 12 4 0
6.5 9975 9 12 4 0
6.625 9974 10 12 4 0
6.75 9972 12 12 4 0
6.875 9969 15 12 4 0
7 9966 17 13 4 0
7.125 9955 27 14 4 0
7.25 9940 38 18 4 0
7.375 9924 53 18 5 0
7.5 9902 73 20 5 0
7.625 9854 118 23 5 0
7.75 9810 157 27 6 0
7.875 9775 180 38 7 0
8 9736 207 49 8 0
8.125 9690 241 60 9 0
8.25 9638 279 72 11 0
8.375 9593 305 91 11 0
8.5 9529 348 111 12 0
8.625 9477 381 129 13 0
8.75 9424 416 144 16 0
8.875 9349 476 156 19 0
9 9280 516 180 23 1
9.125 9277 487 208 27 1
9.25 9272 466 229 32 1
9.375 9269 448 245 37 1
9.5 9262 425 268 44 1
9.625 9254 405 292 48 1
9.75 9243 386 315 55 1
9.875 9238 363 339 59 1
10 9232 346 357 64 1
10.125 9227 326 373 73 1
10.25 9224 305 392 78 1
10.375 9213 301 400 85 1
10.5 9209 287 406 97 1
10.625 9203 279 416 101 1
10.75 9197 270 423 109 1
10.875 9192 264 415 128 1
11 9183 261 417 138 1
11.125 9177 249 426 146 2
11.25 9174 234 432 158 2
11.375 9174 223 438 162 3
11.5 9174 211 439 173 3
11.625 9173 200 442 182 3
11.75 9171 184 451 191 3
11.875 9169 174 454 200 3
12 9165 164 464 204 3
12.125 9161 162 461 213 3
12.25 9161 153 459 224 3
12.375 9160 140 464 233 3
12.5 9159 136 456 246 3
12.625 9158 129 457 253 3
12.75 9155 123 452 267 3
12.875 9152 115 458 272 3
13 9151 108 454 284 3
13.125 9148 103 456 290 3
13.25 9145 102 452 298 3
13.375 9141 100 445 311 3
13.5 9141 93 439 324 3
13.625 9139 87 439 332 3
13.75 9138 86 436 337 3
13.875 9136 87 431 343 3
14 9135 82 432 348 3
14.125 9134 77 428 358 3
14.25 9133 76 427 361 3
14.375 9133 73 425 366 3
14.5 9131 69 421 376 3
14.625 9131 64 421 381 3
14.75 9128 62 419 388 3
14.875 9126 62 413 396 3
15 9125 56 409 407 3
15.125 9123 52 407 415 3
15.25 9121 51 400 425 3
15.375 9118 52 394 433 3
15.5 9117 49 391 440 3
15.625 9116 48 390 443 3
15.75 9115 47 377 458 3
15.875 9115 44 373 464 4
16 9115 44 367 470 4
16.125 9115 40 361 480 4
16.25 9115 36 360 485 4
16.375 9114 32 359 491 4
16.5 9113 31 357 495 4
16.625 9113 31 349 503 4
16.75 9112 30 344 510 4
16.875 9112 29 337 518 4
17 9112 29 329 526 4
17.125 9109 32 324 530 5
17.25 9109 28 319 539 5
17.375 9108 27 314 546 5
17.5 9107 26 309 553 5
17.625 9106 25 304 560 5
17.75 9106 23 301 565 5
17.875 9106 22 293 574 5
18 9104 23 292 576 5
18.125 9102 25 286 582 5
18.25 9102 23 279 591 5
18.375 9101 21 274 599 5
18.5 9101 20 270 604 5
18.625 9101 19 268 607 5
18.75 9101 15 267 612 5
18.875 9100 16 262 617 5
19 9100 13 259 623 5
19.125 9100 12 257 626 5
19.25 9100 11 254 630 5
19.375 9100 9 248 638 5
19.5 9100 8 242 645 5
19.625 9098 9 237 651 5
19.75 9098 9 232 656 5
19.875 9098 9 229 659 5
20 9097 10 227 661 5
20.125 9097 9 226 663 5
20.25 9096 10 223 666 5
20.375 9096 9 221 669 5
20.5 9096 8 222 669 5
20.625 9096 8 214 677 5
20.75 9096 7 210 682 5
20.875 9096 7 202 690 5
21 9096 7 200 692 5
21.125 9096 7 195 697 5
21.25 9096 6 191 702 5
21.375 9096 6 189 704 5
21.5 9096 5 185 709 5
21.625 9096 5 183 711 5
21.75 9096 5 182 712 5
21.875 9096 5 176 718 5
22 9096 4 174 721 5
22.125 9095 5 171 724 5
22.25 9094 5 169 727 5
22.375 9094 5 164 732 5
22.5 9093 6 161 734 6
22.625 9093 6 159 736 6
22.75 9093 5 157 739 6
22.875 9092 6 152 744 6
23 9092 5 150 747 6
23.125 9092 5 148 749 6
23.25 9091 6 144 753 6
23.375 9091 6 140 757 6
23.5 9090 7 139 758 6
23.625 9090 5 136 763 6
23.75 9090 5 135 764 6
23.875 9090 5 130 769 6
24 9089 6 129 770 6
24.125 9089 6 127 772 6
24.25 9089 6 126 773 6
24.375 9088 7 123 776 6
24.5 9088 6 122 778 6
24.625 9087 6 122 779 6
24.75 9087 6 121 780 6
24.875 9087 6 116 785 6
25 9087 5 114 788 6
25.125 9087 5 109 793 6
25.25 9087 5 107 795 6
25.375 9087 5 104 798 6
25.5 9087 4 100 803 6
25.625 9087 4 100 803 6
25.75 9087 4 99 804 6
25.875 9087 4 97 806 6
26 9087 4 97 806 6
26.125 9087 3 96 808 6
26.25 9087 3 93 811 6
26.375 9087 3 91 813 6
26.5 9087 3 90 814 6
26.625 9087 3 88 816 6
26.75 9087 3 86 817 7
26.875 9087 3 86 817 7
27 9087 3 85 818 7
27.125 9087 2 84 820 7
27.25 9087 2 84 820 7
27.375 9087 2 82 822 7
27.5 9087 2 80 824 7
27.625 9087 2 80 824 7
27.75 9087 2 80 824 7
27.875 9087 1 80 825 7
28 9087 1 78 827 7
28.125 9087 1 73 832 7
28.25 9087 1 73 832 7
28.375 9087 1 72 833 7
28.5 9087 1 68 837 7
28.625 9087 1 68 837 7
28.75 9087 1 66 839 7
28.875 9087 1 61 844 7
29 9087 1 59 846 7
29.125 9087 1 57 848 7
29.25 9087 1 54 851 7
29.375 9087 1 52 853 7
29.5 9087 1 51 854 7
29.625 9087 1 49 856 7
29.75 9087 1 49 856 7
29.875 9087 1 49 856 7
30 9087 1 49 856 7
30.125 9087 1 48 857 7
30.25 9087 0 48 858 7
30.375 9087 0 46 860 7
30.5 9087 0 45 861 7
30.625 9087 0 44 862 7
30.75 9087 0 44 862 7
30.875 9087 0 44 862 7
31 9087 0 42 864 7
31.125 9087 0 40 866 7
31.25 9087 0 38 868 7
31.375 9087 0 37 869 7
31.5 9087 0 36 870 7
31.625 9087 0 34 872 7
31.75 9087 0 33 873 7
31.875 9087 0 33 873 7
32 9087 0 33 873 7
32.125 9087 0 32 874 7
32.25 9087 0 31 875 7
32.375 9087 0 31 875 7
32.5 9087 0 31 875 7
32.625 9087 0 30 876 7
32.75 9087 0 30 876 7
32.875 9087 0 29 877 7
33 9087 0 27 879 7
33.125 9087 0 26 880 7
33.25 9087 0 26 880 7
33.375 9087 0 25 881 7
33.5 9087 0 25 881 7
33.625 9087 0 25 881 7
33.75 9087 0 25 881 7
33.875 9087 0 24 882 7
34 9087 0 19 887 7
34.125 9087 0 19 887 7
34.25 9087 0 18 888 7
34.375 9087 0 18 888 7
34.5 9087 0 18 888 7
34.625 9087 0 18 888 7
34.75 9087 0 18 888 7
34.875 9087 0 17 889 7
35 9087 0 17 889 7
35.125 9087 0 17 889 7
35.25 9087 0 17 889 7
35.375 9087 0 15 891 7
35.5 9087 0 15 891 7
35.625 9087 0 14 892 7
35.75 9087 0 14 892 7
35.875 9087 0 13 893 7
36 9086 1 13 893 7
36.125 9086 1 11 895 7
36.25 9086 1 11 895 7
36.375 9086 1 10 896 7
36.5 9086 1 10 896 7
36.625 9086 1 9 897 7
36.75 9086 1 9 897 7
36.875 9086 1 9 897 7
37 9086 1 9 897 7
37.125 9086 0 10 897 7
37.25 9086 0 10 897 7
37.375 9086 0 10 897 7
37.5 9086 0 10 897 7
37.625 9086 0 9 898 7
37.75 9086 0 9 898 7
37.875 9086 0 9 898 7
38 9086 0 9 898 7
38.125 9086 0 9 898 7
38.25 9086 0 9 898 7
38.375 9086 0 9 898 7
38.5 9086 0 9 898 7
38.625 9086 0 9 898 7
38.75 9086 0 9 898 7
38.875 9086 0 9 898 7
39 9086 0 9 898 7
39.125 9086 0 9 898 7
39.25 9086 0 9 898 7
39.375 9086 0 9 898 7
39.5 9086 0 9 898 7
39.625 9086 0 9 898 7
39.75 9086 0 9 898 7
39.875 9086 0 9 898 7
40 9086 0 9 898 7
40.125 9086 0 9 898 7
40.25 9086 0 8 899 7
40.375 9086 0 7 900 7
40.5 9086 0 7 900 7
40.625 9086 0 7 900 7
40.75 9086 0 7 900 7
40.875 9086 0 7 900 7
41 9086 0 7 900 7
41.125 9086 0 7 900 7
41.25 9086 0 7 900 7
41.375 9086 0 7 900 7
41.5 9086 0 7 900 7
41.625 9086 0 7 900 7
41.75 9086 0 7 900 7
41.875 9086 0 7 900 7
42 9086 0 7 900 7
42.125 9086 0 7 900 7
42.25 9086 0 7 900 7
42.375 9086 0 7 900 7
42.5 9086 0 7 900 7
42.625 9086 0 7 900 7
42.75 9086 0 7 900 7
42.875 9086 0 7 900 7
43 9086 0 7 900 7
43.125 9086 0 7 900 7
43.25 9086 0 7 900 7
43.375 9086 0 7 900 7
43.5 9086 0 7 900 7
43.625 9086 0 7 900 7
43.75 9086 0 7 900 7
43.875 9086 0 6 901 7
44 9086 0 6 901 7
44.125 9086 0 6 901 7
44.25 9086 0 6 901 7
44.375 9086 0 6 901 7
44.5 9086 0 6 901 7
44.625 9086 0 6 901 7
44.75 9086 0 6 901 7
44.875 9086 0 6 901 7
45 9086 0 6 901 7
45.125 9086 0 6 901 7
45.25 9086 0 6 901 7
45.375 9086 0 6 901 7
45.5 9086 0 6 901 7
45.625 9086 0 6 901 7
45.75 9086 0 6 901 7
45.875 9086 0 6 901 7
46 9086 0 6 901 7
46.125 9086 0 6 901 7
46.25 9086 0 6 901 7
46.375 9086 0 6 901 7
46.5 9086 0 6 901 7
46.625 9086 0 6 901 7
46.75 9086 0 6 901 7
46.875 9086 0 6 901 7
47 9086 0 6 901 7
47.125 9086 0 6 901 7
47.25 9086 0 6 901 7
47.375 9086 0 5 902 7
47.5 9086 0 5 902 7
47.625 9086 0 5 902 7
47.75 9086 0 5 902 7
47.875 9086 0 5 902 7
48 9086 0 5 902 7
48.125 9086 0 5 902 7
48.25 9086 0 5 902 7
48.375 9086 0 5 902 7
48.5 9086 0 5 902 7
48.625 9086 0 5 902 7
48.75 9086 0 5 902 7
48.875 9086 0 5 902 7
49 9086 0 5 902 7
49.125 9086 0 4 903 7
49.25 9086 0 4 903 7
49.375 9086 0 4 903 7
49.5 9086 0 4 903 7
49.625 9086 0 4 903 7
49.75 9086 0 4 903 7
49.875 9086 0 4 903 7
50 9086 0 4 903 7
50.125 9086 0 4 903 7
50.25 9086 0 4 903 7
50.375 9086 0 3 904 7
50.5 9086 0 3 904 7
50.625 9086 0 3 904 7
50.75 9086 0 3 904 7
50.875 9086 0 3 904 7
51 9086 0 3 904 7
51.125 9086 0 3 904 7
51.25 9086 0 3 904 7
51.375 9086 0 2 905 7
51.5 9086 0 2 905 7
51.625 9086 0 2 905 7
51.75 9086 0 2 905 7
51.875 9086 0 2 905 7
52 9086 0 2 905 7
52.125 9086 0 2 905 7
52.25 9086 0 2 905 7
52.375 9086 0 2 905 7
52.5 9086 0 2 905 7
52.625 9086 0 2 905 7
52.75 9086 0 2 905 7
52.875 9086 0 2 905 7
53 9086 0 2 905 7
53.125 9086 0 2 905 7
53.25 9086 0 2 905 7
53.375 9086 0 2 905 7
53.5 9086 0 2 905 7
53.625 9086 0 2 905 7
53.75 9086 0 2 905 7
53.875 9086 0 2 905 7
54 9086 0 2 905 7
54.125 9086 0 2 905 7
54.25 9086 0 2 905 7
54.375 9086 0 2 905 7
54.5 9086 0 2 905 7
54.625 9086 0 2 905 7
54.75 9086 0 2 905 7
54.875 9086 0 2 905 7
55 9086 0 2 905 7
55.125 9086 0 2 905 7
55.25 9086 0 2 905 7
55.375 9086 0 2 905 7
55.5 9086 0 2 905 7
55.625 9086 0 2 905 7
55.75 9086 0 2 905 7
55.875 9086 0 2 905 7
56 9086 0 2 905 7
56.125 9086 0 2 905 7
56.25 9086 0 2 905 7
56.375 9086 0 2 905 7
56.5 9086 0 2 905 7
56.625 9086 0 2 905 7
56.75 9086 0 2 905 7
56.875 9086 0 2 905 7
57 9086 0 1 906 7
57.125 9086 0 1 906 7
57.25 9086 0 1 906 7
57.375 9086 0 1 906 7
57.5 9086 0 1 906 7
57.625 9086 0 1 906 7
57.75 9086 0 1 906 7
57.875 9086 0 1 906 7
58 9086 0 1 906 7
58.125 9086 0 1 906 7
58.25 9086 0 1 906 7
58.375 9086 0 1 906 7
58.5 9086 0 1 906 7
58.625 9086 0 1 906 7
58.75 9086 0 1 906 7
58.875 9086 0 1 906 7
59 9086 0 1 906 7
59.125 9086 0 1 906 7
59.25 9086 0 1 906 7
59.375 9086 0 1 906 7
59.5 9086 0 1 906 7
59.625 9086 0 1 906 7
59.75 9086 0 1 906 7
59.875 9086 0 1 906 7
60 9086 0 1 906 7
60.125 9086 0 1 906 7
60.25 9086 0 1 906 7
60.375 9086 0 1 906 7
60.5 9086 0 1 906 7
60.625 9086 0 1 906 7
60.75 9086 0 1 906 7
60.875 9086 0 1 906 7
61 9086 0 1 906 7
61.125 9086 0 1 906 7
61.25 9086 0 1 906 7
61.375 9086 0 1 906 7
61.5 9086 0 0 907 7
