t S E I R D
0 9998 0 2 0 0
0.125 9998 0 2 0 0
0.25 9998 0 2 0 0
0.375 9998 0 2 0 0
0.5 9998 0 2 0 0
0.625 9998 0 2 0 0
0.75 9998 0 2 0 0
0.875 9998 0 2 0 0
1 9998 0 2 0 0
1.125 9997 1 2 0 0
1.25 9997 1 2 0 0
1.375 9996 2 2 0 0
1.5 9996 2 2 0 0
1.625 9996 2 2 0 0
1.75 9996 2 2 0 0
1.875 9996 2 2 0 0
2 9996 2 2 0 0
2.125 9996 2 2 0 0
2.25 9996 2 2 0 0
2.375 9995 3 2 0 0
2.5 9995 3 2 0 0
2.625 9994 3 3 0 0
2.75 9993 4 2 1 0
2.875 9993 4 2 1 0
3 9993 3 3 1 0
3.125 9993 3 3 1 0
3.25 9993 3 3 1 0
3.375 9993 3 2 2 0
3.5 9992 4 2 2 0
3.625 9992 3 3 2 0
3.75 9992 2 4 2 0
3.875 9984 10 4 2 0
4 9971 22 5 2 0
4.125 9957 36 5 2 0
4.25 9945 47 6 2 0
4.375 9934 52 12 2 0
4.5 9927 53 18 2 0
4.625 9915 60 23 2 0
4.75 9903 67 28 2 0
4.875 9892 75 29 4 0
5 9877 87 31 5 0
5.125 9866 92 36 6 0
5.25 9859 96 39 6 0
5.375 9850 103 39 8 0
5.5 9836 111 44 9 0
5.625 9825 119 46 10 0
5.75 9812 123 53 12 0
5.875 9805 125 57 13 0
6 9784 130 73 13 0
6.125 9758 148 79 15 0
6.25 9710 192 81 17 0
6.375 9674 215 89 22 0
6.5 9631 246 100 23 0
6.625 9579 292 104 25 0
6.75 9537 323 114 26 0
6.875 9504 341 126 29 0
7 9452 370 148 30 0
7.125 9418 384 158 40 0
7.25 9374 410 173 43 0
7.375 9322 436 196 46 0
7.5 9286 448 215 51 0
7.625 9247 457 238 58 0
7.75 9196 474 267 63 0
7.875 9129 516 286 69 0
8 9049 558 319 74 0
8.125 8994 585 342 79 0
8.25 8912 627 379 82 0
8.375 8808 687 416 87 2
8.5 8803 642 452 100 3
8.625 8802 610 473 112 3
8.75 8800 574 501 122 3
8.875 8797 542 526 132 3
9 8793 499 560 145 3
9.125 8792 457 590 158 3
9.25 8789 429 611 168 3
9.375 8784 407 626 180 3
9.5 8781 388 628 200 3
9.625 8781 357 646 213 3
9.75 8778 334 656 229 3
9.875 8775 314 665 243 3
10 8773 296 673 255 3
10.125 8768 275 681 273 3
10.25 8761 269 684 283 3
10.375 8759 256 686 296 3
10.5 8758 240 694 305 3
10.625 8757 233 691 316 3
10.75 8754 223 693 327 3
10.875 8752 208 691 346 3
11 8748 202 690 357 3
11.125 8747 194 687 369 3
11.25 8747 181 682 387 3
11.375 8746 173 678 400 3
11.5 8740 170 674 413 3
11.625 8737 162 671 427 3
11.75 8735 156 664 442 3
11.875 8733 148 659 457 3
12 8728 141 664 464 3
12.125 8727 128 671 471 3
12.25 8726 119 668 484 3
12.375 8724 112 668 493 3
12.5 8722 109 667 499 3
12.625 8720 107 659 511 3
12.75 8716 104 650 527 3
12.875 8715 96 639 547 3
13 8714 92 630 561 3
13.125 8711 90 618 578 3
13.25 8711 82 610 594 3
13.375 8709 81 605 602 3
13.5 8709 77 598 613 3
13.625 8708 72 597 620 3
13.75 8707 68 591 631 3
13.875 8706 65 583 643 3
14 8704 63 576 654 3
14.125 8703 62 566 666 3
14.25 8702 57 555 683 3
14.375 8701 56 547 693 3
14.5 8700 54 541 702 3
14.625 8699 53 533 712 3
14.75 8697 51 531 718 3
14.875 8696 49 522 730 3
15 8695 45 512 744 4
15.125 8695 44 506 751 4
15.25 8694 43 499 760 4
15.375 8694 37 495 770 4
15.5 8694 34 483 785 4
15.625 8694 32 473 797 4
15.75 8694 29 470 803 4
15.875 8694 27 462 813 4
16 8693 25 458 820 4
16.125 8692 24 449 831 4
16.25 8690 26 440 840 4
16.375 8688 28 432 848 4
16.5 8686 30 419 861 4
16.625 8685 28 412 871 4
16.75 8683 30 402 881 4
16.875 8680 33 391 892 4
17 8679 33 388 896 4
17.125 8678 31 381 906 4
17.25 8677 31 373 915 4
17.375 8677 30 372 917 4
17.5 8676 31 365 924 4
17.625 8675 31 359 931 4
17.75 8675 30 353 938 4
17.875 8672 32 349 943 4
18 8672 31 348 945 4
18.125 8672 28 343 953 4
18.25 8670 28 340 958 4
18.375 8669 28 337 962 4
18.5 8668 25 337 966 4
18.625 8667 25 329 974 5
18.75 8666 26 321 982 5
18.875 8666 23 314 992 5
19 8666 22 310 997 5
19.125 8665 22 298 1009 6
19.25 8664 23 286 1021 6
19.375 8664 21 281 1028 6
19.5 8663 22 275 1034 6
19.625 8663 19 274 1038 6
19.75 8663 19 268 1044 6
19.875 8662 20 264 1048 6
20 8662 18 260 1054 6
20.125 8661 17 252 1064 6
20.25 8659 19 250 1066 6
20.375 8658 19 247 1070 6
20.5 8658 19 242 1075 6
20.625 8658 19 239 1078 6
20.75 8658 19 233 1084 6
20.875 8658 19 228 1089 6
21 8658 19 223 1094 6
21.125 8658 18 221 1097 6
21.25 8658 17 214 1105 6
21.375 8658 15 215 1106 6
21.5 8658 13 210 1113 6
21.625 8658 11 210 1115 6
21.75 8658 11 207 1117 7
21.875 8658 10 198 1127 7
22 8658 10 195 1130 7
22.125 8657 9 192 1135 7
22.25 8657 8 190 1138 7
22.375 8657 8 188 1140 7
22.5 8657 8 184 1144 7
22.625 8657 8 180 1148 7
22.75 8657 8 176 1152 7
22.875 8657 8 176 1152 7
23 8657 7 176 1153 7
23.125 8657 7 168 1161 7
23.25 8657 7 162 1167 7
23.375 8656 8 159 1169 8
23.5 8656 7 157 1172 8
23.625 8655 8 152 1177 8
23.75 8655 6 153 1178 8
23.875 8655 6 151 1180 8
24 8654 7 149 1182 8
24.125 8653 8 147 1184 8
24.25 8653 8 146 1185 8
24.375 8653 7 143 1189 8
24.5 8653 6 142 1191 8
24.625 8653 6 140 1193 8
24.75 8653 6 134 1199 8
24.875 8652 7 132 1201 8
25 8652 7 129 1204 8
25.125 8652 7 128 1205 8
25.25 8652 7 125 1208 8
25.375 8652 6 123 1211 8
25.5 8652 6 120 1214 8
25.625 8652 5 119 1216 8
25.75 8652 4 119 1217 8
25.875 8652 3 120 1217 8
26 8652 3 120 1217 8
26.125 8652 3 115 1222 8
26.25 8652 3 112 1225 8
26.375 8652 2 111 1227 8
26.5 8652 2 110 1228 8
26.625 8652 1 107 1232 8
26.75 8651 1 106 1234 8
26.875 8651 1 103 1237 8
27 8651 1 100 1240 8
27.125 8651 1 100 1240 8
27.25 8651 1 97 1243 8
27.375 8651 1 95 1245 8
27.5 8650 1 93 1248 8
27.625 8650 1 91 1250 8
27.75 8650 1 85 1255 9
27.875 8649 2 85 1255 9
28 8649 2 82 1258 9
28.125 8649 2 79 1261 9
28.25 8649 2 77 1263 9
28.375 8649 2 77 1263 9
28.5 8649 2 76 1264 9
28.625 8648 3 75 1265 9
28.75 8648 3 71 1269 9
28.875 8648 3 69 1271 9
29 8648 3 69 1271 9
29.125 8647 4 68 1272 9
29.25 8647 4 65 1275 9
29.375 8647 4 65 1275 9
29.5 8647 4 64 1276 9
29.625 8647 4 62 1278 9
29.75 8646 5 62 1278 9
29.875 8646 4 62 1279 9
30 8646 4 62 1279 9
30.125 8646 4 62 1279 9
30.25 8646 4 58 1283 9
30.375 8646 4 58 1283 9
30.5 8645 4 59 1283 9
30.625 8645 4 58 1284 9
30.75 8645 3 59 1284 9
30.875 8645 3 58 1285 9
31 8645 3 56 1287 9
31.125 8645 3 54 1289 9
31.25 8645 2 54 1290 9
31.375 8645 1 55 1290 9
31.5 8645 1 54 1291 9
31.625 8645 0 54 1292 9
31.75 8645 0 52 1294 9
31.875 8645 0 51 1295 9
32 8645 0 48 1298 9
32.125 8645 0 48 1298 9
32.25 8645 0 48 1298 9
32.375 8645 0 45 1301 9
32.5 8645 0 45 1301 9
32.625 8645 0 45 1301 9
32.75 8645 0 45 1301 9
32.875 8645 0 45 1301 9
33 8645 0 44 1302 9
33.125 8645 0 41 1305 9
33.25 8645 0 41 1305 9
33.375 8645 0 40 1306 9
33.5 8645 0 39 1307 9
33.625 8645 0 37 1309 9
33.75 8645 0 35 1311 9
33.875 8645 0 35 1311 9
34 8645 0 33 1313 9
34.125 8645 0 33 1313 9
34.25 8645 0 33 1313 9
34.375 8645 0 32 1314 9
34.5 8645 0 31 1315 9
34.625 8645 0 30 1316 9
34.75 8645 0 30 1316 9
34.875 8645 0 30 1316 9
35 8645 0 30 1316 9
35.125 8645 0 30 1316 9
35.25 8645 0 30 1316 9
35.375 8645 0 30 1316 9
35.5 8645 0 30 1316 9
35.625 8645 0 30 1316 9
35.75 8645 0 29 1317 9
35.875 8645 0 29 1317 9
36 8645 0 29 1317 9
36.125 8645 0 29 1317 9
36.25 8645 0 29 1317 9
36.375 8645 0 28 1318 9
36.5 8645 0 27 1319 9
36.625 8644 1 26 1320 9
36.75 8644 1 24 1322 9
36.875 8644 1 23 1323 9
37 8644 1 21 1325 9
37.125 8644 1 21 1325 9
37.25 8644 1 18 1328 9
37.375 8644 1 18 1328 9
37.5 8644 1 17 1329 9
37.625 8644 1 17 1329 9
37.75 8644 1 17 1329 9
37.875 8644 1 17 1329 9
38 8644 1 17 1329 9
38.125 8644 1 17 1329 9
38.25 8644 1 17 1329 9
38.375 8644 1 16 1330 9
38.5 8644 1 15 1331 9
38.625 8644 1 15 1331 9
38.75 8644 0 15 1332 9
38.875 8644 0 15 1332 9
39 8644 0 15 1332 9
39.125 8644 0 15 1332 9
39.25 8644 0 15 1332 9
39.375 8643 1 15 1332 9
39.5 8643 1 15 1332 9
39.625 8643 1 15 1332 9
39.75 8643 1 15 1332 9
39.875 8643 1 15 1332 9
40 8643 1 15 1332 9
40.125 8643 1 14 1333 9
40.25 8643 1 14 1333 9
40.375 8643 1 13 1334 9
40.5 8643 1 12 1335 9
40.625 8643 1 11 1336 9
40.75 8643 1 11 1336 9
40.875 8643 1 10 1337 9
41 8643 1 10 1337 9
41.125 8643 1 10 1337 9
41.25 8643 1 9 1338 9
41.375 8643 1 8 1339 9
41.5 8643 0 9 1339 9
41.625 8643 0 9 1339 9
41.75 8643 0 9 1339 9
41.875 8643 0 9 1339 9
42 8642 1 9 1339 9
42.125 8642 1 9 1339 9
42.25 8642 1 9 1339 9
42.375 8642 1 9 1339 9
42.5 8642 1 8 1340 9
42.625 8642 1 8 1340 9
42.75 8642 1 8 1340 9
42.875 8642 1 8 1340 9
43 8642 1 8 1340 9
43.125 8642 1 8 1340 9
43.25 8642 1 8 1340 9
43.375 8642 1 7 1341 9
43.5 8642 1 7 1341 9
43.625 8642 1 7 1341 9
43.75 8642 1 6 1342 9
43.875 8642 1 6 1342 9
44 8642 1 6 1342 9
44.125 8642 1 6 1342 9
44.25 8642 1 6 1342 9
44.375 8642 1 6 1342 9
44.5 8642 1 4 1344 9
44.625 8642 1 4 1344 9
44.75 8642 1 4 1344 9
44.875 8642 1 4 1344 9
45 8642 1 4 1344 9
45.125 8642 1 4 1344 9
45.25 8642 1 4 1344 9
45.375 8642 1 4 1344 9
45.5 8642 1 4 1344 9
45.625 8642 1 4 1344 9
45.75 8642 1 4 1344 9
45.875 8642 1 4 1344 9
46 8642 1 4 1344 9
46.125 8642 1 4 1344 9
46.25 8642 1 4 1344 9
46.375 8642 1 4 1344 9
46.5 8642 1 4 1344 9
46.625 8642 1 4 1344 9
46.75 8642 1 4 1344 9
46.875 8642 1 4 1344 9
47 8642 1 4 1344 9
47.125 8642 1 4 1344 9
47.25 8642 1 3 1345 9
47.375 8642 1 3 1345 9
47.5 8642 1 3 1345 9
47.625 8642 1 3 1345 9
47.75 8642 1 3 1345 9
47.875 8642 1 3 1345 9
48 8642 1 3 1345 9
48.125 8642 0 4 1345 9
48.25 8642 0 4 1345 9
48.375 8642 0 4 1345 9
48.5 8642 0 4 1345 9
48.625 8642 0 4 1345 9
48.75 8642 0 4 1345 9
48.875 8642 0 3 1346 9
49 8642 0 3 1346 9
49.125 8642 0 3 1346 9
49.25 8642 0 3 1346 9
49.375 8642 0 3 1346 9
49.5 8642 0 3 1346 9
49.625 8642 0 3 1346 9
49.75 8642 0 3 1346 9
49.875 8642 0 3 1346 9
50 8642 0 3 1346 9
50.125 8642 0 3 1346 9
50.25 8642 0 3 1346 9
50.375 8642 0 3 1346 9
50.5 8642 0 3 1346 9
50.625 8642 0 3 1346 9
50.75 8642 0 3 1346 9
50.875 8642 0 3 1346 9
51 8642 0 3 1346 9
51.125 8642 0 3 1346 9
51.25 8642 0 3 1346 9
51.375 8642 0 3 1346 9
51.5 8642 0 2 1347 9
51.625 8642 0 2 1347 9
51.75 8642 0 1 1348 9
51.875 8642 0 1 1348 9
52 8642 0 1 1348 9
52.125 8642 0 1 1348 9
52.25 8642 0 1 1348 9
52.375 8642 0 1 1348 9
52.5 8642 0 1 1348 9
52.625 8642 0 1 1348 9
52.75 8642 0 1 1348 9
52.875 8642 0 1 1348 9
53 8642 0 1 1348 9
53.125 8642 0 1 1348 9
53.25 8642 0 1 1348 9
53.375 8642 0 1 1348 9
53.5 8642 0 1 1348 9
53.625 8642 0 1 1348 9
53.75 8642 0 0 1349 9
